0 5 0.5615866 5.1567636 2.0477254 15.009392 4.4397864 1.5359477 1.8493328 4.802417 -0.12331674 6.6812587
0 5 0.24394687 17.68344 1.5746362 66.02689 4.6114764 1.5321794 1.9406422 3.3889287 -0.015580097 -0.5343658
0 5 0.23822935 -14.253702 2.0162055 59.3844 4.5575023 1.5551018 1.9233146 6.194881 -0.047616564 -2.3908458
0 6 0.21068402 -37.327766 3.2648697 47.261463 4.5483236 1.5670872 1.9429765 1.5441175 0.07044436 0.64884627
0 5 0.20717332 -1.4286448 1.9625461 63.646152 4.674319 1.5716842 1.9580649 2.7676027 -0.04482951 -5.788208
0 5 0.20662762 -1.6177441 2.05475 63.142548 4.6377063 1.5233921 1.9052402 2.6230834 -0.065689914 -6.020142
0 5 0.18705717 5.055911 1.9748178 14.534745 4.443856 1.5186867 1.8204427 4.769344 -0.027853772 6.651462
0 5 0.18612601 -1.6690836 1.9835163 62.97785 4.618372 1.5595143 1.9381838 2.7746663 -0.033742644 -6.780019
0 5 0.182223 18.325764 1.6376059 66.812614 4.7084084 1.5884115 1.9607023 3.1844912 -0.017674971 -2.0731497
0 6 0.18196774 -37.583183 3.1946096 47.56505 4.5505753 1.550119 1.9545453 1.5532595 0.029311905 -0.1868403
0 5 0.16345811 -34.45281 3.0882378 71.6754 4.402172 1.6795013 1.9356319 3.0580118 -0.02853474 0.0020916555
0 5 0.15935983 -1.445879 2.0353143 63.388138 4.622276 1.546842 1.9251834 2.500043 -0.08440919 -5.2803035
0 5 0.15484455 -34.166122 3.0905762 71.58182 4.4146614 1.685628 1.940648 3.098502 0.003938878 -0.0048526432
0 5 0.14993274 46.58435 1.1736939 54.02474 4.960892 1.7522575 2.0659976 3.1817532 -0.033404667 -1.7702309
0 5 0.14734866 -15.255003 2.1770573 64.576836 4.697164 1.548245 1.954531 3.0008938 -0.047966138 -1.2098008
0 5 0.14072908 -15.176237 2.1193447 63.511726 4.7296925 1.5801513 1.9762412 3.0781872 0.03633082 0.6263242
0 5 0.14029013 18.3177 1.4567127 67.24133 4.686149 1.6247733 1.9482855 3.1478586 -0.024809694 -3.7585983
0 5 0.13967614 -14.713337 1.9983447 61.505775 4.5029454 1.5398906 1.8900225 6.1444483 -0.064148664 0.718891
0 5 0.13762145 47.287384 1.2305539 54.7344 4.9362082 1.7633808 2.0516815 3.1748786 -0.054870218 -3.313077
0 5 0.13389038 47.32792 1.1898646 55.03495 5.004005 1.7609512 2.054941 3.2019594 -0.027464787 -1.0795548
0 5 0.12490764 -1.43046 2.0182185 65.17735 4.674497 1.5909423 1.9589386 2.7402167 -0.031742282 -5.6704893
0 5 0.12421078 33.93513 1.534378 63.83383 4.498828 1.571681 1.9384449 3.6116507 -0.07162176 2.1121316
0 6 0.122983195 -38.248463 3.2496386 48.3528 4.516782 1.5736881 1.9317106 1.5291516 -0.06422598 0.83167577
0 5 0.122132435 -15.581732 2.1926663 65.78532 4.6179605 1.5671434 1.9254628 3.0768392 -0.03530824 -1.3422961
0 6 0.12209863 -38.074024 3.2285573 48.121967 4.5284505 1.5556579 1.9457498 1.5473001 -0.0796258 0.5135551
0 5 0.11797407 17.751545 1.5563102 66.293434 4.5936737 1.541302 1.943468 3.3699121 -0.014886376 -0.14348856
0 6 0.116962716 -37.048912 3.2231243 46.99316 4.5252314 1.5515517 1.9293382 1.4758265 0.0034604594 -0.031074878
0 5 0.116703704 47.721485 1.234253 55.36956 4.9896364 1.7333932 2.0462372 3.2103539 -0.04091672 -3.4314702
0 5 0.11588721 17.652328 1.5483061 64.73546 4.709168 1.5710431 1.9770826 3.2297878 -0.017501881 -2.077852
0 5 0.115854256 17.625948 1.5267875 64.9066 4.6562524 1.5956693 1.9547635 3.0241623 0.02425971 -3.6299725
0 5 0.115020305 -1.7163488 1.9617846 63.793636 4.585901 1.568082 1.9389514 2.7083035 -0.044949066 -6.4829063
0 5 0.11441094 -14.180399 1.9878612 59.114307 4.5596595 1.5503649 1.9257969 6.157346 0.02042299 -1.4051527
0 5 0.11225903 33.124348 1.5395787 63.347134 4.470374 1.5664366 1.9342527 3.5180025 0.06068769 3.3396857
0 5 0.11147289 5.437448 1.9574597 15.50048 4.4870925 1.5390974 1.8628343 4.8004065 0.028672492 5.0205846
0 5 0.111455075 -15.314671 2.0650256 64.86771 4.7127223 1.5306613 1.9075568 3.0244064 -0.031177275 -0.75460094
0 5 0.11056952 -1.6400926 1.9793813 61.64157 4.655079 1.5107871 1.8979052 2.553465 -0.044048116 -5.2659874
0 6 0.1104603 -37.895493 3.2109604 48.011753 4.540798 1.5378612 1.9402798 1.4763772 -0.022149306 -0.6954419
0 5 0.101191826 5.5270934 1.9940127 15.941361 4.4137487 1.5443852 1.8489993 4.7542367 -0.0331213 4.0012913
0 5 0.094756514 18.076366 1.4368987 65.95712 4.73645 1.5623218 1.951644 3.259433 -0.024198042 -1.5869348
0 5 0.09166414 -1.7472073 1.9955449 63.28735 4.653281 1.5424794 1.9438648 2.7706401 -0.056043275 -7.1345177
0 5 0.09119413 -14.419212 1.9859002 60.26052 4.5111694 1.5542519 1.8937479 2.9120872 -0.059452496 0.9964597
0 6 0.0901979 -34.346416 3.094223 72.66405 4.417177 1.6800214 1.9394156 3.1359415 0.028981654 -0.013454792
0 5 0.08989055 -15.887606 2.088458 67.09404 4.58104 1.5652009 1.8903855 3.081989 -0.047387786 -0.61738604
0 5 0.089815855 -1.422765 1.9600074 61.60839 4.6137066 1.5035642 1.9020975 2.3781319 -0.086130455 -4.616684
0 5 0.089560516 -34.562805 3.1582196 72.36795 4.369897 1.6927238 1.9369098 3.0867105 -0.012692032 -0.0095678205
0 5 0.08948982 -34.771812 3.0830083 72.01271 4.3606277 1.6534032 1.9221097 3.057409 -0.088076256 -0.041512936
0 5 0.088150136 17.464678 1.6107002 65.32088 4.568923 1.5463132 1.9198887 3.4079025 -0.010262059 -0.007574862
0 5 0.08754621 35.20939 1.4901117 65.83464 4.3549933 1.5861336 1.8676666 6.365494 -0.026300645 4.307388
0 5 0.0852422 17.573622 1.469188 65.728 4.7363133 1.5936885 1.9924705 3.2349734 0.019347655 -1.3976896
0 6 0.08103913 -42.159943 3.4869735 52.714157 4.4188976 1.5936974 1.8945668 1.3538359 -0.061954662 -0.034197815
0 6 0.07801202 48.55097 1.416707 67.372505 4.7182827 1.6851245 2.0191188 6.258543 0.004932532 0.6204139
0 6 0.07796792 -41.440926 3.4667337 52.387447 4.3357596 1.5651761 1.8589061 1.3216178 -0.11704316 -0.06340098
0 5 0.07772944 -1.6121331 2.0226011 61.173157 4.60739 1.507875 1.904888 2.6092498 -0.04526239 -5.403167
0 6 0.07674915 -41.902252 3.3798068 52.366596 4.3662376 1.5581965 1.8827684 1.3473303 -0.081770495 -0.071497455
0 5 0.07634651 -15.216914 2.0472093 63.7514 4.6733823 1.5729278 1.9438417 6.2119045 0.014262931 0.62649614
0 5 0.07592986 -2.0695047 2.0966887 66.3663 4.5736213 1.503068 1.8682412 2.5355492 -0.022531575 -5.6904488
0 5 0.075884305 35.01769 1.4708495 66.6667 4.371101 1.5837691 1.8653913 6.153643 -0.0074814493 4.625428
0 5 0.072989486 18.92606 1.429931 69.242355 4.670827 1.5923043 1.9640021 3.3469086 -0.047342077 -3.2753303
0 5 0.071373664 33.691193 1.5303593 64.34711 4.5079074 1.5563093 1.9294679 3.5765207 0.025045278 2.3299716
0 6 0.070948616 -43.740685 3.5633514 54.323257 4.461482 1.5925623 1.9183547 1.3331447 -0.013696593 0.011880014
0 5 0.07093279 35.504974 1.4815407 65.60328 4.3642282 1.5912728 1.871376 6.338416 -0.0075780526 4.216774
0 5 0.06945107 -15.057227 2.1203938 63.00077 4.6962247 1.5295334 1.9472401 2.9433477 -0.03710023 -1.0130692
0 5 0.06937482 34.983696 1.4590988 69.32581 4.458922 1.6634699 1.9081655 5.6750965 0.13571769 8.990692
0 6 0.065752245 -43.064037 3.4147315 53.464962 4.3963504 1.5502847 1.8922685 1.323076 -0.042364217 -0.15540254
0 5 0.06350662 34.92352 1.4502606 68.93969 4.4065723 1.6523122 1.8810638 5.767857 0.11685296 7.9032207
0 5 0.062164955 -14.6032715 2.1009712 61.24201 4.8327518 1.551278 1.9529203 2.9905357 0.01614266 -0.21950912
0 5 0.06177891 -41.09488 3.5401988 85.8551 4.4833593 1.6861016 1.9767156 6.0913553 -0.015754448 0.4323938
0 5 0.06174331 -1.5603757 1.9330372 62.802574 4.618188 1.5462103 1.910424 2.6959043 0.002820503 -6.5174603
0 5 0.06173715 18.0578 1.5101342 66.20172 4.711023 1.6034638 1.9908568 3.2773652 0.0012096558 -1.3644947
0 6 0.06153782 -34.71668 3.1058125 73.41094 4.3793697 1.6892011 1.9377681 3.125995 0.025286974 0.0014108941
0 6 0.059108853 -39.522354 3.2436671 49.194145 4.4785647 1.5813942 1.9018638 1.4662862 -0.07598201 -0.3307145
0 6 0.058882345 -39.019135 3.1716433 48.518276 4.4940724 1.5758001 1.9253346 1.4885199 -0.07353062 -0.3311376
0 5 0.058272146 -0.8445077 1.7153987 76.26126 4.9490347 1.7309998 2.0615425 2.0278785 -0.07188594 -2.285005
0 5 0.057888053 33.43762 1.5091863 63.73225 4.46404 1.5672847 1.9198158 3.5219193 -0.02121434 3.0058558
0 6 0.057809066 48.1704 1.2608967 66.616714 4.6477284 1.6361897 2.0064569 6.3878236 0.033882722 0.24819443
0 6 0.056612164 -42.76012 3.5583706 54.962803 4.2663836 1.5508224 1.825901 1.2534919 -0.13580242 -0.056096584
0 5 0.055530556 -1.0237036 1.9396667 68.67085 4.636973 1.5676517 1.9377966 2.105029 -0.048509814 -3.5006685
0 5 0.055087082 -14.77925 2.14499 62.53864 4.780429 1.5617404 1.9325491 3.0262847 0.036207296 -0.9914575
0 5 0.05472426 32.960926 1.5438024 62.91317 4.452454 1.5488396 1.9374768 3.5158017 0.04009728 2.3467896
0 5 0.054239623 -35.015114 3.1583061 72.55702 4.3357353 1.653378 1.9148288 3.0309892 -0.055175945 -0.029803837
0 6 0.054178134 -36.84851 3.3059206 46.857464 4.489504 1.5624088 1.9286331 1.5249009 0.102739796 0.09155636
0 6 0.05374636 -43.46163 3.532933 55.945168 4.1800003 1.5386404 1.8007876 1.3339266 -0.124661334 -0.042276457
0 5 0.053626448 17.502901 1.6141508 65.62021 4.5553317 1.5295062 1.9086738 3.4058437 -0.039738487 -0.21975493
0 5 0.053388134 25.871527 1.560123 58.54614 4.559818 1.5141342 1.927788 4.64949 0.09609273 6.087421
0 5 0.05213491 45.349052 1.3676817 52.750366 4.88919 1.7682549 2.063253 3.1783922 0.008697765 -1.5922077
0 5 0.051891975 33.77004 1.5546907 63.0678 4.460317 1.5557766 1.9266495 3.4557307 0.020522943 1.7509378
0 6 0.05167729 -37.295433 3.1995888 48.25991 4.5229626 1.5643775 1.9331288 1.4706302 0.014624955 -0.062764704
0 6 0.051663157 48.079678 1.1345664 66.91461 4.6636214 1.679893 2.015913 6.5058146 -0.002598592 0.99122095
0 5 0.05153111 25.625515 1.6313838 59.77378 4.5414944 1.5110968 1.9232591 5.198363 0.10822602 7.22289
0 5 0.050887655 46.007748 1.1934565 53.663967 4.911803 1.7544315 2.0431943 3.1639283 -0.032257643 -2.5067084
3 5 0.09031679 26.388784 0.422956 77.12577 11.276667 3.1985383 2.876399 1.5418724 0.10214135 0.5133287
3 5 0.08570886 26.404526 -0.1727252 78.294624 11.667572 3.6721053 2.9551032 4.980473 -0.03716334 1.1427257
3 5 0.07015728 25.824783 -0.16969883 77.62171 11.731513 3.6391337 2.958762 4.9912734 -0.021708652 1.0342265
3 5 0.062078193 45.623066 1.4154558 65.63698 6.4053497 1.8852074 2.1639183 3.299644 -0.022631768 -0.10982408
3 5 0.059512082 27.16372 -0.21735644 80.65048 11.688713 3.5953827 2.9802244 4.956653 -0.054810926 1.317251
3 5 0.05708434 25.923111 0.5272602 76.510254 11.408847 3.1982994 2.885725 1.549377 0.09670345 0.76553035
3 5 0.05638686 44.218475 1.4888108 64.013985 7.098794 2.017302 2.2259798 3.1761727 -0.021845154 -0.78870845
3 5 0.05377004 26.415976 -0.26469016 79.66201 11.618205 3.5111814 2.9746552 4.9663825 -0.039306566 1.5111059
7 2 0.2619013 -6.901728 1.9402688 39.82749 0.8015 1.7492977 0.6856176 4.547561 0.06972469 0.6356267
7 2 0.2529908 -6.9567556 1.937568 40.200478 0.81119823 1.7209013 0.6930136 4.560211 0.08764026 0.5366133
7 2 0.17856185 -6.9634547 1.9743477 40.480408 0.845401 1.7672899 0.7059776 4.5266876 0.08393774 0.67663324
7 2 0.15642603 -7.0630965 1.9681487 40.871784 0.8523882 1.7517444 0.70212257 4.508927 0.047372222 1.631203
7 2 0.11675011 -7.008278 1.9051619 40.414455 0.8059218 1.7442646 0.6722776 4.563562 0.14425068 0.74786294
7 2 0.10814748 -6.90152 1.9195089 39.75101 0.79947734 1.759141 0.66156167 4.524781 0.021787474 0.44298747
7 2 0.07667927 -6.8511286 1.9462137 40.99475 0.83704966 1.7737399 0.6827973 4.500767 0.038069382 0.30316207
7 2 0.060828608 -6.945259 1.9519434 41.642517 0.8477772 1.7754909 0.6984655 4.478981 0.04011783 0.6954081
7 2 0.055386063 -6.071063 1.7098422 35.851658 0.75670195 1.7271707 0.64229965 4.148614 0.09895518 0.44355574
