0 7 0.22252817 -23.874016 2.253018 33.026993 4.3487563 1.6288834 1.8479033 5.889755 0.023563525 -0.00017626211
0 5 0.20662045 18.489431 2.5737982 117.26426 4.4061975 1.6373308 1.9088957 4.9389396 0.11862705 9.4110775
0 7 0.16631979 -24.034485 2.2865582 33.17999 4.3570194 1.6242199 1.8464658 5.84684 0.0066797044 0.010745201
0 5 0.13875659 18.252445 2.5069451 116.47099 4.416467 1.6457932 1.9048327 4.915243 0.111897 8.799262
0 5 0.11709017 18.515232 2.6159575 118.48371 4.4284616 1.6104943 1.9208066 4.9195437 0.07602404 10.218864
0 5 0.108111024 -19.927256 2.4014382 59.556133 4.638588 1.7178718 1.9223894 6.011181 0.06334575 -0.47347504
0 5 0.07813715 -25.645468 2.3939314 35.27457 4.2465215 1.5901773 1.8203709 6.2741823 -0.031399142 1.4398181
0 5 0.076371774 -20.500895 2.3811224 60.523838 4.6835384 1.711356 1.9434171 5.984213 0.11700518 0.080898486
0 6 0.06995143 21.406216 1.6654906 24.850271 4.33133 1.5014112 1.8396964 7.5116987 0.030773314 0.70863056
0 6 0.06982551 20.48286 1.6622092 25.486597 4.4091573 1.462421 1.8585691 7.3787208 -0.023228131 1.0991393
0 5 0.06945521 -23.73026 2.2371264 32.84396 4.3315325 1.615506 1.8381189 5.939874 0.013309557 0.021976694
0 7 0.065772235 -24.047586 2.2529595 33.134026 4.3405743 1.6263036 1.8487954 5.582892 0.021793416 0.023960333
0 5 0.064058974 18.233458 2.4815414 115.904335 4.4115086 1.6505412 1.9069498 4.9278197 0.11922642 10.119692
0 5 0.061197054 17.904728 2.3979256 113.88948 4.427923 1.6383117 1.9040982 4.8954015 0.15145041 8.714499
0 5 0.057742447 17.440912 2.6575692 115.32652 4.4152765 1.5892961 1.8962533 4.897385 -0.054975204 7.4488535
0 7 0.054791223 -24.776491 2.329071 33.356167 4.31623 1.6063805 1.827335 6.0763865 -0.03376852 0.016394854
0 5 0.054372523 -25.690058 2.3888931 34.942425 4.220666 1.6057029 1.8146514 6.217895 0.04193479 0.011126641
0 7 0.05400171 -24.736107 2.307619 33.31669 4.350631 1.6107011 1.8398151 5.8555636 -0.043702036 -0.0069547854
0 5 0.05094038 17.370745 2.7117767 114.69344 4.436859 1.5667603 1.8972387 4.891509 0.0014041681 6.9695463
7 2 0.06463499 12.179663 1.8784614 36.197063 0.6014949 1.7672653 0.5868303 4.982454 0.111140154 6.535062
7 2 0.056530513 11.877665 1.9075961 35.119938 0.5796867 1.7681018 0.5860066 4.971168 0.11504734 4.8411
