0 5 0.39197206 42.055756 0.59039944 54.721874 4.775412 1.6617906 1.9993005 4.781825 -0.02137786 3.3172812
0 5 0.34564948 6.6754084 2.1667628 37.82139 4.643512 1.5828725 1.9209963 4.805922 -0.07964244 7.545431
0 5 0.26783347 6.8338857 2.2069957 38.71281 4.622261 1.6038684 1.9136875 4.8291545 -0.025203543 8.008914
0 5 0.20574275 42.62094 0.5895911 55.494717 4.811139 1.6348754 1.9983673 4.7451935 -0.000440998 3.7192538
0 5 0.13300973 41.389297 0.5081668 53.9156 4.817852 1.6201558 2.0134158 4.8236656 0.007901153 3.7741473
0 5 0.12519874 43.072903 0.5923188 56.072483 4.7802577 1.6363561 2.014277 4.7401185 -0.04135273 6.303008
0 5 0.12358403 7.150136 2.2459304 39.742672 4.7581577 1.6164484 1.9836668 4.8588634 -0.041933514 7.228164
0 5 0.10261321 41.83433 0.5877965 54.552334 4.7175694 1.6411359 1.9856983 4.7700973 -0.13953412 6.078641
0 5 0.10127833 42.13474 0.41380283 55.191 4.536442 1.6275271 1.9426066 4.6913433 -0.018258313 0.0067078173
0 5 0.10040632 42.28677 0.49924457 55.039307 4.845349 1.623257 2.0345197 4.7669635 -0.023432298 2.6167042
0 5 0.095073484 29.609474 1.2261147 67.85985 4.7106833 1.6242386 1.9673703 2.947756 0.009027012 -1.5253378
0 6 0.09114537 -31.970133 3.2936623 60.16095 4.6224546 1.6210732 1.9620688 1.7300004 -0.013350898 -2.457013
0 5 0.090716444 31.617855 1.1855823 72.35981 4.3669868 1.6859162 1.890697 2.8823078 -0.011470187 1.6910397
0 5 0.08839195 28.735035 1.1729071 65.08393 4.801168 1.6194443 1.996405 2.942993 0.0074440837 -2.8272135
0 5 0.087592505 28.933538 1.2592224 65.492226 4.7520313 1.6512737 1.9873667 2.9027932 -0.024812566 -2.1691217
0 6 0.086973384 -31.854603 3.2878923 59.097313 4.624105 1.6091592 1.9642551 1.7340629 -0.009816319 -2.5002248
0 5 0.084595464 44.298615 0.35008118 58.44751 4.472119 1.5973244 1.920342 1.6072309 -0.03670168 0.0005952921
0 5 0.08425425 31.454605 1.0873405 71.89955 4.4162526 1.7017757 1.8967161 2.8069274 0.015917594 2.654385
0 5 0.08036749 6.951291 2.263085 39.151054 4.636822 1.6484711 1.9427944 4.752158 0.01536067 9.9316435
0 5 0.075526595 44.86751 0.33391997 59.095257 4.45629 1.6279775 1.9108913 1.5307612 -0.06903971 0.022110745
0 5 0.06955768 41.633125 0.5347927 54.39158 4.8176937 1.6284134 2.0143347 4.815658 -0.018734444 5.3273196
0 6 0.062349524 -32.308216 3.2966042 59.89084 4.6055765 1.6340445 1.9697428 1.6880852 -0.008722927 -2.618205
0 6 0.06048425 -32.393085 3.3714657 61.09206 4.629978 1.6258798 1.967771 1.687913 -0.0023753904 -2.9544463
0 5 0.059179943 6.6913133 2.1556032 38.42917 4.6121397 1.590185 1.9006983 4.803736 -0.17507178 5.0749025
0 6 0.05840041 -33.623722 3.4241004 63.571026 4.548103 1.6589549 1.9673108 1.563508 -0.059543297 -4.862678
0 5 0.05823998 7.425409 2.1231723 43.797813 4.657482 1.639016 1.9413309 4.868939 0.066501334 8.810465
0 5 0.05787091 28.725538 1.1330186 65.721756 4.70394 1.6004008 1.9595914 2.83651 -0.0760795 -2.6951907
0 5 0.057611343 29.022074 1.1820505 66.43726 4.6828628 1.5987974 1.949836 2.8471818 -0.055693053 -2.3348947
0 5 0.05535577 41.050213 0.8829697 71.09673 4.287681 1.6048201 1.8837466 4.8036413 -0.010799542 3.1051612
0 5 0.055303294 40.648914 0.922763 71.10976 4.253585 1.603313 1.8680382 4.7191997 -0.047657184 3.3909638
0 6 0.055196524 -36.815865 3.5973024 72.34963 4.554868 1.6424657 1.937705 1.5502536 -0.0439775 -4.1478815
0 5 0.054654527 7.33688 2.2541335 42.173527 4.818144 1.6827215 2.013808 4.7831 0.08298016 8.7368555
0 5 0.052536238 42.2386 0.7380428 72.62584 4.930049 1.8097899 2.0657358 6.6536484 -0.018093927 2.0376136
0 5 0.05244571 9.718691 1.8471191 62.80844 4.179942 1.636886 1.5800322 4.8915176 0.04488168 10.796234
0 5 0.050392892 30.477663 1.2042948 68.14052 4.712943 1.5995395 1.9393411 2.9936955 -0.021443868 -2.9845848
0 6 0.050382663 -33.324604 3.4197853 63.969063 4.5593805 1.6559261 1.9694929 1.5414381 -0.052594937 -4.8802633
0 6 0.05029957 -34.813168 3.443935 64.773865 4.537125 1.6530223 1.9541619 1.6144418 -0.04622873 -4.3595705
3 5 0.0613475 -40.327972 2.9942465 96.40934 12.124957 3.8556726 2.9007692 1.4211693 0.028070645 -1.1514456
3 5 0.05583401 -40.21697 2.938116 95.13382 11.958125 3.9172945 2.8624003 1.3771935 -0.008911595 -1.1877077
7 2 0.188804 -5.669065 2.155996 62.00671 0.7257203 1.7530509 0.61784846 1.5698318 -0.008956919 -1.2855848
7 2 0.1606867 -5.63457 2.1005793 61.717712 0.7121457 1.736905 0.59624815 1.5410078 0.0054716207 -0.5280051
7 2 0.11185633 15.124166 1.7676802 56.923378 0.62981355 1.7406288 0.55233634 4.810264 0.0943842 0.1092662
7 2 0.09967314 15.344681 1.6857533 57.67066 0.64947027 1.7317473 0.5794709 4.810287 0.068784446 0.018344853
7 2 0.09108908 -5.809033 2.1724813 63.57427 0.7387694 1.77276 0.6228072 1.5870211 -0.040846743 -1.0746102
7 2 0.08562024 -5.6387086 2.191033 62.214825 0.71731293 1.7454355 0.5903889 1.6092453 -0.081543475 -1.2291744
7 2 0.08376118 15.017248 1.7410017 56.707104 0.6460479 1.7124505 0.5605369 4.794053 0.07963528 -0.16322133
7 2 0.07762587 -5.582156 2.122475 61.32175 0.6913287 1.7412282 0.5753415 1.5954388 -0.06698483 -0.7021509
7 2 0.07697646 15.156168 1.692018 57.188503 0.63079333 1.678461 0.57527775 4.784602 0.07013881 0.056583747
7 2 0.07281048 -5.808454 2.1450472 63.402225 0.7528313 1.7449965 0.60891193 1.5639795 -0.00871214 -0.7442452
