0 5 0.42410538 7.3135962 1.8910319 48.83478 4.4814134 1.5197523 1.8872769 4.778564 -0.05929906 6.150844
0 5 0.22558309 -18.54953 2.4834938 21.853708 4.4903574 1.6396893 1.8670008 1.9643507 -0.12576033 -1.5053309
0 5 0.2238936 7.381296 1.8839825 49.424908 4.465504 1.4983921 1.8822627 4.8150253 -0.019291364 6.166275
0 5 0.22052601 7.2452617 1.885993 48.329525 4.4509687 1.546443 1.8815624 4.7825 -0.054034553 6.2628155
0 5 0.21885552 -18.196417 2.4392915 21.380157 4.4304066 1.6398869 1.8620375 2.0047812 -0.1016617 -1.2805517
0 5 0.11583203 34.826534 0.6266767 69.61018 5.4221816 1.9621876 2.113675 3.9855182 0.0047026984 -0.3309543
0 5 0.11528568 32.909702 0.99243295 77.39265 4.3624525 1.5365915 1.909844 3.3807611 -0.046135582 -0.015442053
0 5 0.0995132 33.0594 0.89761317 78.1833 4.342456 1.5275387 1.8955338 3.3728504 -0.07911022 -0.008152768
0 5 0.09719846 32.557438 1.1028192 75.4145 4.565286 1.5883007 1.9397777 3.4670875 0.008710157 0.010834586
0 6 0.09679409 -27.886135 2.6673193 59.81452 4.721204 1.5992323 1.9384704 1.8079785 -0.016547767 -3.0368857
0 6 0.09276657 -28.173523 2.6334085 59.739616 4.665143 1.6015623 1.9361508 1.8003798 -0.045283396 -3.6246018
0 5 0.08744783 32.73271 1.0483848 76.33038 4.526162 1.5683159 1.9192812 3.4599364 0.0069543887 0.055582993
0 5 0.086687095 50.986763 0.6387958 74.47812 4.5003586 1.6008577 1.9526857 3.4917982 -0.02216111 0.04365825
0 5 0.08618428 50.618816 0.6365167 74.715126 4.4714994 1.6049824 1.9349729 3.4755464 -0.030202337 0.0073067937
0 5 0.08452699 -17.847754 2.5055509 21.122217 4.3876085 1.6232324 1.8618289 1.9967368 -0.041326664 -0.04647768
0 6 0.08366361 32.67726 0.98009044 76.89659 4.35768 1.5298558 1.9065084 3.3725178 -0.02888963 -0.009404699
0 5 0.07883082 32.919018 1.107043 76.0785 4.568883 1.5566014 1.9383684 3.4749033 -0.050991684 0.032020338
0 5 0.07407596 34.12004 0.7827082 70.73194 5.0354013 1.7827193 2.026971 3.661162 0.0075580142 -0.017770225
0 6 0.069832854 -28.53929 2.6018043 60.416286 4.689419 1.607674 1.9529241 1.7941091 -0.040958084 -3.7846189
0 5 0.06881748 32.545982 1.0389887 76.08989 4.3545628 1.5231677 1.9160857 3.3952541 -0.03247274 -0.010092968
0 5 0.06657261 35.148945 0.6230168 69.94791 5.389436 2.0017889 2.0957594 3.8934264 -0.021534204 -0.1781272
0 5 0.066355586 34.679276 0.595081 69.21185 5.47135 1.9860729 2.109224 4.1114583 -0.003522655 -0.56743115
0 5 0.06419182 -19.194492 2.564637 23.061735 4.620604 1.8302547 1.8561606 2.0773027 -0.06931078 -1.3597347
0 5 0.062992305 46.953335 0.36306843 69.27634 4.2292314 1.5738748 1.8686723 3.3881402 -0.03996413 -0.027510336
0 5 0.060465105 32.703262 0.8886178 77.280205 4.3263707 1.5223292 1.8954757 3.345161 -0.061164856 0.008999355
0 5 0.059962094 47.06205 0.34708807 69.55667 4.198998 1.5701393 1.85993 3.3591619 0.0019008182 0.0098555125
0 5 0.05953962 -21.27066 2.1806154 27.628344 5.057563 2.1158712 1.9675395 5.5764017 0.006536944 -0.026647093
0 5 0.057533648 7.8411193 1.9185264 51.741165 4.6135526 1.5760568 1.965119 4.7782025 -0.0038111927 6.9723616
0 5 0.057531886 34.08873 0.75820094 72.03789 4.850134 1.7147957 1.972415 3.5735795 -0.026451573 0.027792577
0 5 0.056761473 50.18056 0.56045836 73.23501 4.4575768 1.6055257 1.9428946 3.3749573 0.016665192 0.007330669
0 5 0.055665813 52.04715 0.5860911 76.5247 4.4481854 1.5646452 1.9221416 3.4220266 -0.03568726 0.02711825
0 5 0.054395124 -21.155027 2.0151553 28.926289 5.0759106 2.210003 1.9708205 5.7644005 0.022106191 -0.027472544
0 5 0.054309547 47.43806 0.38196045 70.410545 4.1704865 1.5808355 1.8568869 3.345067 -0.077335335 -0.018924385
0 5 0.05418282 50.045826 0.5289023 73.86496 4.4561715 1.6150799 1.9293585 3.3657613 -0.020051254 0.0024975203
0 5 0.051706944 47.282677 0.40824342 70.1638 4.212231 1.5853901 1.8618803 3.3783388 -0.07897341 -0.029112441
0 5 0.05065345 32.15473 0.6264476 38.3391 4.3948207 1.6217037 1.9095416 3.3684807 -0.058254316 -0.0033677071
7 2 0.1746834 -4.6265974 1.6681958 69.10155 0.60374165 1.7699429 0.557634 1.63934 0.021165716 -1.179782
7 2 0.14572234 -4.7388196 1.689014 69.51067 0.6115357 1.7375256 0.56977516 1.6275256 -0.046218105 -1.9287205
7 2 0.09926146 -4.6881576 1.680011 69.66491 0.6804932 1.7461008 0.6018058 1.6471583 -0.01236058 -0.5640969
7 2 0.090216644 -4.6978765 1.6333773 69.820015 0.6999252 1.7448868 0.6292133 1.6447922 0.024249492 -0.9040652
7 2 0.07707809 -4.731785 1.6391279 69.96883 0.6120556 1.7561963 0.57594144 1.6319757 -0.12337124 -0.9739642
7 2 0.0695378 -4.819285 1.6479707 70.55247 0.60984576 1.7880324 0.5726052 1.6459512 -0.08660439 -0.8624737
7 2 0.058073018 -4.6825523 1.6620426 70.44718 0.6732598 1.7560723 0.57998884 1.6649566 0.06774153 0.85433346
