0 5 0.26703548 -24.811234 2.2167082 33.45205 4.393656 1.5383564 1.8457252 1.6655488 -0.07161389 -0.89785576
0 5 0.19789992 -25.175985 2.279164 33.93399 4.3978243 1.539174 1.8437136 1.6801758 -0.05724433 -0.44492692
0 5 0.13340583 -24.618639 2.1782608 33.289146 4.374678 1.5314057 1.8368839 1.6555891 -0.03723464 -0.008236665
0 5 0.1286188 -27.226439 2.4596748 36.60407 4.3198247 1.5259881 1.8303567 1.5358725 -0.029084671 -1.5771774
0 5 0.11330052 17.515991 1.1333362 108.06651 4.604779 1.6760662 1.9584848 4.8368173 0.012225222 13.16036
0 5 0.09933726 -18.618189 1.580025 59.299824 4.4416184 1.6667215 1.8815236 5.925077 0.11707858 0.1164482
0 5 0.0980374 17.204008 1.1717997 105.81393 4.527882 1.678964 1.9434717 4.9193416 0.040213846 13.152754
0 5 0.09736321 -19.010405 1.6153321 60.80481 4.464749 1.6798961 1.9027208 5.9599233 0.05031021 0.014611587
0 5 0.095933504 17.567146 1.0744876 108.72728 4.5707846 1.681879 1.9449496 4.8713984 -0.015158068 12.139477
0 5 0.09136745 -24.424759 2.2185845 32.976063 4.3673162 1.530551 1.8430264 1.6454189 -0.045570996 -0.00816682
0 5 0.08906227 -26.645754 2.4283905 36.08816 4.443371 1.5458305 1.8722545 1.5547227 -0.05729699 -2.6999557
0 5 0.07745778 17.260181 1.1104412 106.258766 4.535915 1.6825287 1.9378501 4.913882 0.033797227 11.915547
0 5 0.07425741 -26.05481 2.3893883 35.32443 4.3427916 1.5221874 1.8293171 1.5743523 -0.064003445 -1.7285701
0 5 0.067920946 -18.895973 1.5411546 62.22568 4.411345 1.6367153 1.8582932 6.024065 0.061293267 0.028971862
0 5 0.06694254 -26.972687 2.427494 36.423542 4.467739 1.5474665 1.8825141 1.5396967 -0.048134446 -2.2948873
0 5 0.061146848 -19.015762 1.630934 60.528202 4.5156746 1.6549726 1.8962209 5.937666 0.07808339 0.1122772
0 5 0.059719577 16.995562 1.1161505 100.765724 4.5489736 1.7113837 1.9531627 4.9489946 0.05660177 11.439871
0 5 0.05819154 -19.1989 1.6318743 61.686672 4.541361 1.6769168 1.9128067 5.94097 0.074634634 0.10197476
0 5 0.05541508 -12.60383 1.3907886 49.485584 4.391781 1.7884074 1.6396784 3.2247696 -0.087177634 -0.10637609
0 5 0.052592978 17.63456 1.0916749 109.76894 4.617419 1.6761774 1.9034127 4.794244 -0.03578863 12.99827
0 5 0.05170687 17.888247 0.94887555 81.59222 4.667441 1.6842971 1.9187944 4.928074 0.016162021 6.648121
7 2 0.11746587 -7.258015 1.6536856 28.53616 0.5046433 1.6528397 0.5082543 3.4039583 -0.07822771 0.052695923
7 2 0.116353646 -7.2495246 1.6413604 28.479853 0.5229323 1.6573663 0.5164053 6.4599137 -0.11209434 -0.10607664
7 2 0.07653406 -7.043277 1.6322515 27.789827 0.5221257 1.6608337 0.52506924 6.6134825 -0.15473105 -0.11086226
7 2 0.060659546 -7.3850083 1.6581678 29.150639 0.54553515 1.6694064 0.53065974 3.4042404 -0.15373114 0.16081604
7 2 0.053620204 -7.3165436 1.6537566 28.947021 0.53325176 1.6625121 0.5215787 3.5356581 -0.114558704 0.10081829
7 2 0.053054426 -7.2914457 1.6996018 28.59151 0.50810176 1.6483752 0.5026221 3.4743087 -0.11254683 -0.29638857
7 2 0.052521516 -30.913553 1.780895 54.182083 0.5111519 1.6723158 0.5672925 1.5275164 -0.11446512 -0.08829781
