0 5 0.4075357 7.022885 1.8917227 44.197876 4.566448 1.5226817 1.9025897 4.749043 0.007893665 5.9813504
0 5 0.2670316 40.398968 0.65917736 56.15248 4.614069 1.6434875 1.9623528 3.3523731 0.01978266 -0.054604128
0 5 0.16928364 30.130772 0.93664634 70.34419 4.3225856 1.5410757 1.9066929 3.3064432 -0.083043516 -0.015151982
0 6 0.16127804 -29.15661 2.7385645 59.134636 4.5383353 1.6078043 1.943748 2.2332633 -0.017351065 -0.03653059
0 5 0.15990083 40.41421 0.61447513 56.45869 4.6044164 1.6544704 1.963022 3.307745 -0.06854334 -0.83783984
0 5 0.15889859 34.80162 0.29065728 67.50339 5.217418 1.8563396 2.0809965 3.6293726 0.0048635975 -0.48378408
0 5 0.15214661 40.09034 0.63267064 55.78837 4.5940742 1.6308424 1.9533168 3.2889957 0.011985177 -0.015177355
0 5 0.13716356 7.146205 1.8925166 44.983376 4.590561 1.5500623 1.9090995 4.7716 -0.12738019 5.446843
0 5 0.13555363 31.134203 1.0079967 71.142006 4.5727506 1.5966164 1.9473946 3.2865133 0.025052128 -0.29521987
0 5 0.122049786 31.002386 0.99098796 70.760445 4.4778543 1.566638 1.9199325 3.3074436 -0.0007474851 0.0007438585
0 5 0.12001917 30.653814 0.91113013 71.04488 4.4953065 1.5871348 1.924031 3.366649 0.0018609613 -0.34199098
0 5 0.11042162 31.092783 1.0456825 71.84351 4.5238895 1.5630041 1.9358122 3.290558 -0.03364318 -0.52604645
0 6 0.11003629 -29.357157 2.7216034 59.48061 4.5746536 1.6069344 1.9541862 2.2194247 -0.005746967 0.0015409347
0 5 0.10917418 29.910433 0.9392711 69.54817 4.3563533 1.5370505 1.9104263 3.316366 -0.048429634 -0.019657573
0 5 0.104164556 31.37446 0.8558626 72.46028 4.4503427 1.5802765 1.9135358 3.353972 0.03295324 -0.03979758
0 5 0.102585085 6.8228197 1.8906032 43.34662 4.527646 1.5208848 1.8925143 4.796055 -0.115649275 6.900551
0 5 0.097664915 34.43925 0.43052226 66.721466 5.205228 1.8821213 2.0748928 3.5767503 -0.047465533 -0.9444984
0 6 0.09582206 -29.558691 2.6867077 59.722923 4.549769 1.6077402 1.9503638 2.2321315 -0.006224742 0.00043630227
0 5 0.09087434 35.03888 0.25652152 68.10092 5.2770343 1.8561467 2.0797741 3.5122771 -0.0064026676 -0.44873077
0 5 0.089307904 30.151287 0.8412683 70.89558 4.275469 1.5473256 1.8884811 3.2776425 -0.0635399 -0.008375055
0 5 0.0805487 30.001554 0.9630026 69.82118 4.359541 1.5443681 1.9142945 3.3348503 -0.049712762 -0.0072245635
0 5 0.078297764 40.18338 0.56406045 55.97247 4.6129055 1.6319264 1.9609234 3.3797085 -0.052459538 -0.0041195415
0 5 0.07740056 7.3533497 1.9287341 46.81083 4.5401278 1.5641421 1.9281054 4.7267575 0.004021706 9.156814
0 6 0.07669139 -16.056725 1.5561053 19.025389 4.4587426 1.8183092 1.8862544 5.506852 -0.04210484 -0.048357654
0 5 0.0765655 -24.16221 2.375301 88.3272 4.6445875 1.6460552 1.9502795 4.892452 0.01052637 7.3822837
0 6 0.074736774 -27.499025 2.629804 56.83577 4.5316634 1.6451507 1.9468299 1.7710135 -0.05310881 -1.4211271
0 5 0.07324167 34.68308 0.38939637 67.02465 5.230487 1.8906366 2.07679 3.6443305 -0.015968932 -0.07268539
0 5 0.071939334 42.296467 0.29108137 59.50036 4.3235765 1.5465932 1.8888927 3.405588 -0.06434238 -0.010844009
0 5 0.071294375 35.221 0.28999388 67.783195 5.267186 1.8951603 2.0703862 3.617495 0.00454198 -0.41973546
0 5 0.07017592 36.302174 0.7692787 49.43607 4.3733935 1.5907805 1.9006 3.3093052 -0.025576474 -1.1780435
0 5 0.06800521 39.052414 0.57294977 53.09233 4.540763 1.6522535 1.9257509 3.3647618 -0.0064741783 -0.03396523
0 6 0.06656602 -27.738493 2.6261435 56.71992 4.538547 1.6657418 1.9506365 1.8059032 -0.061565667 -1.548997
0 5 0.06579898 7.6057 1.9457567 47.07529 4.578034 1.6024457 1.9504609 4.829271 -0.01700746 7.6836467
0 5 0.061962962 -23.933836 2.343206 88.372696 4.632823 1.6311593 1.9516909 4.8801336 0.019494364 6.1473494
0 5 0.061890576 -24.555695 2.42456 89.51778 4.6443996 1.6560704 1.9576858 4.9042735 -0.017754516 6.955409
0 6 0.06121359 -17.037354 1.7227416 20.283937 4.5422587 1.8735924 1.9133134 5.5342274 -0.03863942 -0.018974973
0 5 0.06062524 37.638626 0.7218961 52.611225 4.3486323 1.6091428 1.9015759 3.210563 0.018734632 -0.70869637
0 5 0.059870794 39.1541 0.70617735 50.610016 4.3609185 1.5941627 1.9043556 3.2696595 -0.006309646 -0.5599628
0 7 0.059730276 33.689175 -0.6673249 94.7289 4.550024 1.9220946 1.931702 5.3562026 0.0023284964 2.9164605
0 5 0.057734545 -24.738375 2.4343085 88.21406 4.7228923 1.7541566 1.9983087 5.3500485 -0.061455883 5.2482033
0 5 0.05695564 7.5339565 1.9259858 46.482143 4.5800123 1.629038 1.9347866 4.8076954 -0.046354696 8.064538
0 5 0.056151047 -24.428907 2.3767235 87.18961 4.646016 1.6801149 1.9637761 5.6067615 -0.053691752 5.258975
0 5 0.05542848 -25.316841 2.5039475 86.474686 4.83434 1.8181459 2.034229 6.35961 -0.076566145 1.68093
0 5 0.05480992 -24.480003 2.427564 83.70379 4.6302595 1.6993057 1.963535 6.285057 -0.07994427 1.9036839
0 5 0.05060889 30.609138 0.903679 70.78076 4.559033 1.5715468 1.9440786 3.3429503 -0.007805855 -0.40604296
7 2 0.12726699 -5.4121366 1.8707976 70.562065 0.75021094 1.7964091 0.62406164 1.5777142 -0.01922948 -1.3351027
7 2 0.12021785 -5.441615 1.8712196 70.471375 0.72946054 1.7958658 0.63077414 1.5686443 -0.017370569 -0.9792282
7 2 0.086262606 -5.2890615 1.8245208 69.093704 0.7778918 1.8208889 0.6841925 1.5906647 -0.016175527 -1.2517644
7 2 0.08254624 -5.3317523 1.9030087 69.643585 0.7409559 1.7991277 0.63873625 1.5916171 -0.073513255 -1.8052504
7 2 0.051901467 -5.454136 1.836551 70.944954 0.7796421 1.779269 0.61547816 1.6080748 -0.02862665 -0.62446415
7 2 0.05067223 32.888943 -0.693845 53.7411 0.62950784 1.8684963 0.5776172 6.755096 0.010754099 0.09758206
8 8 0.08512725 15.325167 1.2038127 20.304264 0.32632998 1.0721887 0.32069212 1.5315697 0.007026624 0.018227011
8 8 0.07670028 15.086642 1.2866706 19.992949 0.332715 0.9414603 0.32014912 5.099634 0.0020454377 0.023793012
8 8 0.06550549 16.113167 1.1114161 21.338684 0.35360155 1.1323861 0.36430523 4.4722877 -0.029236916 0.0014511105
8 8 0.064635776 15.096711 1.1559279 20.076694 0.30045265 1.0053726 0.3060831 7.6709313 0.012503469 0.05758074
8 8 0.06448383 14.794023 1.2411216 19.710472 0.30922297 0.88099706 0.30496076 5.0402946 0.01351052 0.05039814
8 8 0.063349806 23.055634 1.133656 26.438015 0.3871423 0.940985 0.3691109 6.7395396 -0.006238118 0.0031054504
8 8 0.062881954 15.7127285 1.3593644 20.695312 0.32363963 0.96309465 0.30878812 1.9710841 0.013323832 0.025664609
8 8 0.060120467 14.969544 1.3960894 19.853664 0.33946672 0.8060792 0.30829534 2.5821652 0.03496927 0.045136467
8 8 0.060044035 24.440311 1.1795679 27.670553 0.41829896 1.0028245 0.42394117 3.410563 0.0026360694 -0.003755983
8 8 0.05846724 15.65259 1.2647402 20.623846 0.32446623 1.1042488 0.31738088 1.5022109 0.0095457025 0.010796122
8 8 0.05513025 22.675789 1.0930176 26.292156 0.36109298 0.8912944 0.3823561 6.7257032 0.0011889432 0.0075312983
8 8 0.05506743 22.347143 1.1552964 25.625458 0.38204327 0.9401839 0.3430955 6.7781157 -0.011545439 0.009915125
8 8 0.052620698 23.709581 1.2150892 26.839592 0.4001875 0.9865434 0.40066338 3.5813382 0.0020118747 0.04261095
8 8 0.052569237 22.283617 1.1126525 25.880226 0.35577595 0.8744633 0.35169226 6.788334 0.013151074 0.035074968
8 8 0.051757377 15.576534 1.099357 20.691721 0.3434667 1.1170745 0.3327358 4.411659 -0.023100499 0.03877323
8 8 0.050536644 15.746265 1.4542435 20.686655 0.3244347 0.81863266 0.29097798 2.7382793 0.005797688 0.038543522
8 8 0.050268818 14.392656 1.3450539 19.231682 0.3294618 0.77623993 0.30259866 5.5609393 0.033754945 0.04314813
