0 5 0.15831052 15.799088 2.6354482 104.31445 4.4639087 1.5849706 1.9372023 1.7644874 0.0066721607 1.9247178
0 5 0.12129631 15.766958 2.6782694 103.85803 4.4586816 1.5689071 1.9262716 1.7382507 0.050673716 4.8405704
0 5 0.11232645 15.611391 2.601582 103.51782 4.4356112 1.5819546 1.9268816 1.7658552 0.081522554 2.2960021
0 5 0.10850278 15.4493065 2.6597178 102.640175 4.4494405 1.5832103 1.9091328 4.9072547 0.0919078 5.2893653
0 5 0.10127852 -27.69542 1.9805398 33.13867 4.3865643 1.6519946 1.8828434 6.1517825 0.039475642 0.038905792
0 5 0.09027227 -28.48141 2.061701 34.74494 4.461927 1.675917 1.8990481 6.1822767 0.08408369 0.078252934
0 5 0.08832706 -29.97241 2.9518292 56.241264 5.0357466 1.9971826 2.0734122 5.769011 0.19506913 0.16883382
0 5 0.08700581 -29.64302 2.9788303 55.98435 5.0380125 2.0298867 2.0790164 5.8383026 0.1750282 0.12525669
0 5 0.07865777 -29.534166 2.200292 37.0023 4.4206862 1.6680026 1.8946431 6.1689906 0.105516076 0.156762
0 5 0.06094568 -30.334776 2.2993112 38.718212 4.3240085 1.6179268 1.8550434 6.178903 0.11127054 0.20285442
0 5 0.057911806 16.192999 2.6499305 106.91261 4.447962 1.5722803 1.932338 1.7385948 -0.06652728 1.2336819
0 5 0.057250082 -30.249575 3.0323243 56.668015 5.110178 2.0052302 2.0819895 5.7493286 0.22879696 0.25248078
0 5 0.056026224 -26.7042 2.046703 31.946335 4.435503 1.6394721 1.8650668 6.239979 0.04447376 0.008531552
0 5 0.0540547 -28.16672 2.1218183 34.342834 4.4917855 1.6868936 1.9066912 6.3154073 0.07608292 0.0018950086
0 7 0.053520817 -28.297709 2.1797318 35.496807 4.468545 1.6633552 1.9104201 6.3472443 0.09641635 0.08945116
0 7 0.052754458 -28.405542 2.0350854 33.93837 4.3780217 1.6451864 1.8857813 6.149007 0.08558028 0.09115233
