0 6 0.32456863 -24.75613 2.3803735 37.692886 4.4332867 1.5558934 1.8645259 1.7340975 -0.04199933 -0.0035886858
0 6 0.20624901 -24.907885 2.3982759 37.90009 4.4313016 1.5238833 1.8660421 1.7509135 -0.037833065 0.018026639
0 5 0.15465793 -20.018627 1.8948066 43.80285 4.4913926 1.6779605 1.9182881 4.948864 0.04602781 0.029127128
0 6 0.14546369 -26.40762 2.467977 40.310524 4.3633003 1.5496593 1.842485 1.6251717 -0.056910202 -9.843521e-05
0 5 0.12354228 17.62641 1.2028995 103.99848 4.4875336 1.7078034 1.9328257 4.923172 0.062447004 9.093037
0 6 0.12081211 -23.769331 2.1324432 27.727737 4.37997 1.6520562 1.7965407 1.7237172 -0.13673317 -0.047587894
0 6 0.11848338 -24.831192 2.3688293 29.03349 4.5755405 1.7367315 1.9303722 1.8320618 -0.08171121 -0.049396977
0 6 0.11386782 -24.491192 2.375556 37.45786 4.3364067 1.5620552 1.8449724 1.767402 -0.052776508 -0.015385651
0 6 0.11155796 -23.623405 2.1496096 27.545975 4.3953223 1.6161625 1.8170925 1.7134466 -0.0938146 -0.045406118
0 6 0.110614866 -24.411785 2.3235757 37.222683 4.4120364 1.4971548 1.7936069 1.5895624 -0.040290214 -0.011393576
0 6 0.11029407 -27.125338 2.4735608 41.370193 4.347819 1.5366713 1.7880372 1.605802 -0.0064692833 -0.029908536
0 5 0.09907608 -20.357733 1.8956378 44.27983 4.444053 1.6833745 1.8976845 4.92731 0.012150656 0.010917351
0 5 0.09573615 -20.200693 1.9154501 44.613033 4.512789 1.6263016 1.9108601 4.9672446 0.07626782 0.03197538
0 5 0.08443051 18.270168 1.2080371 108.56881 4.5638566 1.703621 1.9278628 4.818744 0.0045949165 8.830716
0 5 0.07743902 18.16719 1.197557 108.10506 4.530645 1.7063293 1.9269388 4.8470592 -0.004045274 7.8122864
0 5 0.076824434 17.104836 1.2021375 100.25902 4.464261 1.7328472 1.9322226 4.9391923 0.08917904 7.860336
0 6 0.07283875 -25.264584 2.236231 38.648544 4.3249407 1.5111381 1.8251092 1.6589948 -0.10406002 -0.026826633
0 6 0.07277631 -34.891743 2.722578 54.033257 7.282515 2.3739777 2.219564 1.3990548 -0.020489378 -0.68052626
0 6 0.06438131 -25.005863 2.352256 29.460627 4.5700436 1.728783 1.920603 1.8488007 -0.011987321 -0.035336588
0 5 0.06341694 19.57633 1.1938888 89.51905 4.5851517 1.7245247 1.9533828 4.9055824 0.01660387 7.1362824
0 5 0.061819192 17.363907 1.1562134 101.87177 4.4850655 1.7065711 1.9282587 4.9516525 0.06602831 6.9254284
0 5 0.0559194 17.831402 1.1611218 90.827286 4.576313 1.7194446 1.9419847 5.005893 0.054173827 4.341926
0 6 0.055904873 -23.772861 2.1496384 28.299267 4.3362837 1.6559222 1.8104175 1.754982 -0.13363655 -0.03898462
0 5 0.055764984 -20.883266 1.948426 48.06806 4.4471536 1.6185334 1.8897312 4.9659214 0.10582262 0.08434642
0 5 0.053556647 16.863192 1.1608205 93.38233 4.503405 1.7522788 1.9397103 5.0426965 0.086933844 5.8072324
0 5 0.052908737 19.028284 1.0789056 86.725876 4.605817 1.7224395 1.9497732 4.8922963 0.047131374 9.200465
3 5 0.070905715 -27.3831 2.0893323 58.674 10.418334 3.2334697 2.5980392 1.6200919 0.018565802 -0.08403386
3 7 0.062973864 -47.018494 1.9062716 75.50311 10.96621 3.4684372 2.7124026 0.83419216 -0.0020162323 -1.256524
3 7 0.061787315 -46.779236 1.6316733 75.312546 10.56381 3.4557388 2.727865 0.9927025 -0.011014869 -1.8230882
3 7 0.05477511 -46.76312 1.9003341 75.94573 11.245243 3.460118 2.7195017 0.8261401 0.012613216 -1.4497763
7 3 0.06428344 -13.382528 1.9889591 33.787544 0.47072288 1.6257174 0.49679792 1.7050877 -0.026929785 0.107047476
7 3 0.06291531 -12.620339 1.9471334 57.86626 0.41717905 1.7082436 0.47552902 4.8673997 -0.10363778 0.07972727
7 3 0.060437176 -13.342519 1.9766643 34.370087 0.4792275 1.6107749 0.49215907 1.7067015 0.0049819555 0.13651153
7 3 0.057938848 -17.50571 1.937842 69.05636 0.5438144 1.7240236 0.49463373 5.179737 0.12826398 0.24072146
7 3 0.055024035 -13.610767 1.9516149 61.947483 0.4254817 1.7410325 0.4723943 4.862485 -0.068678334 0.155687
7 3 0.053855043 -13.484242 1.9887602 35.652054 0.46153143 1.6024326 0.4936816 1.7349681 0.0264891 0.12951899
7 3 0.05244642 -17.63351 1.9144123 69.57378 0.5043923 1.7522172 0.50323474 5.106315 0.13267924 0.2779493
7 3 0.051529467 -13.136546 1.9845235 60.226017 0.44508463 1.7123007 0.48623258 4.9228897 -0.044316616 0.17177159
