0 5 0.3699223 -17.305998 2.3261542 36.824875 4.7791567 1.5509942 1.9150034 1.611872 -0.08111063 -8.256525
0 7 0.36332062 8.564121 1.9375619 59.04523 4.4456143 1.4991949 1.9184384 4.817752 0.0023679696 5.1261683
0 5 0.17652258 -17.59782 2.4794073 37.063725 4.45321 1.6268791 1.857124 1.6287938 -0.055651464 -5.107764
0 5 0.16163847 36.27667 0.574018 54.766174 4.347104 1.6393392 1.8921732 3.1330392 -0.019707493 0.029200047
0 5 0.15030676 36.332268 0.5681852 55.16748 4.3386407 1.6204243 1.8715534 3.0808861 -0.040512495 0.007199466
0 5 0.14689505 26.420052 1.130953 60.188324 4.547835 1.5375473 1.9246402 3.3868828 -0.018731533 -0.08172926
0 7 0.13880682 8.466653 1.8817976 58.40942 4.4610343 1.5055482 1.9242245 4.8206377 0.0373955 6.7187805
0 5 0.13043605 26.133812 1.105441 59.19278 4.5526595 1.561501 1.9281785 3.3283534 0.009351611 -0.024944818
0 5 0.12712833 25.659676 1.0457383 58.658527 4.5266914 1.5594981 1.9239354 3.3126688 -0.012077849 -0.031437952
0 5 0.12636834 26.75765 1.2065119 60.57029 4.5840106 1.5537926 1.9347868 3.3671594 -0.005919559 -0.020963091
0 7 0.10187869 8.323352 1.9273767 57.85247 4.487559 1.4803126 1.877903 4.773254 -0.0061875544 3.0150545
0 6 0.091120884 36.47203 0.5320622 55.35396 4.331796 1.6187202 1.8794446 3.1074939 -0.013046155 -0.004736498
0 5 0.086268805 26.668339 0.93310654 59.180645 4.5421424 1.579598 1.9244356 3.3486006 -0.0067777364 -0.03129261
0 5 0.08292012 -17.198036 2.3796268 36.474747 4.7022476 1.5326638 1.8962413 1.6061283 -0.108924545 -11.989946
0 5 0.07604063 36.16345 0.58522063 54.583454 4.337363 1.6385103 1.8939413 3.1310008 -0.009460475 -0.00195322
0 5 0.075291224 26.63954 1.2096479 61.51862 4.541855 1.5463752 1.9218888 3.3117568 -0.021208368 -0.0047886763
0 6 0.06883616 39.046234 0.561749 59.495106 4.078711 1.5354353 1.8012114 3.1565642 -0.042513367 -0.02170384
0 5 0.06837148 26.756987 1.1972811 61.778133 4.5742636 1.5560504 1.9309516 3.3338842 -0.031829372 0.014414478
0 5 0.067755245 25.822805 0.9030854 57.441357 4.5350266 1.5752848 1.9168036 3.3433912 -0.009764001 -0.0057782307
0 6 0.06259587 33.74332 0.3626661 42.075363 4.2350755 1.6067345 1.8024819 6.5301023 -0.026633173 -0.028938875
0 5 0.06104881 -17.812605 2.425898 37.244434 4.7228723 1.6089652 1.9405534 1.6846936 -0.032713026 -4.4001794
0 6 0.059727903 33.976887 0.52498484 50.757793 4.219277 1.6316377 1.8432287 3.225451 -0.048997767 0.01498897
0 6 0.05890883 35.655697 0.5277376 53.184948 4.349318 1.642919 1.8764067 3.1598942 -0.008296835 -0.006083112
0 5 0.058413517 35.75578 0.61196434 54.434914 4.3005047 1.6169332 1.8640203 3.0869703 -0.06423556 0.025225677
0 6 0.05567692 34.112698 0.29255182 43.64906 4.2204885 1.594596 1.8199621 6.514166 -0.049364746 -0.027207552
0 6 0.05513175 38.524124 0.5530715 58.623856 4.020541 1.5190371 1.796216 3.1578815 -0.0023000715 0.0052870866
0 6 0.054839265 36.530643 0.5131577 49.594307 4.2298703 1.6249698 1.8615212 3.2689214 -0.032922424 0.050883412
0 5 0.05282941 -16.947493 2.2518811 35.83889 4.681262 1.5553241 1.8965123 1.6217544 -0.11835928 -10.538119
0 6 0.05255178 34.132854 0.3214695 44.960377 4.2353864 1.6152046 1.8395163 6.496763 -0.033805434 -0.02894157
0 6 0.051877405 36.186768 0.6741662 52.2728 4.3356447 1.6772506 1.889572 3.2191825 -0.042653732 0.053388357
0 6 0.05073867 37.176785 0.71706176 56.662205 4.309832 1.6464705 1.8701471 3.1596751 -0.04530894 0.06478932
0 5 0.0506617 29.008524 0.69619805 93.20443 4.6495214 1.8539041 1.9930042 1.7835199 0.048336245 4.589521
6 0 0.08998055 -3.6943088 1.6172259 79.72384 2.0288422 1.6641078 0.6708205 4.6546364 0.10656361 3.6949015
6 0 0.082041815 -3.7824924 1.6352966 78.62872 1.9382515 1.6873258 0.66641855 4.6808944 0.10558915 3.7197251
7 2 0.08818729 -21.526186 1.8644617 47.667244 0.59313667 1.7718029 0.5793896 1.5543656 0.033871725 -2.6186013
7 2 0.06744737 -22.006119 1.9451282 49.244907 0.6256879 1.7870325 0.58807313 1.555218 0.032125182 -2.907847
7 2 0.065382496 -21.41915 1.8523726 47.197586 0.54887193 1.7531024 0.55233264 1.6008216 0.02415021 -2.0975034
7 2 0.05760689 -21.49856 1.7849312 47.484337 0.5830235 1.7707479 0.57197213 1.5651383 -8.874014e-05 -2.8135061
7 2 0.057021175 -21.7714 2.0045805 48.30314 0.6219919 1.7567624 0.60575664 1.5599599 0.0015437528 -2.6865816
7 2 0.05348999 -22.13289 2.05304 51.461037 0.6476691 1.7913477 0.61416084 1.5816891 0.019474545 -2.5583816
7 2 0.05246672 -22.164719 2.0990555 49.90433 0.6361779 1.7686666 0.60267234 1.5696243 0.0031811055 -2.8523433
8 8 0.07321489 9.874283 1.222988 21.664259 0.36530954 1.1866335 0.37376684 4.640463 -0.02210371 0.011774126
8 8 0.059359603 18.284409 1.3290963 26.287893 0.3216067 0.7992413 0.3526985 6.4089603 0.009353679 0.029779077
8 8 0.05709837 18.616724 1.4000479 26.630852 0.36870146 0.79730415 0.376839 6.457884 0.021576 0.027538974
8 8 0.054989316 18.26203 1.3636721 26.087698 0.33472463 0.803104 0.35289428 6.4439316 0.016589241 0.032656178
8 8 0.052489273 18.880232 1.3732824 27.160088 0.35159677 0.77304566 0.37256598 6.3925486 0.018286696 0.027527507
8 8 0.051445365 9.805943 1.2263987 21.531084 0.36067903 1.1715277 0.3757855 4.634834 -0.013096706 0.03569424
