0 5 0.14981353 15.075966 1.5281918 101.52224 4.41727 1.6731672 1.916591 4.9033527 0.035526276 6.216271
0 7 0.120764814 15.306 1.5928293 103.072365 4.42658 1.6803721 1.9287082 4.879168 0.053346984 7.553264
0 5 0.08003883 14.751581 1.5394561 100.1497 4.380292 1.6532012 1.8943408 4.850412 0.044272974 7.4815745
0 5 0.07437065 15.445076 1.5370278 104.3352 4.439603 1.641916 1.9329517 4.8626986 0.061015584 5.09294
0 6 0.070955634 -26.156765 2.6609461 52.11906 4.563821 1.7345994 1.9388711 5.8635273 0.19321123 0.142984
0 7 0.06350741 14.890496 1.6543345 101.29173 4.413763 1.6575665 1.9230593 4.90833 0.08023033 4.062925
0 6 0.06263798 -27.33812 2.5611959 55.410763 4.754967 1.7562063 1.9916037 5.848565 0.19746469 0.2321532
0 5 0.06034788 15.56754 1.4851894 105.09682 4.447669 1.6355848 1.9536988 4.8577967 0.07548242 8.327354
0 6 0.05175019 -27.11623 2.588492 54.837982 4.6836395 1.7488363 1.9778178 5.84638 0.16277446 0.16367516
0 7 0.05045984 15.289333 1.6952713 103.73925 4.424223 1.6598033 1.9327028 4.876897 0.0845984 4.4621363
7 2 0.11129117 -9.256102 2.0821164 17.348944 0.5095166 1.6751329 0.5112972 6.109352 -0.037062474 0.10097304
7 2 0.10251517 -9.353135 2.0719707 17.517517 0.50047153 1.7119671 0.5055675 6.2736464 0.06709393 0.15460095
7 2 0.08809091 -14.550983 1.9888629 46.638496 0.5335505 1.688504 0.5358772 5.545076 0.047213383 0.2075418
7 2 0.07282541 -14.800026 2.0525398 47.775 0.560087 1.7009294 0.54590046 5.582651 0.020633245 0.25711742
7 2 0.06398538 -9.281926 2.057889 17.430595 0.49264857 1.7109383 0.49811122 6.2463207 0.06477226 0.16405916
7 2 0.05018703 -13.45311 1.8337094 43.127235 0.50111425 1.7243462 0.53412044 5.4126005 -0.003227924 0.21237236
