0 5 0.25234082 -8.71162 2.279646 72.28701 4.559071 1.4958408 1.9043139 1.661398 0.07080534 0.54260665
0 5 0.18842687 13.4949045 2.1717348 81.747406 4.371509 1.6187768 1.9148409 4.9487705 -0.055423982 9.148504
0 5 0.16288285 13.65324 2.1652465 82.45887 4.357278 1.6316032 1.9106433 4.9478383 -0.009353153 10.494036
0 5 0.1469384 13.333319 2.0805395 80.84126 4.365471 1.6339006 1.8989614 4.924242 -0.013171569 9.2502165
0 5 0.11233539 -8.760036 2.2718124 72.636955 4.5911374 1.48812 1.9090649 1.6536412 0.036131285 4.262724
0 5 0.102147564 -8.594589 2.210848 71.75293 4.538304 1.4820598 1.8828576 1.6645055 0.022707285 0.5266355
0 5 0.061470974 27.991007 1.2697177 65.22088 4.6100335 1.5914453 1.9472997 2.9156227 0.008113546 1.7445055
0 5 0.055686202 -9.2824955 2.3668225 74.379135 4.5588326 1.495695 1.8905522 1.693863 -0.08696159 1.8781894
0 6 0.054296903 51.31343 -0.44181806 58.534695 4.3782964 1.6304308 1.897511 6.597825 -0.05241327 -0.006066894
0 5 0.053998236 -8.572024 2.2043312 71.28279 4.5391917 1.4867703 1.8822143 1.6646682 -0.060204 2.8739645
3 5 0.0626028 13.855592 -0.005972743 82.21659 9.320339 3.4913614 2.4007807 4.896986 -0.025820296 6.051507
3 5 0.05747692 14.423425 -0.16401064 85.114296 9.871893 3.398744 2.5178387 4.8829126 -0.05115565 6.0449557
7 2 0.05877853 -21.594442 2.4333458 40.91364 0.6050436 1.7359486 0.57865334 1.6951944 -0.13254304 0.07677034
7 2 0.0558659 29.767662 -0.016706705 54.379467 0.50979525 1.8029196 0.62536657 2.0268161 -0.08115579 -0.8761628
7 2 0.05363057 -21.621342 2.3795354 41.009277 0.6409273 1.7572103 0.5888858 1.6864567 -0.09431642 0.16919789
7 2 0.05197728 37.73051 0.4434381 44.41217 0.5517369 1.7002699 0.54873186 1.7824576 -0.09524508 0.15379703
7 2 0.05089853 30.336432 0.012806058 55.382896 0.5457293 1.7960421 0.6295456 2.0261014 -0.029755175 -0.9489955
7 2 0.050057046 30.190037 0.039029658 54.32348 0.5101209 1.8036168 0.6219738 2.0215259 -0.067825995 -0.924973
