0 5 0.21775715 13.343325 2.0722332 80.37982 4.4389763 1.6510478 1.9135312 4.921511 -0.018137325 5.575654
0 5 0.13018662 13.201513 2.0388982 79.55724 4.39565 1.6333816 1.8967087 4.9169993 -0.019274745 9.701011
0 5 0.10893166 -7.9623995 2.5505285 79.63561 4.619142 1.4549749 1.9274902 1.6590238 0.092311785 -0.25313336
0 5 0.07392674 -7.736995 2.5714397 79.35511 4.624044 1.4531832 1.9228655 4.8182263 -0.047636844 -1.3782369
0 5 0.07115424 -8.172823 2.5856655 81.99965 4.613431 1.4690984 1.9300429 1.6397371 0.064365976 1.459772
0 5 0.062261857 13.121458 2.002563 79.08019 4.537635 1.6535809 1.8875983 4.937277 -0.03824894 6.21732
0 5 0.056943506 -7.9391537 2.5017364 80.432076 4.605852 1.4356412 1.8961871 1.6417931 0.05972243 -1.4184741
0 5 0.05298277 -7.8645663 2.593062 81.073586 4.623103 1.4405956 1.9198508 1.6448666 -0.03914931 -0.4202644
1 5 0.052498683 14.374799 0.26988888 83.77446 12.345297 3.7606277 2.9417684 4.9091706 -0.0513122 6.8933654
3 5 0.170604 13.163571 0.17465234 78.1218 11.53629 3.6387095 2.8206031 4.9072347 0.001727581 7.223012
3 5 0.13634346 14.374799 0.26988888 83.77446 12.345297 3.7606277 2.9417684 4.9091706 -0.0513122 6.8933654
3 5 0.0948542 13.830895 0.22377849 81.47368 12.666612 3.651498 3.0235946 4.88094 -0.041836977 6.760619
3 5 0.06757365 12.946441 0.19328535 76.33971 12.078266 3.6698122 2.9812489 4.9668646 0.028627662 5.0420027
3 5 0.06663814 14.624075 0.49655795 85.9473 12.034322 3.864687 2.775617 4.9027686 -0.06530335 3.5369263
3 5 0.06324906 13.785976 0.3734957 78.61065 12.051774 3.7817237 2.891539 4.9449143 0.05460631 4.82233
3 5 0.05266996 13.309401 1.9177306 79.231705 6.4619265 2.1673152 2.2503235 4.937441 -0.0171054 4.7377553
6 3 0.050627578 15.378519 0.95664185 64.16831 0.49543887 1.6844134 0.52616584 4.922679 0.058404915 0.55288917
7 2 0.20800027 27.742912 0.18715376 48.77291 0.5324714 1.8198361 0.6372723 5.087624 0.019125884 0.3968429
7 2 0.14711536 26.15187 0.20773572 48.04258 0.5241518 1.7707165 0.6218782 1.9202493 -0.04654617 0.18663272
7 2 0.14516097 27.45518 0.23475361 48.307247 0.5032858 1.8144519 0.58592683 4.9491096 0.00670857 0.42190236
7 2 0.12709028 27.860481 0.1756531 49.003544 0.5243813 1.8051548 0.61423695 5.0693974 0.001905486 0.49381816
7 2 0.10327095 27.345495 0.23115706 48.128494 0.5065525 1.8122832 0.5669662 4.9533634 -0.022001255 0.45173973
7 2 0.10195854 25.952599 0.22892058 47.753372 0.5290381 1.7912052 0.6205974 1.9369969 -0.08190423 0.22981125
7 2 0.09939575 26.088026 0.25581688 48.013016 0.5248027 1.770597 0.59545165 1.8419785 -0.013345355 0.25262234
7 2 0.090802565 27.65204 0.17275643 48.72548 0.5417236 1.8137162 0.6295174 1.9018464 -0.020119172 0.29840958
7 2 0.08414755 28.369835 0.13736892 49.88548 0.52982056 1.7363673 0.63948375 5.0434875 -0.05607774 0.33157265
7 2 0.082460366 26.28102 0.19812459 48.31668 0.5010925 1.7263886 0.6125931 1.9080715 -0.12598418 0.08482939
7 2 0.073150486 26.32781 0.22467911 48.48285 0.5386355 1.7654071 0.59995484 1.8896872 -0.021357428 0.29869103
7 2 0.06698782 27.371494 0.2194739 48.198025 0.5206067 1.8057874 0.57613 1.7877214 -0.015078813 0.2802401
7 2 0.06692076 28.243195 0.16089875 49.68436 0.50632596 1.7624747 0.6088662 5.0578856 -0.06435303 0.34562573
7 3 0.06608872 15.378519 0.95664185 64.16831 0.49543887 1.6844134 0.52616584 4.922679 0.058404915 0.55288917
7 2 0.06091385 25.699568 0.2030592 47.28103 0.4992882 1.7368524 0.59467274 1.8795605 -0.14502405 0.11162733
7 3 0.055222373 15.364556 0.9777212 63.214817 0.49700427 1.6881213 0.52378297 4.95108 0.116813056 0.56358725
