0 5 0.3328894 7.026055 1.8266296 45.732685 4.5487533 1.4889858 1.902134 4.795184 -0.017370254 7.193459
0 5 0.20227624 37.65807 0.39957052 53.275852 4.469568 1.5612124 1.907585 3.0280018 -0.012199936 -0.01599598
0 5 0.16533971 29.975418 0.7546311 70.38232 4.345011 1.5325232 1.9141134 3.1388059 -0.06423774 -0.043644406
0 5 0.15728034 35.743378 0.18776363 69.33411 5.6936183 1.9118215 2.1570935 3.8881352 0.015793527 -0.08048737
0 5 0.13776763 30.183723 0.8749814 69.85045 4.529678 1.6479349 1.9607737 3.2507088 0.011890076 -0.93068916
0 5 0.12894428 7.169793 1.8512462 46.506474 4.5330324 1.4750819 1.8883072 4.8025393 -0.11684329 7.665365
0 6 0.11439921 -29.865824 2.5994616 61.599907 4.5673904 1.5839838 1.9372482 2.0746493 0.0069757625 -1.1855348
0 5 0.107966885 29.566128 0.6350864 70.17424 4.300689 1.5559938 1.9013634 3.1230025 -0.07210529 -0.04841544
0 5 0.10753919 29.954344 0.76967156 69.528244 4.4760046 1.6316551 1.9390966 3.3007984 -0.012396626 -1.2733089
0 5 0.10577178 37.064255 0.3891501 52.48231 4.428659 1.5810863 1.910819 2.9725585 -0.030116733 -0.05276378
0 5 0.09863727 35.28306 0.28794706 68.33542 5.6885014 1.9966493 2.1715775 3.720206 -0.025447603 0.13329548
0 5 0.09329142 35.646248 0.1383872 69.075294 5.717142 1.8946656 2.161201 3.7017803 -0.0007375069 0.30069655
0 5 0.086934716 6.9259505 1.8305892 45.17627 4.489146 1.4979827 1.8846681 4.813703 -0.06139364 4.7103457
0 5 0.086442605 38.00275 0.3810535 53.461647 4.4745135 1.5729965 1.9122423 3.0593672 -0.02918699 -0.34715074
0 5 0.083889164 30.036343 0.8153286 70.17331 4.3568053 1.5235189 1.9147204 3.2046707 -0.031698287 -0.01463615
0 5 0.08339969 30.012789 0.8719022 69.72712 4.4597416 1.608916 1.9281968 3.1317625 -0.016064802 -1.278811
0 5 0.082908735 -21.99651 2.059717 81.44656 4.676314 1.6693467 1.9677736 4.6520147 -0.04147087 8.7557125
0 5 0.082018405 37.046947 0.3800259 52.2534 4.4264503 1.5735574 1.9033992 3.037035 -0.040944483 -0.348228
0 5 0.073396705 39.030796 0.30773088 55.52248 4.4519835 1.5509508 1.8997023 3.0766098 -0.044487383 -0.23558894
0 5 0.073339395 35.42826 0.23449558 68.29997 5.68444 1.9612354 2.156344 3.567065 -0.036959335 0.6289792
0 5 0.07253279 30.198881 0.768703 70.844315 4.291352 1.5300007 1.8932108 3.1693187 -0.040569127 -0.02002864
0 5 0.072375715 35.66928 0.21279842 68.68844 5.723114 1.9740312 2.1721694 3.9324853 -0.01655711 -0.089569785
0 5 0.07002069 -21.80375 2.0495825 81.26234 4.680463 1.6540638 1.9749585 4.705976 -0.010285473 7.661888
0 5 0.06762819 -21.72522 1.9903479 80.41677 4.667264 1.6850305 1.9774661 4.6520195 -0.047589652 8.860855
0 6 0.06403261 -30.091621 2.5923705 62.648598 4.5318756 1.580993 1.9198081 2.1104836 -0.01578797 -1.7118394
0 6 0.06296707 -28.516666 2.5308192 59.267708 4.5836954 1.6804515 1.9632435 1.7946544 -0.011830656 -2.5319831
0 5 0.06267184 20.252617 1.4788288 74.92641 4.4798875 1.6308347 1.8628997 1.1268253 0.036866896 2.1477814
0 5 0.061727654 37.82483 0.34573165 53.07325 4.4798 1.5501461 1.8977928 3.0174203 -0.05185733 -0.03742859
0 5 0.061287455 29.896057 0.66711193 70.5912 4.2615047 1.5552158 1.8772784 3.173224 -0.0434305 -0.03008251
0 6 0.057050873 -28.203733 2.5370717 59.512474 4.575994 1.668156 1.9582311 1.777993 -0.006364852 -2.2874148
0 5 0.056052756 30.00105 0.6503524 66.65383 4.5781903 1.6444253 1.9481232 3.3410213 -0.0035848478 -0.2728312
0 5 0.05228599 7.681211 1.8992825 47.718697 4.646957 1.5928196 1.9869673 4.8181944 -0.00091727637 7.2967772
0 5 0.051950127 30.693579 0.93956584 73.60688 4.411483 1.653193 1.92168 3.1509774 -0.016196083 -1.5412405
0 5 0.05143185 7.298971 1.9012811 47.58432 4.5888762 1.5934609 1.9281013 4.7973237 -0.025319763 9.136992
0 5 0.05138334 29.808582 0.7377599 69.08303 4.5853224 1.6168282 1.9737314 3.2710826 -0.012161093 -1.5046115
0 5 0.050511375 35.583214 0.27517426 68.69218 5.637703 2.0147147 2.1675615 3.6546204 -0.045862928 0.72656614
5 2 0.061820175 -5.2152605 1.5828655 70.63202 0.7943572 1.7374715 0.6095033 4.7036185 -0.0026467321 0.8999556
6 2 0.053355627 -5.2152605 1.5828655 70.63202 0.7943572 1.7374715 0.6095033 4.7036185 -0.0026467321 0.8999556
7 2 0.1541323 -5.2152605 1.5828655 70.63202 0.7943572 1.7374715 0.6095033 4.7036185 -0.0026467321 0.8999556
7 2 0.09529638 -5.246204 1.6292777 71.024254 0.82379407 1.7455785 0.63356173 4.725538 -0.004195177 0.95720214
7 2 0.07891349 -5.2504306 1.6135076 71.19607 0.81504804 1.7237691 0.5925131 1.5540107 0.013141826 2.1235454
7 2 0.059170146 -5.34457 1.5595272 71.427635 0.8542722 1.7468731 0.6254697 4.7005415 -0.026458371 2.900101
7 2 0.05805013 -5.2960153 1.6691563 71.751045 0.8493033 1.7384182 0.6299685 1.6035489 0.0040981453 2.1654398
7 2 0.051694356 -5.2132792 1.6190553 71.5995 0.83036864 1.7350491 0.6533608 4.7588325 0.01281058 1.1612741
