0 5 0.21498546 13.502851 2.0521119 81.59459 4.4514456 1.6594621 1.9055997 4.9235983 -0.031866267 6.11377
0 5 0.17693768 -8.493937 2.399125 78.9056 4.5601134 1.4633728 1.9109315 1.7871829 -0.016676884 -5.859602
0 5 0.09055594 -8.429465 2.3813212 78.42267 4.542804 1.4544816 1.8752363 1.7871233 -0.009514525 -6.434525
0 5 0.089046694 -8.674851 2.396645 80.26277 4.6027064 1.460934 1.8996887 1.7583771 0.017087335 -4.3443255
0 5 0.084437974 -8.394279 2.4451945 77.72363 4.4820695 1.485964 1.9048853 1.7916142 -0.09496221 -6.2501817
0 5 0.05555732 -12.977205 2.5398245 85.07505 4.577951 1.5276506 1.8812287 1.8746426 0.0012452491 -1.6226126
0 5 0.055179402 -8.210934 2.3589113 76.77979 4.503359 1.454513 1.8617678 1.7702659 -0.08553208 -7.173199
0 5 0.05336919 -8.4876 2.396968 79.49373 4.5850453 1.4280714 1.8896177 1.773229 -0.031050876 -5.743634
0 5 0.05277307 13.215525 2.0146797 79.87322 4.548859 1.6606511 1.8954666 4.9285975 -0.03949265 6.715244
0 5 0.051292922 13.4095335 1.9754949 80.44059 4.704788 1.6645014 1.9318542 4.92634 -0.025643095 5.1071796
3 5 0.11288834 12.62443 0.25528157 75.59495 11.362685 3.7508821 2.6987357 4.8267517 0.02094114 6.6397514
3 5 0.091178276 14.457477 0.5870465 84.755585 12.27628 3.8742654 2.7644656 4.826476 -0.025769096 6.5686073
3 5 0.06309026 12.368768 0.18245876 74.21083 11.18359 3.8123388 2.673748 4.8432264 0.014106711 5.5141287
3 5 0.058676798 13.875645 0.5289962 82.13058 12.534395 3.7513347 2.859952 4.836436 -0.0052814847 5.6733055
7 2 0.093870394 29.419104 0.10959995 51.67824 0.54459447 1.8001335 0.64332783 5.1501274 -0.0061917407 0.41090965
7 2 0.08402005 26.526402 0.19888741 48.879147 0.52252865 1.7466207 0.6050231 1.9402473 -0.0656032 0.24178496
7 2 0.07243149 28.314102 0.17539853 50.887978 0.51304483 1.7701999 0.5973203 5.08908 -0.05307065 0.33337048
7 2 0.07075402 25.834688 0.22040373 47.665436 0.49776393 1.7390864 0.5853793 1.9783733 -0.05226077 0.3258175
7 2 0.06397323 28.780502 0.19838595 50.626938 0.552024 1.7734572 0.61695194 5.1325693 -0.014921413 0.3534878
7 2 0.055127963 29.62296 0.10617119 52.079975 0.56098205 1.798158 0.644952 5.1268425 -0.012028903 0.44060656
7 2 0.05452623 26.724789 0.19741964 49.291645 0.5386921 1.7370396 0.5875484 1.923511 -0.023446623 0.252126
7 2 0.052513413 15.510473 0.8871945 64.18392 0.5394618 1.6901495 0.5359697 4.9958544 0.15303162 0.7087532
7 2 0.052156392 26.397646 0.19774294 48.635487 0.50837666 1.6808734 0.6076677 1.9108305 -0.12808406 0.22241426
7 2 0.05140039 26.222479 0.20012891 48.440468 0.50642836 1.7217785 0.5762993 1.963287 -0.019812888 0.29370275
7 2 0.05078613 29.723974 0.12368095 52.240932 0.540806 1.7296 0.65040946 5.117675 -0.050276704 0.37113896
