0 5 0.14398696 18.020987 1.6770148 115.32031 4.4759054 1.6375868 1.9364932 4.889736 0.10556147 8.316455
0 5 0.11807982 18.085493 1.705925 115.89135 4.4682293 1.6266981 1.9476495 4.8980002 0.10073664 8.901836
0 5 0.112873785 18.523409 1.657449 119.06463 4.4864655 1.6042145 1.9528474 4.8591533 0.010798957 10.561978
0 5 0.08421456 -26.439323 2.4588554 73.06883 5.0972495 1.7549745 2.0696776 6.052891 0.13504371 0.093379825
0 5 0.081600495 18.487387 1.6975992 118.306946 4.4928527 1.5802549 1.959213 4.843971 0.032276005 11.240412
0 5 0.0635495 -26.811136 2.4811952 73.77312 5.1721187 1.7784303 2.0722513 6.0173674 0.13911429 0.17540964
0 5 0.054038666 18.122131 1.7526083 117.26392 4.456388 1.6060646 1.938355 4.857428 0.020331578 8.851312
7 2 0.14800046 -7.1344323 1.6713722 13.140084 0.5961113 1.6628791 0.56174475 4.9229126 0.12562935 -0.66786814
7 3 0.092718996 -7.164885 1.6643271 13.196095 0.5859239 1.6376016 0.5492033 4.825856 0.17051294 -0.79782593
7 3 0.06214544 -7.3135095 1.683877 13.49221 0.5993083 1.6419774 0.5592267 4.7403116 0.17562991 -0.97306645
