0 5 0.1311264 14.613098 1.7015413 88.255585 4.5967526 1.6054816 1.9525558 4.917156 -0.033033684 6.8584256
0 5 0.071749784 14.500913 1.614682 87.5161 4.8101616 1.6486143 1.9788924 4.935434 0.036800064 9.408077
0 5 0.0693809 14.646595 1.669049 88.67815 4.728178 1.6232944 1.9567949 4.895523 0.048244044 5.1965423
0 5 0.06752867 -5.509819 1.9762537 95.96137 4.8229284 1.575677 2.010788 4.649486 0.039784998 2.6166642
0 5 0.059195355 -5.902591 1.9231243 96.01277 4.7636313 1.5778574 1.9770645 4.6670136 0.06434206 3.1805432
0 6 0.05077587 40.04604 -0.059627175 45.69842 4.532324 1.5987238 1.9142398 2.1019635 0.008987386 -0.15218866
3 5 0.09425862 15.5890665 -0.51729894 89.030014 12.237624 3.713995 2.802907 4.8470435 -0.010782576 10.127236
3 5 0.06828388 15.310149 -0.5051302 86.99688 12.020826 3.6661546 2.7693937 4.8656607 -0.0073541645 9.81329
3 5 0.06242769 16.95646 0.0076913834 87.98586 12.584321 3.49379 3.012834 5.0327387 0.10953321 3.114568
3 5 0.056319475 16.141651 -0.028183937 87.67159 12.553862 3.4692218 3.0254357 5.089075 0.07123083 3.7265258
3 5 0.052105643 15.051344 -0.36763394 85.08881 11.907833 3.8287337 2.6897683 4.873549 -0.008164038 9.42964
