0 5 0.19002254 16.118118 2.0484827 107.793434 4.447913 1.5702828 1.912727 4.71862 0.02530546 7.6902924
0 5 0.097768106 15.960714 1.9745922 106.63112 4.380111 1.5800642 1.8952173 4.822449 0.0777303 8.694672
0 5 0.08824727 16.378601 1.9408312 108.86326 4.4532676 1.5577202 1.9372643 4.694211 0.0831826 8.280219
0 5 0.08685009 16.453825 2.0979185 110.1799 4.4508266 1.5332817 1.9134731 4.752441 -0.08409444 8.61281
0 6 0.06990935 -23.940638 2.542757 59.57928 4.6621823 1.6403937 1.9634558 6.011177 0.07822954 -0.00067206845
0 6 0.069291145 -24.37744 2.5684435 60.024555 4.642794 1.6528397 1.9523933 6.014555 0.12226691 0.1064667
0 5 0.061999302 16.325113 2.2015421 109.650764 4.434158 1.5457175 1.9098032 4.722098 -0.11312576 9.557903
0 5 0.05932176 14.401564 2.3292203 109.38469 4.5156054 1.5016161 1.927296 4.798312 0.026632315 2.983994
7 2 0.056764908 12.5086775 1.4920613 39.8925 0.55885947 1.7321028 0.57836187 4.8838344 0.13031454 0.72036463
7 2 0.052578166 18.314371 0.69648945 53.05393 0.66335166 1.8589262 0.6458158 1.7459604 -0.034333758 -0.6354321
