0 5 0.21094115 18.36757 2.2994773 116.50598 4.414619 1.6132903 1.8938707 4.939696 0.06993869 5.366728
0 5 0.14389043 -25.16749 2.3991597 31.823782 4.304444 1.5853878 1.8313837 2.4519327 -0.09514378 2.2557333
0 5 0.12138654 18.70105 2.3494534 119.32118 4.472088 1.588223 1.915211 4.9297495 0.012467235 5.6404014
0 5 0.11408845 -23.290565 2.2073207 29.921734 4.3767405 1.6198212 1.8581419 1.733361 -0.07208928 0.23243007
0 5 0.10410358 18.049349 2.2731624 115.477745 4.416035 1.616608 1.8966722 4.9191175 0.09390245 4.401387
0 5 0.10311913 18.33684 2.3754458 117.77943 4.4495816 1.6069824 1.914489 4.9138618 0.018834462 5.992128
0 7 0.10099546 -23.457554 2.2116098 29.778826 4.348941 1.6411734 1.8443089 1.725626 -0.07375188 0.13264355
0 7 0.10023543 -23.79295 2.2702398 30.068336 4.3637924 1.6185302 1.8418642 1.7735927 -0.06541689 1.0261172
0 5 0.094010174 -23.61515 2.2450244 30.177557 4.4024043 1.6001965 1.8514903 1.7639768 -0.048878454 0.5420393
0 5 0.08699854 7.106967 2.5489326 126.79387 4.750199 1.6302391 1.9552222 4.7893186 0.1394519 12.020152
0 5 0.0836475 -25.21617 2.312918 31.772882 4.353178 1.5918022 1.8373832 2.1083279 0.006215373 1.9364024
0 5 0.08227304 -24.193506 2.3494196 31.30632 4.308814 1.5767627 1.826587 2.572099 -0.01891992 0.938026
0 7 0.07239994 -24.469648 2.3179598 30.096437 4.330835 1.620678 1.8316911 1.7383763 -0.049703054 0.1882574
0 5 0.07173215 18.1196 2.1805758 114.89701 4.4364433 1.6195247 1.8980826 4.925764 0.12778391 6.1819077
0 5 0.06479104 7.4407535 2.487885 130.64868 4.7050114 1.6234446 1.9723388 4.790038 0.10790356 11.952032
0 7 0.06362434 -25.471647 2.3292563 30.13676 4.3298416 1.5952328 1.8316729 1.6580074 -0.047376096 0.0034197886
0 5 0.06086812 17.893532 2.1419384 112.90699 4.3665876 1.6515604 1.8851066 4.94703 0.09451624 6.9019294
0 5 0.05011659 -23.465395 2.2510037 30.50977 4.3879886 1.5770693 1.8529035 4.9190583 -0.0414674 0.3731049
7 2 0.07855695 10.267835 1.2526621 28.595015 0.52186847 1.7210468 0.5559 4.9656596 0.074396595 0.53873634
