0 5 0.2541332 11.244307 1.9350212 72.25334 4.4700413 1.5723196 1.9188722 4.864097 0.022877434 10.611562
0 5 0.16411102 -13.316281 2.7310228 67.84205 4.5170913 1.5319405 1.9187858 5.644503 0.042390004 -1.6475729
0 5 0.11090304 -13.211349 2.7238333 67.33028 4.5000997 1.5408478 1.9227444 5.643496 0.057059705 -2.1182406
0 5 0.08451168 -13.514196 2.7657263 68.60651 4.5363436 1.5245045 1.912661 5.5694447 -0.025910348 -1.0282054
0 5 0.071929805 -12.988011 2.6682558 66.50633 4.458176 1.5338588 1.8978723 5.6520185 -0.00013712607 -2.5376298
0 5 0.06407988 24.26972 1.3245311 54.835865 4.493991 1.5610623 1.8981361 3.1711533 -0.010825708 3.3181574
0 5 0.06329301 -14.810169 2.9459548 73.84696 4.618304 1.530291 1.9504895 5.909648 0.053305693 0.12813452
0 5 0.06320652 -14.378548 2.9497812 74.38215 4.5706997 1.5149965 1.9244361 5.9260893 -0.0007826276 0.76480395
0 5 0.060960814 -14.694396 2.8612072 72.67877 4.704063 1.5002732 1.9699514 5.915535 0.069016516 0.44363195
0 5 0.060934637 -13.852719 3.013182 72.9823 4.574453 1.518632 1.9445418 5.8754387 -0.021583578 1.2123038
0 5 0.054040276 -14.065644 2.9419355 73.45033 4.643278 1.4900002 1.9524132 5.9011106 -0.026400106 0.7035596
0 5 0.052318126 11.346145 1.9737347 72.63862 4.4964147 1.5809636 1.936828 4.8364673 -0.07639714 14.507423
0 5 0.052217595 11.251911 1.9130495 71.84982 4.439601 1.5590045 1.8686161 4.8516827 0.00032294728 11.309696
0 5 0.051380057 25.262043 1.3715895 56.420364 4.501923 1.559348 1.9056529 3.1850498 -0.02110438 3.4893293
3 5 0.050013565 -4.389119 -0.39731216 94.06198 11.855534 4.297307 2.7728314 1.4577618 0.031173496 -1.1780607
7 2 0.0711536 45.51257 -0.18691307 52.2186 0.5407534 1.7123841 0.5779526 2.0035706 -0.08645153 0.05931428
7 2 0.0640429 45.293125 -0.14921033 51.58613 0.6066328 1.7256742 0.59915274 1.8977906 -0.08650184 0.025526252
7 2 0.060437646 44.609173 -0.042138338 50.873344 0.58723354 1.6991 0.5852587 1.9535079 -0.07819143 0.008898716
7 2 0.058167804 45.33923 -0.11179495 51.96288 0.5291317 1.6866342 0.58121324 2.0749586 -0.10785178 0.0012070145
8 8 0.07312556 13.229522 1.5881364 24.386461 0.3625886 1.1091096 0.36317062 1.4753516 -0.04431086 0.05931501
8 8 0.05509461 13.122429 1.5941422 24.053183 0.35138428 1.1069425 0.36726508 1.485222 -0.061720714 0.03492166
8 8 0.05365728 13.455219 1.5844741 24.873568 0.34267646 1.0883721 0.35601583 1.4243879 0.00517332 0.061194092
