0 5 0.39144692 -16.718777 2.288564 39.186634 4.694744 1.5297948 1.8981327 1.5962617 -0.045298904 -9.572022
0 5 0.34878835 8.763848 1.9619359 60.159748 4.379562 1.5262778 1.9139141 4.8403435 0.0062495414 5.0876155
0 5 0.19662097 8.805153 1.9840701 60.58621 4.39654 1.5259352 1.9108666 4.8075933 0.0014679413 4.3522234
0 5 0.19405602 23.77438 1.0486679 53.83962 4.6385016 1.5672764 1.949232 3.228559 -0.05258096 0.9889939
0 5 0.1817372 23.472298 1.0470643 53.345478 4.6382475 1.5473679 1.9320824 3.2597637 -0.02105497 0.42423186
0 5 0.15743592 -17.09472 2.3145146 40.023506 4.7035995 1.5431423 1.8898846 1.5930955 -0.0901729 -11.806896
0 6 0.11579392 33.723408 0.62127006 51.521477 4.474471 1.6601428 1.9280583 3.118897 0.0029379912 0.0041590277
0 5 0.11479832 -17.009846 2.34011 39.459908 4.503685 1.5407647 1.847974 1.5791512 -0.08933854 -6.933999
0 5 0.09843097 8.585727 1.9588995 59.705467 4.402029 1.5021967 1.8559258 4.785986 -0.04019033 4.700667
0 5 0.09361385 23.796207 1.0417984 54.6424 4.602239 1.5665011 1.9440511 3.1928375 -0.08551391 1.4502531
0 5 0.09184644 -11.735528 1.1312985 103.837494 5.05938 1.7948791 1.9812676 1.4170475 0.06917691 0.56729245
0 5 0.087881856 23.917171 1.1040957 54.84826 4.617793 1.5499961 1.9276372 3.2032697 -0.050255984 1.2579324
0 6 0.07863734 34.16791 0.59449565 52.310978 4.416953 1.6481799 1.9141133 3.0744503 -0.04008141 0.009336945
0 5 0.07660869 24.415922 0.9135499 54.270348 4.664509 1.5418262 1.936322 3.3615572 0.0075496286 -0.020068483
0 6 0.07602525 33.47882 0.59630173 51.17115 4.470966 1.6568501 1.9223125 3.1440387 0.012864092 0.00583899
0 6 0.07567348 40.114204 -0.12996942 52.355396 4.36584 1.6806511 1.8958628 6.1508584 -0.016973631 0.030858655
0 5 0.073142804 23.95996 0.9782995 53.474476 4.630013 1.5410626 1.927922 3.3345494 -0.01074809 0.9818311
0 6 0.07092498 39.64165 -0.11328608 51.6658 4.295832 1.6564515 1.8666842 6.05836 0.019162433 0.017769545
0 6 0.070523724 39.97371 -0.06902927 52.782253 4.3446774 1.6675342 1.8963867 6.211638 0.0099491365 0.012356538
0 5 0.07014778 23.290308 1.2541001 52.80325 4.5939593 1.5663549 1.9466294 3.1881335 -0.045878507 1.4129243
0 6 0.06926565 41.17855 -0.14821541 51.687523 4.4182773 1.678804 1.8914815 6.2612233 -0.0019780407 0.017378353
0 5 0.06883466 -11.48507 1.1919565 103.54755 4.8335576 1.7791464 1.9534175 1.3648013 0.026998574 1.5395374
0 5 0.06798402 -11.797538 1.1182123 105.67148 5.1782026 1.8091607 1.9841905 1.4564395 0.0632444 0.550678
0 6 0.066817135 39.649582 -0.07139331 52.28828 4.2979517 1.644009 1.8697218 6.1412406 0.03174895 0.00688407
0 6 0.06427657 25.878656 1.0651679 59.648586 4.261558 1.5198054 1.8438351 3.1404574 -0.041883603 0.7974708
0 6 0.06339357 40.49368 -0.15040028 50.960472 4.310869 1.6482017 1.8471384 6.158445 0.03777075 0.01451014
0 6 0.06333061 34.11101 0.5682608 52.072834 4.4466248 1.6356409 1.9118536 3.041329 0.025693187 0.012202337
0 5 0.061957113 -11.695683 1.1899385 105.14062 4.9928927 1.8105186 1.949201 1.4173087 0.029945364 0.85712284
0 5 0.053195417 24.21629 0.881067 54.84536 4.6684566 1.5051699 1.9523367 3.3011608 0.0022142567 -0.021678396
0 5 0.05288624 28.087399 0.26556933 88.731186 4.9278603 1.9371876 2.0135562 4.8477225 0.019518742 7.4542346
0 5 0.05286724 25.756437 1.0483539 58.42059 4.2564454 1.53663 1.8222406 2.9413126 -0.07460393 1.5997874
0 5 0.052860346 27.49522 0.30210006 86.78139 4.8360085 1.909308 1.9855056 4.92508 -0.05382385 7.6028256
0 5 0.052463308 26.180346 1.1477343 60.250263 4.2390623 1.5113683 1.8306562 3.2002542 -0.055221125 0.5318015
0 6 0.051963132 41.209034 -0.032378078 54.00667 4.339671 1.652512 1.8945113 6.270696 -0.011267465 0.014153421
0 6 0.0506809 40.79376 -0.034450352 53.440216 4.296761 1.6385027 1.8822361 6.220776 0.007852912 0.016556077
0 5 0.05065184 -16.490198 2.2534494 39.30498 4.6576657 1.5484176 1.8680178 1.5967607 -0.09660277 -11.079654
7 2 0.05422642 -20.847464 1.8804967 51.269882 0.62117165 1.7658846 0.58331466 4.70539 0.15803248 -3.6961844
