0 5 0.17940593 16.633938 1.663447 109.15564 4.456172 1.6557235 1.9351412 4.8425255 0.024831923 8.694677
0 5 0.14923377 16.229248 1.6974788 106.19429 4.398965 1.672086 1.9059192 4.8913107 0.10568002 7.6567726
0 5 0.11951136 16.70828 1.7179903 109.67115 4.453366 1.6480048 1.9468101 4.828218 0.08033232 9.487301
0 6 0.09535925 -26.21759 2.4237325 35.85013 4.1032095 1.5711001 1.81909 5.380597 0.0020967312 -0.002918072
0 2 0.086106345 -22.296793 2.3817837 31.812874 4.2608104 1.5362504 1.8046023 2.6531844 0.0009739045 0.0040743854
0 5 0.08366083 -23.00372 2.3945153 33.763847 4.2645226 1.5591179 1.814244 2.5810103 0.012030229 -0.003002489
0 6 0.083551936 -26.640844 2.5268667 35.80545 4.138801 1.5676669 1.815131 5.434029 -0.049740992 -0.046311155
0 6 0.08339654 -26.299118 2.439147 35.425255 4.1321454 1.5813541 1.8157899 5.386872 -0.06733229 -0.04267956
0 5 0.07858163 16.399574 1.740071 108.29059 4.4284525 1.6501099 1.9193329 4.872779 0.064206176 7.6698594
0 6 0.07713055 -25.919107 2.3933969 36.330116 4.086062 1.570999 1.8216087 5.3315454 0.012617467 -0.014641609
0 6 0.075188816 -25.886639 2.3517275 35.365635 4.0793886 1.590134 1.8063453 5.3410273 -0.05666755 -0.01804873
0 5 0.06913322 -22.965727 2.4350822 33.09659 4.25015 1.5426323 1.832786 2.6583793 0.013024349 0.023713123
0 6 0.064976886 -27.648354 2.5251005 36.290882 4.160964 1.5428247 1.8226277 5.418516 -0.041443273 -0.014130875
0 5 0.059432294 -22.178234 2.360609 34.68425 4.374946 1.5987095 1.8257681 2.3627925 -0.0039744927 -0.043303676
0 5 0.05837161 16.942726 1.7422075 111.39148 4.4957705 1.5824168 1.9300131 4.797675 -0.11846704 10.544625
0 5 0.057792675 5.667059 2.3254826 123.476105 4.8183575 1.6201153 1.9577838 4.711826 0.09359022 8.259921
0 2 0.056017324 -19.850433 2.274078 27.159328 4.0648875 1.5157745 1.7196243 2.6207724 -0.0681115 0.014502332
0 6 0.055675384 -24.971588 2.3793397 36.738117 4.1397057 1.5609682 1.8325408 5.2262435 -0.031327873 -0.019831445
0 2 0.055107065 -16.147724 2.0895696 23.1728 4.0781355 1.5294824 1.7380164 2.5415978 -0.0364717 0.023187742
0 5 0.05389686 16.061785 1.6958678 105.879036 4.3920174 1.6499393 1.9027039 4.8905683 0.100114845 7.033956
0 6 0.05364416 -29.101042 2.6755877 37.151142 4.1838546 1.533965 1.8229764 5.364689 -0.05370991 -0.013804535
0 5 0.053185627 -23.068396 2.4444826 34.30376 4.2903557 1.5692726 1.8256073 2.5211027 0.02521387 0.025203384
0 6 0.05230567 -30.171833 2.7559361 37.65856 4.141497 1.5201926 1.7904972 2.2119117 -0.045467503 0.00050413236
0 5 0.051045597 5.7862396 2.438278 125.21369 4.787424 1.6276816 1.9529066 4.7058244 0.07233443 8.765729
7 2 0.061750583 -8.655877 2.1434255 11.640359 0.65406513 1.6287887 0.6081565 5.2172823 0.25483057 0.32391143
