0 5 0.14630492 14.595332 1.4748498 88.10488 4.4301267 1.6606956 1.8986384 4.927336 0.06773627 7.4382386
0 6 0.079121135 17.074768 1.6826963 19.01807 4.2747173 1.5676941 1.8169962 6.878368 0.003448831 -0.033306148
0 5 0.065597564 14.536811 1.4549975 87.558044 4.4025364 1.6418732 1.8754259 4.9277897 0.055750437 6.9810624
0 5 0.0571078 14.712147 1.5139749 88.91657 4.476388 1.6651678 1.901847 4.897414 0.035065964 6.2699413
0 5 0.05695605 -2.3976457 1.7782266 103.07914 4.8793283 1.6773108 1.9671296 1.5458288 0.06985304 -4.352059
3 5 0.069189735 16.501299 -0.3618729 91.721504 11.99287 3.951455 2.7309592 4.8476944 -0.042172015 6.7953463
3 5 0.06508961 15.659213 -0.55364203 86.601166 11.539633 3.805006 2.6892076 4.8227515 -0.02550682 6.381229
3 5 0.055074684 16.154135 -0.46272683 88.83876 11.997366 3.837244 2.765846 4.8445864 -0.031993628 5.997168
7 2 0.12543888 -21.444132 2.4649713 44.54875 0.6668313 1.6408304 0.59782636 1.8570532 -0.09309747 -0.032162767
7 2 0.107617676 -21.207695 2.3625464 44.11171 0.63207203 1.6695329 0.5717371 1.8264709 -0.08795154 0.051512443
7 2 0.0986328 -20.922369 2.3674493 43.64524 0.6089502 1.6572628 0.54582167 1.8201822 -0.044157512 0.07213645
7 2 0.09702512 -21.138716 2.4667926 44.03247 0.65813106 1.6408452 0.57657224 1.8742647 -0.012409994 0.015346162
7 2 0.062245715 -21.697054 2.4295049 44.98994 0.7156744 1.6782093 0.6091777 1.888988 -0.13124536 -0.046012532
7 2 0.061579034 -21.893618 2.4192348 45.419056 0.62437457 1.6403027 0.5891631 1.8171315 -0.116423815 -0.056846116
7 2 0.05170971 -21.425194 2.325775 44.405136 0.6914133 1.6916413 0.5853276 1.8467016 -0.11851748 0.030902673
