0 5 0.37102532 5.59936 2.069554 16.785591 4.4306016 1.5475411 1.8333579 4.767392 -0.15246633 6.246793
0 5 0.25243065 -15.788124 2.3366551 63.620213 4.5980296 1.5552193 1.9365659 6.126711 0.043243423 -1.2421321
0 6 0.21860471 -36.69693 3.2281492 47.302734 4.5824904 1.5220641 1.9436985 1.5073133 -0.024852533 -0.03993657
0 5 0.21457586 17.815815 1.4039657 64.02198 4.529912 1.5885909 1.9442143 3.1904228 -0.02107465 -0.0010739584
0 5 0.19682817 -0.40428045 1.8581109 61.85507 4.7038436 1.5706153 1.9362525 2.5715933 -0.06916294 -5.934988
0 5 0.19584715 5.443553 2.0327284 16.57192 4.433745 1.5123438 1.8357425 4.7742486 -0.080838874 5.9708405
0 6 0.19056058 -36.98265 3.1810944 47.64425 4.5736527 1.5129095 1.9498911 1.5136513 -0.031297736 -0.5282495
0 5 0.1869062 19.23543 1.4136174 68.8791 4.5386586 1.6688828 1.9421139 3.1421764 -0.04295248 -2.7106414
0 5 0.1835288 43.107857 1.2827533 50.04983 4.9682164 1.7650195 2.0623646 3.2745323 -0.050201215 -1.5616957
0 6 0.17353664 -37.564953 3.2703147 48.442554 4.555093 1.537035 1.9490706 1.548301 -0.04810849 0.973423
0 5 0.16952103 34.40662 1.6457489 63.715355 4.50952 1.577627 1.9488288 3.51421 0.0048161987 0.27036273
0 5 0.16730116 -0.2077154 1.8733338 67.05019 4.6940002 1.6369166 1.9971976 2.593525 -0.016791422 -4.0072174
0 5 0.16293827 44.67874 1.3232025 51.63109 4.9643826 1.7605304 2.0526927 3.2876728 -0.044527136 -3.034961
0 5 0.16256976 18.639202 1.4831152 67.00724 4.5588255 1.6439475 1.9549006 3.1590114 -0.03516929 -3.618234
0 5 0.16105972 -15.708311 2.3055997 63.31017 4.589264 1.5595467 1.9395137 6.09891 0.039398022 -0.23534968
0 5 0.15613869 18.090685 1.5154374 64.6551 4.622138 1.6677686 1.9540656 3.124593 0.01349188 -0.7074983
0 5 0.15527087 -0.36560583 1.8152528 62.52668 4.7581024 1.5699061 1.9453685 2.4728096 -0.06447141 -3.893889
0 5 0.15505654 -0.4770679 1.9640107 65.63676 4.564775 1.5580397 1.9268405 2.507409 -0.03736 -6.19046
0 5 0.13450147 44.07146 1.2412443 51.443287 5.022347 1.7842859 2.0559726 3.3504863 -0.039832726 -1.2417625
0 5 0.12789527 18.515003 1.5408615 65.73 4.5602036 1.6061647 1.9140402 3.074056 0.026438465 -1.7033092
0 5 0.11430082 45.70786 1.3020607 52.93976 5.032769 1.7486202 2.051535 3.3586307 -0.024964923 -3.7011352
0 5 0.10818051 -15.706298 2.2961996 63.003597 4.567307 1.5555075 1.9282393 6.097245 0.018159473 0.07563588
0 5 0.10677677 -0.20000622 1.7663602 68.685265 5.0003047 1.6886944 2.0557232 2.1835966 -0.05478517 -3.0820832
0 5 0.105671294 18.192005 1.397733 65.21121 4.5060897 1.55802 1.9289935 3.1498828 -0.060184546 0.0008820705
0 5 0.10021411 34.808067 1.6699295 64.48459 4.4970403 1.5725554 1.9455918 3.481184 -0.042642668 0.72013897
0 5 0.097531185 17.81339 1.354317 63.621033 4.630596 1.6429988 1.9707727 3.1969225 0.020660998 -0.15199584
0 5 0.09473621 -0.45143443 1.9071424 66.80851 4.557774 1.5642651 1.9316757 2.501316 -0.07058491 -6.1739683
0 6 0.09441532 -42.08743 3.3709774 54.06934 4.293095 1.5701585 1.8609015 1.4110879 -0.08093096 -0.031063912
0 5 0.09429742 35.10954 1.6667615 64.197815 4.4829063 1.6408926 1.9039845 3.2571476 -0.06847979 1.3925756
0 5 0.094002545 34.686237 1.6365225 64.08013 4.527108 1.562062 1.9376608 3.4915152 0.030297076 -0.25828367
0 5 0.09186301 -0.33149335 1.8595352 64.86928 4.6783786 1.5695419 1.9428209 2.3029757 -0.043849535 -4.8067045
0 6 0.091029115 -36.78093 3.1355178 47.812023 4.543028 1.50715 1.9345096 1.5362954 -0.030714478 -0.798073
0 5 0.090333834 34.06447 1.6307842 63.4096 4.5009475 1.554976 1.9451149 3.5344903 0.028136494 -0.42555392
0 5 0.08909112 17.41168 1.530216 62.143814 4.564704 1.5938876 1.9304283 3.112421 -0.0026410576 -0.7281574
0 5 0.08868878 -0.07977581 1.9292378 67.343155 4.74801 1.6394756 2.0053356 2.5788138 -0.029028373 -6.150449
0 5 0.08835432 53.36814 1.4145706 74.83132 4.980621 1.7735022 2.0739665 7.4605556 -0.0010567289 0.5958098
0 5 0.08721862 -0.3516723 1.8482941 65.43935 4.54886 1.5620999 1.911739 2.5080676 -0.004367642 -6.3882146
0 6 0.085511915 -41.62355 3.3299208 53.124065 4.3667355 1.5682468 1.8931082 1.470948 -0.05182015 -0.01629531
0 5 0.085034914 52.306713 1.4511495 74.27678 4.9868517 1.7479792 2.0747013 7.0743256 0.04168666 0.13510409
0 5 0.08466654 35.65259 1.6236815 64.22102 4.4860315 1.6382289 1.9072578 6.2907248 -0.043053623 0.5791935
0 5 0.08374515 34.836445 1.6795635 65.11308 4.4320245 1.6199607 1.8950088 3.3628063 -0.08142367 1.1057976
0 6 0.08326506 -44.82256 3.522151 58.58426 4.1975765 1.5517572 1.8211995 1.4022852 -0.12520018 -0.06339808
0 5 0.08313038 0.16948779 1.711802 86.57288 8.088065 2.763921 2.7303715 1.8936701 -0.044588037 -0.044747423
0 6 0.07971482 -35.286198 3.2110481 76.29396 4.3462205 1.6513954 1.9281157 2.9426632 -0.01445478 -0.02242351
0 6 0.0796384 -41.404648 3.4123406 53.141483 4.3351583 1.5853589 1.8712091 1.3867494 -0.08550514 -0.02481019
0 5 0.07941289 -0.13628301 1.7578027 79.35905 7.23899 2.5552967 2.5728867 2.1937757 -0.059178233 -0.98206955
0 5 0.07937515 -0.43215486 1.8641231 63.119125 4.685689 1.5508914 1.9088683 2.5933223 -0.089839846 -5.668493
0 6 0.07776902 -41.33809 3.4072037 52.79596 4.4130383 1.5991722 1.9105724 1.4768364 -0.049510665 -0.02315004
0 5 0.076719396 33.889107 1.620189 65.958824 4.1804614 1.61959 1.8104157 3.3974228 -0.02285819 -0.00927495
0 5 0.0733134 -18.251564 2.6215258 72.9273 4.6430855 1.593325 1.962175 6.1517687 0.09463568 1.4214367
0 6 0.07278554 -35.642136 3.1974883 75.4429 4.3310857 1.6463273 1.9291968 2.8614993 -0.020820312 -0.031591535
0 6 0.07259915 -34.885864 3.1894279 77.1481 4.364739 1.647779 1.9294617 3.0433102 0.018696243 -0.009296034
0 5 0.07002329 34.334995 1.6635804 65.72646 4.3186255 1.6047932 1.8631166 3.4176273 -0.07278156 -0.04004194
0 5 0.07000009 19.339193 1.4888151 69.06505 4.639299 1.6967103 1.9784498 3.1706333 -0.01722537 -2.5342286
0 5 0.06929938 -0.11687976 1.9098504 68.660736 4.6946845 1.6291752 1.9824693 2.58753 -0.02655831 -4.1771092
0 6 0.06901698 -38.25149 3.267043 49.00378 4.474074 1.5415701 1.9136345 1.5360806 -0.094250046 0.7350126
0 5 0.068567224 -17.669577 2.6827636 72.08585 4.660618 1.5808758 1.9549139 6.198346 0.0030210856 1.7665293
0 5 0.06853764 52.03147 1.3296833 73.93008 4.8825946 1.6865734 2.0431514 7.10542 0.056793846 0.13765532
0 6 0.06845857 -37.907616 3.2315605 48.543873 4.468432 1.5354242 1.937503 1.5772504 -0.09050928 0.73891413
0 5 0.067818135 35.193897 1.6390879 65.133675 4.505899 1.5708936 1.9438598 3.4787855 -0.0392228 0.0020426232
0 5 0.06689966 18.401575 1.4879696 65.51403 4.5790772 1.6100719 1.909832 3.0157323 0.006562095 -0.58625394
0 5 0.066798605 42.369667 1.4121661 49.273354 4.897432 1.7636263 2.056216 3.2502294 0.008378521 -1.7070043
0 5 0.06487952 17.852453 1.4623926 62.91698 4.569121 1.6225545 1.9202427 3.0423434 0.023022449 -0.76589185
0 5 0.06266809 43.752518 1.4569072 50.497433 4.835557 1.7783483 2.0353012 3.3001556 -0.011413084 -1.6974013
0 6 0.062644415 -43.783676 3.5639586 57.09548 4.2128186 1.5372021 1.8228835 1.3215712 -0.122397564 -0.050898664
0 5 0.061134346 -0.43598714 1.9033201 61.092648 4.67992 1.5538226 1.9250149 2.5921679 -0.054218464 -4.8819284
0 6 0.060208026 -42.564137 3.4813423 53.82396 4.453003 1.5838786 1.9162415 1.5063581 0.0072884485 0.0646863
0 5 0.05956979 49.123943 1.5550469 68.80498 4.371134 1.5417749 1.9052309 5.1241655 0.009814199 2.0200362
0 5 0.058357503 -0.31286165 1.8878419 66.01747 4.5585294 1.5660635 1.9158154 2.5124807 -0.0062507857 -5.943453
0 5 0.058306403 -0.44286034 1.8864713 64.914894 4.5382404 1.5589167 1.9122918 2.5033681 -0.022497032 -6.6970115
0 5 0.057523698 -18.55067 2.7125094 75.205315 4.6025863 1.5349973 1.9155247 6.164031 -0.05390656 1.2286216
0 6 0.055917382 -36.189487 3.2079566 76.06558 4.3155656 1.6565633 1.9234147 2.8068182 -0.055212945 -0.021346409
0 6 0.055696677 -41.942543 3.342302 52.940346 4.3850393 1.5599045 1.8953508 1.5223451 -0.019326823 -0.0071421545
0 5 0.055618696 53.297462 1.4865539 74.379456 4.8627534 1.7008535 2.0475976 6.63904 0.021258334 0.041958116
0 5 0.055568974 33.805416 1.7172123 64.36511 4.449134 1.5537167 1.90956 3.4140184 -0.038312186 0.034676995
0 5 0.053805344 34.11427 1.5397772 66.94378 4.1018443 1.6478859 1.7769289 6.4613175 0.06644456 0.3867498
0 6 0.053771544 51.321114 1.4022453 73.25097 4.8009343 1.7005361 2.014343 7.5212984 -0.04334712 1.1611022
0 5 0.053358193 42.493156 1.2723716 49.551136 4.921715 1.7548276 2.0414164 3.2230916 -0.061782017 -2.5011446
0 6 0.05231644 -37.020195 3.1781263 49.336926 4.504717 1.5431976 1.9386936 1.7733283 0.044702224 -0.032248653
0 5 0.052164577 5.169636 1.9899929 15.507314 4.414724 1.4694691 1.7322035 4.7438126 -0.07415767 7.6750093
0 5 0.05210622 -18.466633 2.5711555 74.68805 4.5734034 1.5379164 1.8788544 6.0705194 -0.023738438 1.4892088
0 6 0.050488032 -46.368618 3.6105042 61.697353 4.14492 1.5224025 1.7970252 1.5449402 -0.120373435 -0.07710691
0 5 0.050461538 0.6735875 1.5585337 89.59169 8.061475 2.8505259 2.760567 4.836148 -0.0550273 3.4408655
1 5 0.052224405 0.16948779 1.711802 86.57288 8.088065 2.763921 2.7303715 1.8936701 -0.044588037 -0.044747423
3 5 0.09812647 24.192766 0.6924679 70.20289 10.291511 3.0287766 2.8314557 1.5299746 0.090371 -0.36207163
3 5 0.07366805 0.6735875 1.5585337 89.59169 8.061475 2.8505259 2.760567 4.836148 -0.0550273 3.4408655
3 5 0.068503045 26.524946 -0.051412225 78.43766 11.103272 3.655417 2.9065356 5.0152144 -0.042550333 0.90051144
3 5 0.066289 0.16948779 1.711802 86.57288 8.088065 2.763921 2.7303715 1.8936701 -0.044588037 -0.044747423
3 5 0.062254317 26.049541 -0.14274311 78.03071 11.107136 3.4858272 2.9131174 5.0013685 -0.0066739684 1.6535099
3 5 0.060787465 51.74073 1.6011703 72.562386 8.059957 2.225785 2.4407651 3.6831603 -0.00966106 -0.08413343
3 5 0.05732059 48.65767 1.6255293 70.09104 7.42101 2.1457443 2.3174133 6.8246465 -0.014327212 -0.42787343
3 5 0.055730432 -11.078648 0.71085584 57.203533 12.165599 4.2184224 2.684325 1.3106691 0.06303595 0.66180825
7 2 0.25416145 -6.91451 1.9694866 40.37179 0.83986306 1.8079591 0.7210551 4.598708 0.11319434 0.6948738
7 2 0.22090934 -7.129655 1.9953266 41.6622 0.8356393 1.7904124 0.7015557 4.607506 0.10088816 0.65827185
7 2 0.19057429 -6.9970136 2.0312304 41.113968 0.8620837 1.8295252 0.7287777 4.6104245 0.092862 0.53848004
7 2 0.18819907 -7.227196 2.0472007 42.391594 0.86464596 1.8054229 0.7112165 4.592634 0.10036979 0.83594865
7 2 0.09263744 -7.0964894 1.9314467 41.250683 0.8302632 1.8017049 0.695404 4.610042 0.1512031 0.76923794
7 2 0.0886178 -6.9336715 1.9383445 40.25293 0.8184591 1.8078272 0.68597776 4.553514 0.08457471 0.9164267
7 2 0.08201322 15.323977 1.6326053 38.188602 0.60634035 1.5931007 0.59069175 5.992103 -0.030681623 0.25013766
7 2 0.078155264 -7.1485977 2.0737803 42.94035 0.92465824 1.838682 0.73985565 4.566354 0.05236505 0.5729844
7 2 0.07339778 -7.0386105 2.0620716 42.33778 0.9141369 1.8308367 0.7408904 4.625331 0.04990004 0.46908206
7 2 0.06964151 -7.332623 2.098978 42.954334 0.8188787 1.7819778 0.6969704 4.6218953 0.082101844 0.5892415
7 2 0.06848697 11.655794 1.721131 36.763317 0.6543396 1.6677022 0.60433877 1.4312983 -0.14339869 -0.013736382
7 3 0.061330214 14.819575 1.6496694 37.02739 0.587566 1.5848129 0.58324075 6.123048 -0.029412683 0.35687345
7 2 0.061283205 -7.24658 2.120721 42.68784 0.87280905 1.792071 0.71918046 4.5648828 0.081467286 1.6273682
7 2 0.058562968 11.666476 1.7121944 36.684124 0.6383748 1.6725887 0.5922101 1.3979234 -0.14274392 -0.112495534
7 2 0.055833057 15.487933 1.604666 38.586605 0.60589665 1.6053742 0.57514876 5.231334 0.038258635 0.39507654
7 2 0.05540987 11.40084 1.6908822 36.11072 0.6607313 1.6908604 0.5894186 1.4024594 -0.16233276 0.05449208
7 2 0.052719556 -6.3895664 1.8724368 37.529762 0.8383866 1.8232672 0.7219943 4.6066036 0.07300975 0.94031185
7 2 0.0503085 11.830977 1.634323 37.23177 0.63643587 1.6782054 0.5851048 1.4206606 -0.13368857 0.037361234
