0 5 0.3930904 7.5572395 2.063312 50.950535 4.38718 1.5224149 1.8768698 4.8055863 -0.029393692 6.721424
0 5 0.34435973 -18.26485 2.575008 24.349941 4.403463 1.6512667 1.8533944 1.808167 -0.10152577 -3.826247
0 5 0.15112624 7.4445815 2.0372276 50.5859 4.3749857 1.5308433 1.8591279 4.825655 -0.020600716 7.268511
0 5 0.11687977 -18.01043 2.6796818 23.909334 4.4036283 1.6871483 1.864371 1.8162601 -0.12629564 -3.9141908
0 5 0.10921675 32.51034 0.78004193 41.944374 4.3227396 1.7368935 1.906212 6.474191 -0.041156504 0.0420591
0 5 0.095645085 31.278616 0.32319176 41.032692 4.572427 1.7821453 1.9674444 6.338788 -0.0069862437 -0.0057462715
0 5 0.082325414 32.26512 0.29674464 42.692287 4.611016 1.8007424 1.984212 6.4434667 -0.022146897 -0.007900907
0 5 0.07974427 40.768772 0.56217945 59.52922 4.5605807 1.6736971 1.9506905 3.4477477 -0.0019902317 0.01441114
0 5 0.07912862 36.181583 0.47926596 50.366383 4.5800457 1.7366691 1.9602622 6.575207 -0.0062264027 0.030622311
0 5 0.07893106 31.46725 0.5736298 43.769882 4.386123 1.7406138 1.9065933 6.4512687 -0.0151957935 -0.08279517
0 5 0.0744347 32.669632 0.8523357 42.33215 4.4361105 1.7692876 1.9284074 6.558261 -0.05365541 0.06667408
0 5 0.07246967 32.90031 1.122435 77.8119 4.281741 1.5348041 1.908424 3.2047112 -0.011248652 0.011802532
0 5 0.07075665 33.123722 1.206224 75.70655 4.52046 1.5633861 1.9339852 3.3607948 0.027914727 0.026553039
0 5 0.07071302 33.224087 1.0493814 78.90384 4.264984 1.5388248 1.8915895 3.1724215 -0.04988201 0.013302911
0 5 0.06926509 33.995193 0.55119514 44.66956 4.3582544 1.7532973 1.9039233 6.445925 0.028770434 0.0016540121
0 6 0.068663575 49.34227 0.44126347 73.70129 4.181662 1.5412029 1.847518 3.4078443 0.002493441 0.011595976
0 5 0.0677738 31.864126 0.3391453 42.084454 4.657916 1.7991806 1.9849224 6.454841 -0.05231277 -0.005606331
0 5 0.065202646 32.28915 1.1701792 75.21302 4.5156264 1.5699005 1.9156694 3.3531547 0.03328138 0.059901334
0 5 0.061687034 -18.439518 2.5323799 24.529993 4.34424 1.6315825 1.8474119 1.8577254 -0.07222564 -5.241742
0 5 0.060288936 32.962803 1.1887753 75.346954 4.5881844 1.5676148 1.9413389 3.3667417 0.029874695 0.079873875
0 5 0.059962124 8.427212 2.2671907 55.806248 4.534298 1.574955 1.8898563 4.7329645 -0.025901724 8.7018175
0 5 0.05966097 -18.414606 2.6008 23.988085 4.415318 1.6626341 1.884437 1.7888887 -0.05629675 -3.6045718
0 5 0.058989234 31.796362 0.3489142 41.51516 4.6388354 1.7845676 1.9788471 6.392821 -0.027618896 -0.014019217
0 5 0.058497187 8.349661 2.2160609 55.161377 4.5357103 1.548597 1.9181937 4.7380333 -0.040986832 9.689897
0 5 0.05799948 32.499763 1.1485891 75.47925 4.5643682 1.5773766 1.9254323 3.3757832 -0.013102227 0.03019337
0 5 0.05702852 20.26337 1.8972459 72.68068 4.544483 1.5217848 1.9115708 4.6781745 0.04127229 4.910325
0 5 0.055641633 -22.616972 2.2639298 92.188965 4.6647053 1.6521577 1.9645087 4.6649117 0.0373827 8.616627
0 6 0.055630267 42.57485 0.62781686 61.59955 4.5655465 1.6568304 1.9532566 3.3958585 -0.014909992 0.04173316
0 5 0.055345457 32.655777 0.80276656 43.721363 4.349252 1.7752347 1.9058242 6.4276323 -0.022553487 0.004899677
0 5 0.05525007 31.835203 0.81419146 65.08065 4.783875 1.7160691 1.9845917 3.4096591 -0.010239437 0.008080173
0 5 0.054796588 -22.77495 2.3308408 92.655495 4.709944 1.689736 1.9850595 4.643175 -0.040099032 7.3979297
0 5 0.05479467 32.025223 0.97371644 69.24651 4.6421747 1.6289728 1.9382198 3.3761654 -0.00023293681 0.024006847
0 5 0.054204054 31.728613 1.0441098 68.68991 4.632344 1.6294345 1.9334021 3.3560126 0.0067161247 0.031277187
0 5 0.05245343 31.174675 0.50390285 39.573757 4.5760665 1.709041 1.9408524 6.426525 0.010509383 -0.0041447654
0 5 0.05211636 33.393753 1.2415887 77.12548 4.468733 1.5541859 1.923625 3.3399007 -0.04842686 0.041780844
0 5 0.050593395 20.103252 1.8426107 72.10875 4.536316 1.5030925 1.9045773 4.6881094 0.011512822 5.287981
0 5 0.050327953 33.087307 1.2323074 76.44957 4.529757 1.5627362 1.9356847 3.322645 -0.06353155 0.23586744
0 5 0.050183438 31.665548 0.7110459 40.95787 4.356388 1.7396579 1.9231288 6.407197 -0.0016652718 0.019222867
3 5 0.05533431 -33.787376 1.9302831 111.665306 11.769145 3.6383686 3.2686625 0.9046148 0.04399868 -1.364606
3 5 0.052418046 -34.410652 1.6861389 110.64163 11.832097 3.733471 3.3113008 1.6656129 0.052060254 -2.134778
7 2 0.19863601 -4.5307465 1.7873335 71.56796 0.69801044 1.7491288 0.57866395 4.8182793 0.106284104 -1.0919054
7 2 0.15095015 -4.5199265 1.7468691 71.40621 0.74192715 1.7286553 0.60342073 4.835468 0.11844709 0.019968983
7 2 0.10955146 -4.5163603 1.8153105 71.79996 0.7605643 1.7207648 0.5777494 4.8091393 0.121875204 -0.39676797
7 2 0.10565449 -4.497059 1.8217143 71.612404 0.7179521 1.761226 0.5723672 4.834581 0.13561052 -0.08773027
7 2 0.06994406 -4.47343 1.798896 70.53081 0.6610275 1.7578573 0.579206 4.863516 0.084949724 0.5729885
