0 5 0.13879418 15.838962 1.7399778 96.53234 4.4558325 1.5848631 1.9247875 4.8620586 -0.028354784 7.2953525
0 5 0.13205776 15.522667 1.7309464 95.148605 4.4740777 1.5953554 1.9213619 4.8750916 0.07294219 6.904251
0 5 0.09805492 -22.299173 2.3145292 29.657442 4.4109735 1.6455625 1.8559526 2.000194 -0.096817166 -0.028202565
0 7 0.09782794 -25.579136 2.5193367 32.04859 4.222396 1.6265042 1.8089767 5.1780176 0.02009073 0.007875804
0 5 0.07754202 15.75659 1.8044744 95.9325 4.4511905 1.5827229 1.9127125 4.8368692 0.06427906 7.938628
0 5 0.07595607 15.323165 1.7774956 94.34655 4.5183234 1.5802104 1.9163834 4.856413 0.07519449 7.776372
0 7 0.07095526 -25.97975 2.5063987 32.17049 4.1647825 1.6238104 1.7917997 5.0447674 0.0145632755 0.019507375
0 7 0.06550197 -26.209867 2.6194053 32.88555 4.2433763 1.6340941 1.8168163 5.2066603 0.04746344 0.078594156
0 5 0.06305568 -21.934305 2.2179737 29.094635 4.370521 1.6359358 1.8302733 2.027556 -0.05964701 -0.03891658
0 5 0.0621758 -22.825092 2.3455327 29.428267 4.3372664 1.6487203 1.8419529 1.9233088 -0.062328048 -0.005292138
0 5 0.06181266 15.934136 1.7568678 97.026535 4.485249 1.5933702 1.9418176 4.900604 -0.0059052687 5.8331676
0 5 0.05819231 -22.678505 2.4239597 30.067377 4.4385448 1.6870822 1.8768011 1.9847295 -0.011224635 -0.011016345
7 2 0.090829216 -21.657671 2.5122561 55.384296 0.59095067 1.754666 0.6303536 1.8684123 -0.0796964 -0.08586082
7 2 0.084383 -21.57455 2.5360353 55.33728 0.5875527 1.7709104 0.622459 1.8791507 -0.13014932 -0.16396067
7 2 0.06573406 -22.106073 2.2119403 49.454292 0.68237776 1.8135225 0.6479543 1.883001 -0.081986345 0.008931115
7 2 0.064943634 -21.828495 2.59397 55.924183 0.5962237 1.7725607 0.6032654 1.8522227 -0.120820016 -0.13761242
7 2 0.061566245 -21.940855 2.125853 49.155384 0.6967799 1.8187852 0.6416096 1.852404 0.05962246 0.15942341
7 2 0.060673427 -21.896189 2.5965567 55.89459 0.6006111 1.7550746 0.607205 1.8310478 -0.11148021 -0.12261394
7 2 0.060346853 -22.089634 2.1886702 49.354836 0.7252121 1.8122842 0.65244883 1.8296058 -0.004890577 0.114535265
7 2 0.05989426 -22.040014 2.0878162 49.355305 0.66627663 1.7888925 0.6471305 1.9064411 -0.107902445 -0.045673117
7 2 0.051853564 -21.26138 2.4948478 55.06902 0.6184491 1.7587694 0.6318311 1.9146897 -0.057744868 -0.051999275
