0 5 0.47186568 5.6344953 2.0915892 19.951555 4.540176 1.5058466 1.8498014 4.8519564 -0.07484137 5.0440083
0 5 0.2879279 4.312701 1.8070477 69.96125 4.8908825 1.6546407 2.0000937 2.4146116 -0.0410746 -3.2352712
0 5 0.20259379 18.40881 1.4248339 56.160038 4.4461827 1.5049746 1.9018188 4.7800145 -0.037067436 3.0415545
0 5 0.1977232 6.418439 2.2928 22.561024 4.5202794 1.5443019 1.866739 4.810355 -0.055474862 5.49076
0 5 0.19681828 6.325656 2.2494874 22.113285 4.570069 1.5074033 1.8820828 4.799564 -0.013384834 6.801931
0 5 0.19369383 4.28419 1.8159478 69.53375 4.890242 1.6595212 1.986426 2.4472275 -0.04116509 -3.3167155
0 5 0.19154496 45.589745 1.0554382 53.36344 4.898605 1.7657994 2.038961 3.3489585 -0.021535091 -1.7948847
0 5 0.1741564 4.392204 1.7915292 70.75023 4.9810038 1.6757423 2.0162568 2.2692974 -0.032871224 -3.4861598
0 5 0.17056844 18.681362 1.4025092 56.74278 4.4454103 1.4935106 1.9045415 4.814697 0.0074407496 3.1247456
0 5 0.1538146 -22.347523 2.9658947 80.48828 4.6226172 1.5365442 1.9465988 6.069954 0.097185925 0.14069214
0 5 0.14458804 -22.281784 2.9954867 80.28198 4.6553764 1.5430006 1.9525069 6.09185 0.04526987 0.13820729
0 5 0.14285298 -22.199867 2.9761176 79.89417 4.615833 1.5380076 1.9395235 6.0241146 0.089681275 -0.43967673
0 5 0.1386192 47.55171 1.1999124 55.30407 4.9376054 1.7826791 2.059661 3.2417743 -0.016666614 -3.4753346
0 5 0.13053772 -37.282284 3.4620676 85.2411 4.441118 1.5946499 1.9202943 4.5566363 0.019068407 1.7603804
0 5 0.12251598 -22.04711 2.9968672 79.404434 4.6659017 1.5562937 1.9537218 6.0715685 0.05649791 0.17393914
0 5 0.118292935 5.9596834 2.1682682 21.253555 4.6025243 1.4779668 1.8299989 4.8532906 -0.11852116 7.8577194
0 5 0.09748554 17.947594 1.3521581 55.86288 4.6162734 1.5058191 1.9488616 1.877102 0.051804356 -0.16426063
0 5 0.09691875 6.961301 2.3409576 24.413239 4.578176 1.4924089 1.8600137 4.822372 -0.0883479 4.7439594
0 5 0.09445835 17.979147 1.3775978 54.05271 4.65297 1.5193791 1.9657216 1.9074398 -0.01997647 1.1468832
0 5 0.09001819 4.406412 1.808454 71.31618 4.990711 1.6415502 2.0098014 2.3522115 -0.047352597 -1.4969612
0 5 0.085485406 48.304184 0.86184907 71.74372 9.14168 3.020895 2.612617 1.6167846 -0.003763128 0.84606683
0 5 0.08401855 -48.319252 3.7777956 63.59522 4.573177 1.5976094 1.9399726 1.2589462 0.013312988 -2.2133405
0 5 0.08387606 -36.87392 3.4038267 84.08286 4.432876 1.5908564 1.907747 1.4028409 0.04081063 1.8649234
0 5 0.08377315 17.946625 1.3896046 54.97158 4.430465 1.5104324 1.8732817 4.815372 -0.034903653 1.0873188
0 5 0.08115507 4.290007 1.7829752 68.9128 4.787107 1.629639 1.958059 2.4199712 -0.08158402 -2.679514
0 5 0.079387955 4.513658 1.842073 73.12906 5.3960323 1.6865572 2.0630095 2.1966913 -0.039002582 -1.4972991
0 5 0.0784318 -47.753498 3.7403264 63.559532 4.570319 1.5948713 1.9382621 1.2643697 0.029884169 -2.8701115
0 5 0.07492754 -49.65764 3.861882 64.52014 4.5777783 1.5921317 1.9397244 1.2738801 0.025537321 -1.574508
0 5 0.07298846 44.14579 0.98308086 51.76919 4.844819 1.7098411 2.0077171 3.296372 -0.05114521 -2.918144
0 5 0.07262787 4.4372034 1.884784 78.16701 4.8277326 1.6579398 2.018941 2.7261772 0.004307635 -3.5082808
0 5 0.07071227 -36.987133 3.4686306 84.58356 4.458018 1.5936228 1.9153601 4.5655575 -0.00509967 1.2148156
0 5 0.06971695 -24.967405 3.2286391 90.946465 4.638054 1.5169814 1.9632233 6.058112 0.046356566 0.26021853
0 5 0.067981474 4.8224287 1.7113354 72.40695 5.1180587 1.7031438 2.0371988 2.0880787 -0.06935803 -2.1829
0 5 0.0676002 -44.279415 3.6245008 61.42787 4.5171475 1.5725245 1.923233 1.2434992 -0.03559432 -2.3829844
0 5 0.06738398 6.182186 2.2385285 21.871384 4.5532336 1.4833812 1.8652709 4.7582383 -0.036149185 4.698568
0 5 0.066975325 -49.731903 3.8475394 65.668594 4.6147842 1.6050947 1.9453899 1.2670679 0.0373182 -1.7267922
0 5 0.06592194 5.040299 1.8272038 80.2635 4.7521586 1.6504508 1.991206 2.5482922 -0.04886304 -2.18326
0 5 0.065173104 -46.66701 3.7434356 63.281017 4.543125 1.588152 1.9286622 1.264762 0.021513248 -2.9165573
0 5 0.06480035 -45.19374 3.6883717 62.19077 4.526874 1.591773 1.9281589 1.2485899 -0.0033559687 -2.5852757
0 5 0.06466405 18.993027 1.474395 57.54567 4.6383257 1.5041101 1.9285548 1.7926276 -0.07910845 1.4104925
0 5 0.06466084 15.556406 1.6160507 48.400997 4.6630883 1.4946126 1.9236702 4.9096265 0.004046809 1.8155797
0 5 0.06434944 -50.657948 3.9368238 65.822495 4.597478 1.5908077 1.937268 1.2793577 0.04014393 -0.9039455
0 5 0.06391991 19.247925 1.3743069 57.797436 4.3902473 1.4913152 1.8953656 4.951181 0.033199362 3.1217573
0 5 0.06329982 18.061113 1.3749969 56.290466 4.6826057 1.4885366 1.9601133 1.7341528 0.021556085 -0.019130541
0 5 0.06272801 49.560757 0.8149705 58.0377 4.5986166 1.72882 1.9725884 3.075159 -0.060231514 -1.574624
0 5 0.06182641 -48.253174 3.6443014 63.896477 5.0256696 1.6178381 1.9838195 1.3685544 0.017297423 -0.41804856
0 5 0.061555408 -48.521908 3.4078593 64.83839 5.1029415 1.6368666 1.9815892 1.3594646 0.05858531 -2.1790614
0 5 0.060326383 18.562958 1.3826892 56.099762 4.647441 1.5308244 1.9774027 1.8639218 0.015461383 0.7464473
0 5 0.058949716 -25.345415 3.1817162 91.195564 4.705837 1.5622033 1.9882361 6.093323 0.15784903 0.4528395
0 5 0.058432054 -43.40058 3.5968137 60.824352 4.50114 1.5485752 1.915238 1.2604017 -0.018990785 -1.3232154
0 5 0.058138303 -51.56735 3.9318678 65.712166 4.558324 1.589924 1.9382629 4.4554157 0.071154855 0.030446209
0 5 0.057983868 -48.89274 3.7939088 65.288124 4.6111107 1.6100234 1.9503651 1.2655928 0.042211317 -2.3815644
0 5 0.05694218 4.2636514 1.7466022 68.63834 4.843808 1.6134565 1.9568508 2.4449043 -0.06143575 -2.660541
0 5 0.055489384 46.608147 0.84849685 69.26937 8.078016 2.759595 2.4545991 1.5498829 -0.08318902 0.9946115
0 5 0.054970738 -24.829727 3.1785407 89.31721 4.7541256 1.5316902 1.9898623 6.0865507 0.12362962 0.15772232
0 5 0.05357084 18.679653 1.3347405 57.246777 4.579306 1.500413 1.9187053 1.666821 -0.049366727 1.1702027
0 5 0.053097636 46.850857 0.8964524 54.63565 4.9160714 1.6811472 2.0525377 3.3542457 -0.045570295 -4.004963
0 5 0.05307662 48.78908 0.8711002 72.06313 8.660422 2.9269257 2.6087914 1.6359534 0.05844126 0.5547595
0 5 0.052411925 17.774979 1.3779246 54.408844 4.412266 1.508378 1.8616582 4.783793 0.014169874 0.09272321
0 5 0.05220307 46.257725 1.4459064 53.615536 4.807919 1.7823108 2.0297513 3.287543 -0.004889343 -2.2514763
0 5 0.05205354 6.0782285 2.1846602 21.557684 4.5145583 1.4989145 1.869848 4.753977 -0.044154834 5.0720015
0 5 0.051985137 -46.98453 3.7807894 63.7687 4.567673 1.6014583 1.9424475 1.2760303 0.031742245 -1.9332814
0 5 0.051578563 -48.32047 3.5373008 64.98773 5.0058694 1.6605272 1.9890076 1.4291975 0.06774662 -2.5361066
0 5 0.05117957 47.553844 0.8714678 70.73414 8.048771 2.7687635 2.5064678 1.5644057 -0.09195442 0.84814376
0 5 0.050840333 -22.473255 3.0624151 80.95417 4.618041 1.5632521 1.9552723 6.058158 0.07701582 0.84757805
0 5 0.050627716 4.8348155 1.8344965 78.72949 4.751859 1.6405834 1.9787475 2.5914683 -0.0209876 -3.1872623
3 5 0.26271152 -48.48986 2.9177754 69.472275 12.374236 4.563865 2.9590125 4.349671 0.03196469 3.079219
3 5 0.1840216 -48.90386 2.9107635 69.90683 12.317364 4.580917 2.78303 4.3475256 0.063624956 3.519137
3 5 0.17461196 -47.061882 2.8277173 67.48794 12.394336 4.573236 2.93288 4.3201327 0.02244935 2.9204786
3 5 0.13049868 -47.581837 2.8165574 68.12086 12.19177 4.537587 2.7300262 4.343341 0.060103767 2.291713
3 5 0.13003007 -51.021923 2.991194 72.880714 12.551524 4.585114 2.979745 4.31952 0.03668364 3.2019408
3 5 0.12590829 -50.13444 2.86684 71.77462 12.502155 4.2260823 3.0423198 4.3645544 0.0002043359 4.0642037
3 5 0.10639717 -48.871872 3.1884074 68.56549 10.463233 3.1751359 2.7827973 1.2720271 0.040369004 2.0035377
3 5 0.09398595 -45.79516 2.8633559 65.95288 12.130384 4.381603 2.9891047 4.310506 -0.021474816 3.8067923
3 5 0.08954654 -44.09058 2.11586 117.42984 11.395913 3.9799495 3.1075714 4.582913 -0.021689849 3.4658048
3 5 0.08710494 44.12299 1.2458228 66.72506 9.390403 2.6199338 2.575583 2.016105 0.0116130505 -0.9074891
3 5 0.08342502 -43.472836 2.599135 63.873844 12.266464 4.484686 2.8883674 4.249636 0.014521727 3.0428872
3 5 0.08191207 -45.74496 3.1929076 73.39733 12.870685 4.027833 3.1292262 4.493662 0.0014321748 1.4626639
3 5 0.08123408 42.02384 1.5276437 65.13081 9.512204 2.5778966 2.5564306 1.9372424 -0.008476254 -0.29938474
3 5 0.07750903 -48.521908 3.4078593 64.83839 5.1029415 1.6368666 1.9815892 1.3594646 0.05858531 -2.1790614
3 5 0.07231368 48.304184 0.86184907 71.74372 9.14168 3.020895 2.612617 1.6167846 -0.003763128 0.84606683
3 5 0.07111573 -43.886658 2.2026248 116.51043 11.137466 3.9784565 3.0953605 4.7111955 -0.023738276 4.2786255
3 5 0.068695456 -44.20056 2.633853 64.843704 12.173894 4.507581 2.6895616 4.3094134 0.06797106 2.8172154
3 5 0.06556549 -44.905342 3.1248894 72.46509 13.126394 4.0454106 3.33932 4.4779 -0.03677216 1.7534411
3 5 0.06489852 -43.391663 2.1703627 115.20572 11.172117 3.8809962 2.9996383 4.7390018 -0.032325845 4.21788
3 5 0.06398829 -49.76817 2.9008312 128.12823 9.976998 3.525972 3.4347372 5.4392414 0.063656904 2.7141576
3 5 0.06350639 -50.174477 2.3236356 71.427025 12.2027855 4.5409603 2.7345684 4.2969275 0.05344411 3.7002654
3 5 0.06267346 -43.17765 2.2702734 113.851204 10.705818 3.8934996 2.9874887 5.153493 -0.059379816 4.9483705
3 5 0.062624246 -49.24583 3.3480892 75.88097 12.565869 4.011632 3.1002126 4.4252167 -0.015620818 1.4617511
3 5 0.06257742 -47.88234 2.8960927 125.49092 9.910831 3.5869286 3.3062117 5.290576 0.030437032 2.6699839
3 5 0.062109075 -47.844807 3.3900108 74.6579 12.757842 4.157507 3.2796059 4.388634 -0.058948167 0.9909558
3 5 0.059302296 -51.59633 3.4277263 70.9 9.430865 3.214603 2.6403003 1.2993609 0.028290393 0.3573489
3 5 0.05745521 44.83021 1.5719281 68.81613 9.55847 2.6316628 2.5566957 2.3497102 0.017772647 -0.8263036
3 5 0.056433372 -45.087017 3.0296588 74.51059 13.334522 3.9638956 3.1477466 4.5195484 0.051772594 2.1574357
3 5 0.051949177 29.727932 1.9772519 47.89016 11.5138 3.5478756 3.012295 1.5761162 -0.00572634 -0.3505702
3 5 0.05129605 -56.80169 3.1837509 79.59386 12.814275 4.6870856 3.0248694 4.3324747 0.06456589 2.7106857
3 5 0.05052045 48.29169 1.2403427 72.59253 9.992331 2.6752079 2.6433682 2.4048762 0.03266357 -0.8459384
7 2 0.36524713 -6.9156156 2.0524356 46.451576 0.8300802 1.7787875 0.7376079 6.488731 0.07392267 -0.0131863635
7 2 0.23280996 -6.924593 2.053215 46.275818 0.834822 1.7876557 0.7068834 6.3452663 0.03699781 0.010559142
7 2 0.21228158 -6.9381347 2.0460346 46.539837 0.78419346 1.7857703 0.73108566 6.436231 0.094586276 0.07097051
7 2 0.15466493 -6.937284 2.0412996 46.006706 0.8360676 1.7825419 0.73686147 6.3134155 0.12751059 0.10156112
7 2 0.110909544 -7.0426235 2.0593436 47.071552 0.7373808 1.7749056 0.70133847 6.4000306 0.09202408 0.0844097
7 2 0.1087218 -6.7854133 1.9921094 45.56597 0.81568897 1.7941015 0.73502856 6.5865808 0.01038661 -0.10822856
7 2 0.09219399 -6.6976223 1.9737508 44.99894 0.80964 1.7862928 0.71992016 6.4957485 -0.04137327 -0.084999815
7 2 0.055395108 -6.843335 1.9995463 45.707703 0.8730332 1.7733192 0.7769637 6.5173874 -0.0073708044 -0.08022189
7 2 0.053898986 -6.789312 2.0550084 46.658928 0.83999664 1.777627 0.70125943 6.2528377 0.042353645 0.002448948
