0 5 0.15663086 -21.55424 1.4931265 34.208183 4.297071 1.7082264 1.8500414 1.5896137 -0.0452519 0.5540721
0 5 0.14494713 -24.03003 1.9117428 28.392576 4.386115 1.560477 1.8404208 1.6889336 -0.070276916 -0.033122987
0 5 0.1413331 -22.49406 1.9541969 26.996172 4.5084467 1.5884066 1.8671778 1.6801378 -0.035072237 -0.30635092
0 7 0.11832438 -21.804804 1.6179528 33.84902 4.362758 1.6564332 1.8654125 0.6505621 -0.016373567 -0.008828697
0 5 0.10945771 18.463003 1.6071622 115.13163 4.608287 1.6304897 1.9599199 4.8908577 0.021433366 8.48312
0 7 0.102226146 -21.75409 1.6332824 33.83792 4.410687 1.6854548 1.8746127 1.0314968 -0.010160271 -0.011861647
0 7 0.101449415 -21.475197 1.7194053 33.706795 4.4223948 1.6853201 1.897408 1.2339306 0.005411757 -0.025823988
0 5 0.09135393 -22.300499 1.635211 33.99628 4.4430633 1.6832429 1.8995107 0.8818471 0.009890538 -0.029837556
0 5 0.08958691 -21.225195 1.5230749 33.784138 4.322617 1.7031866 1.8531433 1.6590786 -0.042906947 0.48295194
0 5 0.08834572 -23.569818 1.8605676 28.234373 4.3439584 1.5384444 1.856298 1.7312572 -0.08547877 -0.019851644
0 7 0.07727627 -21.971554 1.4921813 34.169254 4.280087 1.6824446 1.8169343 1.1185579 -0.03629438 -0.029079542
0 7 0.07067362 -21.357008 1.4660883 34.01244 4.2918916 1.6986145 1.8369223 1.0345142 -0.044414625 1.1443521
0 5 0.06953309 -22.122713 1.8556834 26.90876 4.4106345 1.5806181 1.8506635 1.7053578 -0.042091116 -0.053068087
0 7 0.06760721 -22.016241 1.8054569 26.63602 4.4506297 1.560647 1.8531389 1.6876853 -0.0463458 -0.021404278
0 5 0.0657249 19.18495 1.652446 119.40986 4.628625 1.5994767 1.9616597 4.8547735 -0.02613981 9.117706
0 5 0.06478747 18.101881 1.6242024 113.08027 4.6316533 1.6485506 1.9650339 4.8725004 0.13548805 8.57862
0 7 0.06470577 -23.313272 1.5627735 33.986782 4.428364 1.7025943 1.8675518 0.7277561 -0.010145489 0.00060569495
0 5 0.061970167 -22.198944 1.648548 34.504128 4.413817 1.6678699 1.8945173 1.4653368 0.0032557137 -0.04228735
0 5 0.0615024 -21.93689 1.6343763 34.010727 4.38895 1.667434 1.888571 1.6444242 -0.004455313 0.013333421
0 5 0.059321776 -21.50934 1.4954994 34.472622 4.2748694 1.6791167 1.8565146 1.3466902 -0.016472682 0.28407884
0 5 0.054744083 -23.1743 1.8841506 27.788038 4.3495584 1.5258431 1.8650992 1.731503 -0.031352542 -0.027512025
0 5 0.053233907 -21.36336 1.5016375 34.782635 4.2462773 1.6619081 1.8516209 1.6450677 -0.05320123 -0.04402858
0 5 0.05304322 -22.539015 1.7034702 36.691673 4.297708 1.587791 1.8479148 2.431436 -0.017511668 0.00890423
0 7 0.050868988 -21.543854 1.5123408 33.491367 4.294012 1.6829848 1.8339775 1.6110091 -0.01857525 -0.02803498
0 7 0.05051436 -22.619877 1.611732 33.097786 4.446234 1.6777767 1.8719296 1.3382905 -0.033923827 -0.010263176
0 7 0.050389443 -22.351665 1.5539117 34.756798 4.391221 1.669023 1.8768485 0.55430245 0.02672846 0.0015939288
0 5 0.050080385 17.98801 1.6377637 112.40617 4.547608 1.6538514 1.9353157 4.9042115 0.07731482 8.495701
7 3 0.22580905 -7.3005247 1.6057262 24.621058 0.50359833 1.6824926 0.52977115 3.6591818 -0.052755512 0.078010835
7 3 0.14254467 -6.6259212 1.521841 22.748817 0.64665085 1.7816751 0.6248939 5.9056597 0.0535945 -0.01604104
7 3 0.1311844 -7.163131 1.5913749 24.44058 0.50977343 1.6806933 0.5400141 3.780724 -0.04058218 0.08406545
7 3 0.13079244 -6.5689497 1.5224652 22.471737 0.6176353 1.7955695 0.6380675 5.9110904 0.08725816 -0.015298625
7 3 0.12802805 -7.439842 1.6665866 25.036463 0.515823 1.7125473 0.5365854 6.639012 -0.09121779 0.0021516029
7 3 0.11654009 -7.623315 1.6518795 25.78402 0.50479776 1.6867255 0.53867507 6.5613155 -0.06565333 0.042357147
7 3 0.10305687 -7.357039 1.6656215 24.777746 0.52135676 1.6782833 0.5318354 3.754141 -0.06661001 0.11054412
7 3 0.09532432 -7.503149 1.630749 25.573238 0.5101136 1.6973977 0.532522 6.6032605 -0.043214202 0.05428116
7 3 0.07669917 -6.498076 1.4203925 22.369991 0.62992007 1.8109715 0.6188386 6.025433 0.0385847 -0.0036245883
7 3 0.07075144 -7.414447 1.6585871 24.90037 0.50557864 1.6948379 0.51518697 3.6376688 -0.060932264 0.07478082
7 3 0.06999005 -7.2279797 1.6487358 24.65254 0.54093367 1.6816168 0.55056703 3.8287313 -0.10120195 0.09032006
7 3 0.063816205 -6.4022126 1.379609 22.157606 0.66221285 1.7999147 0.6521411 5.874454 0.09487805 0.029360164
7 3 0.059991412 -6.402689 1.3944737 22.094818 0.6101862 1.8109266 0.6220077 6.1932907 0.11755624 0.09446706
7 3 0.05871187 -6.966172 1.6154745 23.807951 0.62054044 1.7382227 0.60687333 6.092314 0.09666734 -0.3675884
7 3 0.057974387 -7.507089 1.6665891 25.337597 0.5318435 1.7096856 0.56353194 3.4777725 -0.14035396 0.049765654
7 3 0.055798866 -6.952974 1.6172833 23.73656 0.615293 1.7460153 0.5915191 6.1267233 -0.044050217 -0.0032861624
7 2 0.0548596 -6.0517826 1.4366634 34.592274 0.57948166 1.6760645 0.56449276 1.5490619 -0.18285525 -0.17435306
7 3 0.05442209 -7.1267586 1.614305 24.855837 0.52924 1.6914883 0.54472494 3.76555 -0.085297756 0.020252485
7 3 0.054071203 -6.706905 1.5536525 22.73774 0.66958594 1.7964627 0.6609501 5.995255 -0.020395165 -0.020149507
7 3 0.05276172 -7.277243 1.6173059 25.379889 0.53846234 1.6855832 0.54969776 6.709617 -0.108131655 0.041939177
