0 5 0.42278415 -17.337875 2.4849215 26.015009 4.56041 1.635827 1.8952999 1.6689734 -0.07108056 -6.638097
0 5 0.3856185 7.8021765 2.1387348 52.829266 4.421848 1.5446435 1.8872275 4.7989016 -0.0051018 7.366396
0 5 0.32167098 -17.106176 2.4514031 25.766315 4.603222 1.6539574 1.88532 1.6461185 -0.123814456 -7.30503
0 5 0.13413571 -17.616741 2.5287302 26.531094 4.6054487 1.6285303 1.8939756 1.6583655 -0.09231145 -7.0711184
0 5 0.12896037 7.6890864 2.1232643 52.514153 4.407232 1.5500976 1.8684525 4.8058734 -0.0061424756 8.140953
0 6 0.12644649 -28.818195 2.923872 65.96801 4.6343594 1.6208146 1.9575932 2.1140366 -0.012718748 -1.5010902
0 5 0.12295125 -17.475569 2.5109289 26.316113 4.560639 1.6421689 1.8901671 1.6531945 -0.1202774 -6.4960217
0 6 0.118070275 42.613476 0.6600877 63.75611 4.330478 1.5055487 1.8892303 3.3571708 -0.05349195 -0.058395926
0 5 0.10074363 28.672815 1.2708801 66.01556 4.598123 1.571369 1.9364412 3.876292 0.009934295 1.3960252
0 6 0.08923074 39.69608 0.87530357 58.25288 4.519827 1.6421729 1.9359264 3.318119 0.0047316533 0.016775057
0 5 0.08764959 39.46218 0.8342126 58.047638 4.4908795 1.6357872 1.921368 3.3284788 -0.006516222 0.014233362
0 5 0.08744503 28.967045 1.3211365 65.41218 4.591059 1.5676703 1.9429986 3.8477073 -0.009139824 1.433058
0 6 0.08421766 -28.789673 2.9481616 66.52276 4.5788155 1.6173104 1.9382566 2.142175 -0.05323138 -2.2208688
0 5 0.08137058 29.086668 1.2901571 66.64823 4.6310835 1.5771362 1.9425821 3.8940508 -0.012817584 1.7718477
0 5 0.078351505 30.67334 1.3304164 72.11281 4.411242 1.547978 1.9228039 3.3269088 -0.01216629 1.1433258
0 5 0.0749992 -13.334315 1.6386123 101.37818 5.14613 1.802346 2.0000906 4.652923 0.07209766 6.2888584
0 5 0.074509256 -17.905796 2.5103526 27.095964 4.463998 1.5307226 1.8910506 1.5027648 -0.0532874 -1.4897436
0 6 0.07308194 39.63142 0.8764129 58.82314 4.4932046 1.6290076 1.9369369 3.2646163 -0.040400773 0.035316914
0 5 0.069584206 30.467892 1.3212556 70.96833 4.4217353 1.5369705 1.9258554 3.3846965 0.0028444622 0.6719109
0 5 0.06881206 39.253357 0.8523203 57.794346 4.4658427 1.6327055 1.9169621 3.285231 0.05121191 0.033781774
0 6 0.06791559 38.311577 0.93386483 56.214024 4.477909 1.6286391 1.9201702 3.230539 0.06165944 0.027014226
0 5 0.06711738 7.6712112 2.102174 52.013138 4.432797 1.5166488 1.8583251 4.8151956 -0.055550933 6.7683268
0 6 0.066146776 -29.063465 2.8995342 66.95942 4.6168637 1.601376 1.9502516 2.1691089 -0.040761217 -2.7169676
0 6 0.06555162 42.285995 0.6305975 62.92385 4.312243 1.4867617 1.8893437 3.3830929 0.0041789934 0.019433755
0 5 0.06506742 29.245993 1.1642816 64.18732 4.649356 1.6104466 1.941627 3.7835054 -0.028735 1.40226
0 6 0.064746626 38.41016 0.97711426 56.97147 4.4362583 1.6129686 1.912114 3.1935744 -0.022058107 0.035687745
0 5 0.06325447 -25.829084 2.7461329 105.072914 4.6930423 1.6950111 1.9866502 4.928667 0.08629972 6.4810033
0 6 0.062427856 -28.479273 2.9520037 65.995285 4.5857253 1.6131092 1.9436382 2.0938408 -0.03434337 -2.4248085
0 5 0.062127855 33.904835 0.6115707 47.77647 4.4545465 1.6970146 1.9067903 3.2322178 -0.013019415 -0.012378371
0 5 0.060510524 30.899603 1.2454991 73.243385 4.3748493 1.5535535 1.916745 3.2568827 -0.0947877 1.4286319
0 5 0.05822111 -18.867369 2.606847 28.200043 4.107236 1.5820332 1.7378225 1.7098231 -0.10205111 -0.37151727
0 6 0.057104982 42.29367 0.6300375 63.36094 4.321305 1.5162216 1.8996313 6.472995 -0.01607617 0.041477233
0 5 0.056356028 29.219076 1.3691636 67.373695 4.523124 1.5547805 1.9330916 3.6458318 -0.08449514 1.9037071
0 5 0.05467222 -18.498692 2.541587 28.338799 4.4014606 1.5973026 1.7949903 1.6768756 -0.16046275 -3.2748039
0 5 0.05301472 -25.323343 2.6929905 103.36797 4.704529 1.7084284 1.9871669 4.969018 0.0561437 5.962259
0 5 0.051604677 34.74297 0.7901787 46.886406 4.345521 1.6911486 1.9055797 6.3720236 -0.04932835 0.03963037
0 5 0.05116928 31.67211 0.35063317 43.193092 4.423971 1.685635 1.8958628 3.0958886 -0.051176608 -0.041672483
6 2 0.06347183 -4.368707 1.8856976 71.85547 0.65474313 1.7749999 0.57309276 4.9404225 0.039250925 -1.3282955
7 2 0.226295 -4.368707 1.8856976 71.85547 0.65474313 1.7749999 0.57309276 4.9404225 0.039250925 -1.3282955
7 2 0.1730322 -4.345462 1.8074737 72.164925 0.6799876 1.7623991 0.5981074 5.0847354 0.074443 -0.31452748
7 2 0.16453667 -4.2873273 1.9216399 71.24392 0.6589771 1.7451969 0.572784 4.905321 0.084435284 -0.88601863
7 2 0.12669568 -4.3604603 1.8802783 71.562225 0.6999974 1.7469478 0.5976507 4.9573703 0.1328418 0.23350021
7 2 0.09108374 -4.2572513 1.9071795 72.114456 0.7175302 1.7789118 0.57496446 4.9850707 0.088669024 0.3769531
7 2 0.07492564 -4.301109 1.803896 72.06468 0.76414543 1.758412 0.6445081 5.0580053 0.15985028 -0.33599588
7 2 0.06476988 -4.1981187 1.8409252 69.733406 0.67131346 1.7834411 0.6035861 5.174977 0.028109567 0.38429475
8 8 0.08161811 23.180273 1.2493594 32.360367 0.26768178 0.77870953 0.29364717 5.504968 -0.058552295 0.07515553
8 8 0.07746369 23.239023 1.3221517 32.395985 0.25481883 0.80537313 0.29344857 5.876855 -0.036106795 0.06946919
8 8 0.06284704 22.350782 1.2199979 31.126677 0.28037238 0.78058577 0.28035873 5.306834 -0.09103811 0.0817489
8 8 0.061932493 22.753256 1.3192033 31.684761 0.26462203 0.82261896 0.28508487 5.7454267 -0.058870852 0.07654879
