0 5 0.5039355 5.947029 2.2125483 25.150993 4.5928693 1.5337284 1.8954707 4.7616596 -0.14984025 6.969152
0 5 0.20969985 40.089355 1.347103 47.387527 4.9623885 1.7764231 2.0554237 3.312933 0.003869675 -3.3378208
0 5 0.18909939 5.8156967 2.1436996 24.406092 4.5821457 1.5477536 1.8713948 4.7499013 -0.13823429 7.206254
0 5 0.18537287 24.708305 1.3126926 68.30072 4.511863 1.5326645 1.9290746 2.9899404 -0.10781562 5.24385
0 5 0.15001373 39.539448 1.373874 46.94399 4.982925 1.8201132 2.0636988 3.3012493 -0.012770998 -2.7933633
0 5 0.14316209 23.189024 1.453563 66.40862 4.4250674 1.6351038 1.9167025 3.2394328 0.036807105 0.94466865
0 5 0.14093053 24.372288 1.4349217 67.98233 4.4144373 1.6380966 1.916553 3.1215298 -0.122807324 3.6974468
0 5 0.13409637 9.337757 1.9557707 76.91683 4.6989045 1.5578431 1.9826994 3.086668 -0.061814435 -3.1025856
0 5 0.133719 -24.27843 2.7775996 81.45413 4.792016 1.71653 2.009691 6.3302517 0.046558894 0.06433397
0 5 0.13046044 -32.895107 2.9559054 50.385574 4.6206446 1.4522142 1.9432025 4.5333996 -0.016406534 0.43417498
0 5 0.12733662 -32.60547 2.9759564 49.84974 4.6029925 1.4742937 1.9718523 4.591313 0.008955454 0.23923317
0 5 0.12436829 24.760098 1.3479574 68.65022 4.5025425 1.5200588 1.9373051 2.9984953 -0.12287995 5.732046
0 5 0.11655905 42.03649 1.3909038 48.943577 4.9444923 1.7907238 2.0435147 3.3175077 -0.015780639 -3.1359322
0 5 0.11415366 9.425494 1.9787488 77.25003 4.672951 1.5760199 1.9582498 3.0676093 -0.0654057 -3.0258114
0 5 0.11060241 24.190907 1.4388919 67.58104 4.473188 1.6482524 1.9347962 3.1955574 -0.11590715 3.3572416
0 5 0.10939261 39.039776 1.3420912 46.540802 5.0053034 1.8485457 2.0624967 3.3155303 -0.027826678 -1.9804052
0 5 0.10530597 9.412626 1.9425061 77.67814 4.761736 1.5622597 1.9766378 2.9684892 0.013315229 -2.5328188
0 5 0.09278811 -33.63817 3.019731 51.41038 4.568867 1.489947 1.9376093 4.5680456 -0.04302098 0.22157124
0 5 0.08989128 24.700129 1.3401976 68.25078 4.4888015 1.5312065 1.9352118 3.2043073 -0.05310195 3.465292
0 5 0.08320942 24.45315 1.3245299 67.59847 4.494883 1.5188351 1.9228191 2.9188251 -0.07140949 5.97953
0 5 0.08236478 -33.948795 3.0964754 51.92938 4.5798993 1.4895421 1.9265916 4.5445166 -0.018078536 -0.19865042
0 5 0.08153318 41.043102 1.425936 48.567257 4.8978715 1.7835507 2.068503 3.3143792 0.047613554 -2.3805242
0 5 0.08106129 6.170769 2.2260938 25.928665 4.715472 1.4799488 1.894146 4.709707 -0.06815967 7.4307904
0 6 0.07730435 -30.50641 2.890563 46.872524 4.601573 1.5893642 1.9126167 1.3272274 -0.055546403 -2.3706644
0 5 0.07572817 24.273628 1.3714964 67.83674 4.5566487 1.5379514 1.9326273 2.8705738 -0.066517696 1.7124152
0 5 0.07359735 22.977247 1.5164425 65.47103 4.4324374 1.6473844 1.932152 3.0737436 -0.0107431915 1.8234398
0 5 0.07241894 40.563435 1.4400797 48.24737 4.949842 1.8072158 2.0795674 3.2923563 0.050824553 -2.1699805
0 5 0.07084735 41.446674 1.3117456 48.359634 5.0091066 1.7978573 2.0460033 3.3508637 -0.025699778 -4.0417304
0 5 0.068742685 11.85546 1.9877299 92.476685 4.914186 1.7390692 2.0387964 3.175662 -0.047577567 -1.5034906
0 5 0.06790307 11.288523 2.1113946 93.35161 4.9621987 1.7121166 2.0440166 3.2108037 -0.010397712 -1.9421875
0 6 0.066230915 -31.681757 2.95044 48.282986 4.5986347 1.6095397 1.9288287 1.344636 -0.051401436 -1.7954159
0 5 0.06564028 31.084164 1.5423388 37.165726 4.609332 1.7255809 1.9644256 3.486441 -0.047772296 -0.72373384
0 5 0.06420607 -24.414452 2.750422 81.70006 4.7700253 1.7118168 2.0054116 6.202566 0.04463642 -0.70439774
0 5 0.06374957 23.81848 1.4470497 66.487526 4.42714 1.6265414 1.8939373 3.2658625 -0.058568247 -0.41208586
0 5 0.060895123 23.81277 1.3913279 67.02843 4.411589 1.5150491 1.8873686 2.7888966 -0.035659757 1.8689129
0 5 0.0596452 11.936055 2.1160533 90.58646 5.1219873 1.7993164 2.0881681 3.2524323 -0.032662675 -1.3496497
0 5 0.05491781 23.824226 1.2782962 68.135735 4.4255304 1.6398543 1.9116372 3.0732834 -0.08844964 2.1475472
0 5 0.054163232 24.140554 1.2996991 68.92628 4.3998094 1.62298 1.8976411 3.0460634 -0.090753265 2.2614112
0 5 0.053850036 6.158131 2.2050729 25.394747 4.501093 1.5179546 1.8657249 4.792656 -0.08300658 6.031221
0 5 0.05272304 -24.62643 2.6953468 82.43729 4.8079414 1.7131203 2.0096455 6.3272753 0.062334754 0.07728909
0 5 0.051338013 42.194626 1.5508528 49.203903 4.916032 1.8262954 2.0624192 3.3050578 0.03391113 -1.9051826
0 5 0.050536983 39.21101 1.2999377 46.833584 4.8837757 1.8022557 2.0411558 3.2307544 -0.03622347 -3.4514096
5 0 0.051653005 13.8138 1.5224564 41.36967 1.0961614 1.556974 0.602837 1.9554081 -0.13538314 0.14497894
6 0 0.06382668 13.8138 1.5224564 41.36967 1.0961614 1.556974 0.602837 1.9554081 -0.13538314 0.14497894
6 0 0.05529143 14.242006 1.6264551 42.724964 0.921158 1.59274 0.575529 1.6530898 -0.14394814 0.45843515
7 2 0.37233278 -6.640696 2.0649185 50.398647 0.7372453 1.7549129 0.6638751 4.5362935 0.009541128 0.28946352
7 2 0.21448219 -6.6158543 2.0825126 50.283665 0.7572911 1.7671202 0.69138217 4.6126714 -0.040692665 0.047671407
7 2 0.14780882 -6.7130265 2.106592 51.062607 0.71800727 1.7602873 0.68558526 4.6322217 0.022721725 0.14393309
7 2 0.11977664 -6.513156 2.0347686 49.500336 0.71983486 1.7692609 0.6835428 4.633267 -0.049734518 0.086319864
7 2 0.09431695 -6.7260666 2.071013 51.019188 0.74481887 1.7660933 0.66863436 4.3139243 0.012566594 0.2371437
7 2 0.082501955 -6.4572816 1.9832407 49.45155 0.7528848 1.7619689 0.69238406 4.627523 -0.057306193 -0.37051216
7 2 0.078053236 -6.4501514 2.0653167 49.055588 0.7735071 1.7813652 0.70661926 4.6616006 -0.046594463 0.12485289
7 0 0.07531379 13.8138 1.5224564 41.36967 1.0961614 1.556974 0.602837 1.9554081 -0.13538314 0.14497894
7 0 0.06551408 14.242006 1.6264551 42.724964 0.921158 1.59274 0.575529 1.6530898 -0.14394814 0.45843515
7 2 0.06504223 -6.4237804 2.0114608 54.598984 0.7749812 1.7870185 0.6678 4.888863 -0.004503687 0.026144013
7 2 0.05537216 14.162146 1.6307297 42.66516 1.0229014 1.5837958 0.5600169 1.7219018 -0.11136813 1.2106309
7 2 0.054962967 -6.7984176 2.2357264 51.264736 0.73370034 1.7345693 0.6551229 4.718053 0.0669287 0.111914106
7 2 0.05296307 -6.6443624 2.0792668 49.463245 0.75420237 1.7542473 0.6912528 4.664813 -0.045850992 0.19982845
7 2 0.052508675 13.603845 1.4841242 40.461544 0.8276359 1.5602698 0.5746088 2.2857447 -0.14752112 -0.05550392
8 8 0.08911451 15.384558 1.7106571 20.617205 0.38114065 1.0873116 0.36926126 6.476982 0.027080854 0.04574568
8 8 0.07263337 15.789996 1.8049724 21.092506 0.37293932 1.0209277 0.36450383 6.58097 0.023609051 0.03852999
8 8 0.07251882 15.694204 1.7427409 20.918495 0.39557868 1.0442779 0.38079533 6.420495 0.009131502 0.01783437
8 8 0.06525807 16.102837 1.8562031 21.423029 0.4028762 1.0011612 0.38732776 6.447627 0.022985818 0.014205452
8 8 0.06317429 15.050092 1.6602545 20.318819 0.35305485 1.0929112 0.33855814 6.4992056 0.022175053 0.066727675
8 8 0.053526945 15.252886 1.6222008 20.52116 0.39698213 1.0587442 0.37561232 6.4316783 -0.00077034906 0.047968455
