0 5 0.1816882 -31.117548 2.902183 55.365387 4.7838755 1.9149444 2.0163648 5.387792 0.13439313 0.085924886
0 5 0.09463706 -31.320127 2.9038956 55.786907 4.829787 1.9176618 2.0382829 5.348522 0.22658119 0.25796318
0 5 0.09004736 -33.305336 2.5725307 40.26153 4.5267024 1.6883746 1.9403964 4.4050603 0.0030081514 0.12040248
0 5 0.08484169 15.260308 2.4824867 101.03178 4.3608627 1.6187742 1.8799926 4.9111443 0.08826904 6.665474
0 5 0.08303837 15.822053 2.5151281 103.42107 4.375086 1.6060776 1.9085717 4.893628 0.066791885 5.9719415
0 5 0.068314366 -31.047983 2.878841 55.16053 4.728299 1.9196475 2.0180812 5.37115 0.11213753 0.0639735
0 5 0.067733906 -32.64052 2.5763226 39.378376 4.5219874 1.7031313 1.9410416 4.3250294 0.012901008 0.12790066
0 5 0.06642759 15.472198 2.378642 102.02131 4.376647 1.6115066 1.9090828 4.91393 0.09032464 5.228713
0 5 0.06583355 -31.747587 2.996731 56.19352 4.8232546 1.9143109 2.0335221 5.346732 0.2747381 0.29138172
7 2 0.06148628 -20.271774 2.3004966 56.80583 0.6821387 1.7587411 0.6156974 5.562176 0.09121569 0.24897105
