0 5 0.3629595 -14.927668 2.3813236 46.193047 4.6198435 1.4947301 1.9332614 1.7037867 -0.02799341 -5.643441
0 5 0.2984689 9.768078 2.1907053 65.24499 4.4521356 1.5409039 1.9266522 4.8556247 0.0012205783 6.86133
0 5 0.24933377 22.316221 1.1057065 49.483334 4.6698713 1.592121 1.9522655 2.9805934 -0.020628313 -0.010755507
0 5 0.21967663 -15.039152 2.3948917 46.742302 4.605747 1.500579 1.874327 1.7059513 -0.01751239 -6.2696085
0 5 0.1611665 -15.182814 2.4018483 47.16992 4.6536207 1.5024132 1.9376789 1.7069488 -0.050133184 -6.888296
0 5 0.14402413 9.693038 2.2336144 64.7095 4.4914794 1.5334264 1.93566 4.836258 -0.024332369 6.917318
0 5 0.14148772 22.328648 1.1646795 49.701965 4.6418805 1.598551 1.9544951 2.9689617 -0.07749101 1.2543244
0 5 0.13289113 -15.290035 2.396711 47.62071 4.6383405 1.4877365 1.8749862 1.6915287 -0.06411279 -6.6588902
0 5 0.123736806 22.387486 1.0682886 49.431896 4.6570544 1.5787705 1.9422559 2.6355324 -0.024680141 -0.03962876
0 5 0.10197751 9.575712 2.2046247 64.30321 4.4643993 1.5137775 1.9178188 4.8291173 -0.035753123 7.552803
0 5 0.078821294 9.868518 2.2367878 65.84105 4.454196 1.5457633 1.900779 4.837209 -0.14040963 10.409733
0 6 0.07612088 -14.847425 2.398361 46.006397 4.5720983 1.4654938 1.8172944 1.847326 -0.039100513 -3.2940834
0 5 0.067926034 22.19353 1.143696 49.03674 4.62585 1.5913643 1.9548036 2.869751 0.018022684 0.045871057
0 5 0.06385291 -10.410379 1.9058654 113.23999 5.807751 1.8375864 2.0391786 4.6291666 -0.0075093266 9.324369
0 5 0.062090646 -10.359417 1.9118567 113.84268 5.884425 1.8143333 2.0679905 4.7098417 0.05288773 8.842284
0 6 0.05998332 22.96274 1.0393031 51.784748 4.2657337 1.5663418 1.8309427 1.495574 -0.09509758 0.58630955
0 6 0.05805987 22.431356 0.99853146 50.510567 4.2901154 1.5656209 1.8320417 1.5074326 -0.08268714 0.30392903
0 5 0.055450797 22.776775 0.926617 50.7713 4.7027516 1.5589162 1.9657369 2.714795 -0.041449793 -0.03073502
7 2 0.068025894 -17.98253 2.1394997 45.796047 0.64076835 1.7887689 0.5685992 1.8941154 -0.056807682 0.039395906
7 2 0.06613321 -17.93622 2.099366 45.731007 0.63892746 1.7967998 0.56411713 1.7798734 -0.07291287 -0.01779882
7 2 0.06527191 -18.153847 2.106113 47.315525 0.63774973 1.7934855 0.5628912 1.776673 -0.04478748 0.034615796
7 2 0.061704937 -18.196917 2.14924 47.36661 0.6496418 1.7833745 0.55740994 1.8726034 -0.023206586 0.08644696
7 2 0.057591576 -18.769629 2.1627607 50.302464 0.63421273 1.7635604 0.5574771 1.762273 -0.020248676 0.1180472
7 2 0.057496928 -18.431053 2.0902753 63.9543 0.5597136 1.7454673 0.56702024 1.599603 -0.09424076 -1.9078878
7 2 0.055258237 -19.17837 2.13827 52.70026 0.62673855 1.7863835 0.5765932 1.7117585 0.008669207 0.21482924
7 2 0.054453462 -18.551895 2.0905006 49.96855 0.6223366 1.7954206 0.56308347 1.7332404 -0.04669749 0.096785605
7 2 0.05284246 -20.061941 2.0710363 56.621555 0.5780186 1.8051355 0.5569085 1.6884954 0.059811257 0.29719397
7 2 0.050776016 -18.027174 2.116128 45.337612 0.6465756 1.8055112 0.57310647 1.9688922 -0.041199926 0.035781708
8 8 0.06702087 11.179851 1.4739254 14.506108 0.42317694 1.4091821 0.4085166 4.82265 -0.0006582346 0.11486342
8 8 0.05687349 10.919003 1.4423264 14.153708 0.44845855 1.4039468 0.43747595 4.820327 0.071180105 0.1915881
8 8 0.050485104 10.5910635 1.4415389 13.767463 0.4044271 1.3446171 0.3811897 4.792221 0.025808418 0.1122761
