0 5 0.27381286 12.362169 1.9628257 76.792786 4.407267 1.642093 1.9173836 4.9382505 0.008895397 11.339334
0 5 0.24579734 -10.644695 2.2312253 65.12196 4.489215 1.5682868 1.9062943 1.936027 -0.07330971 -3.9732087
0 5 0.16983429 12.232382 1.9091189 75.681 4.403774 1.6568125 1.8829268 4.9415903 -0.043037824 11.064372
0 5 0.1168548 -10.689536 2.260223 65.394 4.5246334 1.540812 1.8964809 1.9984616 -0.102579184 -4.669788
0 5 0.11653559 -10.562779 2.18764 64.63984 4.5007825 1.5512155 1.9063133 1.9067048 -0.05114776 -3.3979602
0 5 0.10740404 -10.693554 2.1725848 65.66951 4.487617 1.5560545 1.8978819 1.9328209 -0.042102776 -3.4785028
0 5 0.100440435 -10.878491 2.2406588 66.85985 4.500159 1.5719471 1.919197 1.9432688 -0.022312846 -3.9348683
0 5 0.077393904 11.936583 1.8877814 74.13004 4.43712 1.5964738 1.885401 4.9224377 0.0054207593 13.000807
0 5 0.074589744 12.341355 1.877346 76.42344 4.4726057 1.6168207 1.9072039 4.8910627 -0.12012195 13.233301
0 6 0.06773331 47.053665 -0.13797462 61.047276 4.434552 1.6364757 1.894974 6.21939 0.021987842 -0.0020372625
0 6 0.06633492 47.547447 -0.19301009 61.687027 4.461689 1.6578264 1.9085484 6.2795944 -0.002719787 0.009521954
0 6 0.066271365 48.38785 -0.18914801 62.31479 4.432922 1.6402801 1.8987268 6.160783 0.016657917 -0.010637726
0 6 0.06430505 48.773216 -0.2374565 62.697067 4.4480987 1.6504394 1.9068378 6.254423 -0.029875524 0.0076737776
0 5 0.058033682 -10.834507 2.2255764 66.617226 4.5371 1.5526448 1.90807 1.9662108 -0.06270513 -3.3699229
0 6 0.055543598 47.937634 -0.16947359 60.840797 4.472191 1.6685432 1.9026039 6.3654933 0.004236743 0.007908188
0 6 0.053724926 47.068203 -0.09328008 59.69892 4.4307675 1.6387616 1.8817708 6.3196297 0.019190846 0.0052004717
8 8 0.060997047 11.759037 1.2581041 24.164371 0.3894165 1.152374 0.38110387 4.732465 -0.053784788 0.14932579
8 8 0.059267234 11.898221 1.2419586 24.442045 0.36358666 1.1132771 0.35743093 4.709933 -0.07379167 0.07801766
