0 6 0.33563963 -24.41966 2.335586 41.705658 4.4329076 1.5090336 1.8853803 1.699911 -0.04647256 0.013119355
0 7 0.22782852 -21.351059 2.0756135 28.28997 4.3426123 1.6540432 1.8330982 1.5631166 -0.08087994 0.003155211
0 6 0.18435858 -24.745169 2.351079 42.297123 4.471581 1.5180868 1.873184 1.6849092 -0.049201094 -0.034582518
0 7 0.16754238 -21.634678 2.0880485 28.505436 4.373089 1.6763806 1.8457075 1.5798047 -0.0977608 -0.023215571
0 6 0.16659117 -23.083069 2.2346292 51.68845 4.485375 1.7248104 1.9187534 4.907292 -0.0077771693 -0.016579384
0 6 0.15721245 -24.288986 2.303668 41.52003 4.44078 1.4782696 1.8773046 1.700463 -0.056436703 0.0033416692
0 5 0.12873319 -22.9684 2.143961 51.469776 4.4774394 1.7051027 1.9219862 4.9037457 0.010071062 0.037858374
0 7 0.124450736 -23.299515 2.1155782 31.100462 4.329039 1.5994585 1.8613712 1.5112872 -0.059891604 0.0016490426
0 7 0.103942454 -23.718647 2.1336749 31.466232 4.379944 1.6041244 1.8789556 1.5045412 -0.02966183 -0.024817595
0 6 0.09941287 -24.060877 2.26549 41.089596 4.44783 1.4887505 1.8699805 1.6873333 -0.034704767 -0.009296393
0 6 0.09803618 -25.140547 2.338365 43.043587 4.473474 1.4680126 1.825544 1.59958 -0.044565026 -0.030199751
0 7 0.08765804 -23.111296 2.1131263 30.544268 4.362878 1.6092749 1.8757188 1.4910951 -0.04802782 -0.04094246
0 6 0.08734917 -26.084003 2.5764046 44.37595 4.4508243 1.5330522 1.8758156 1.5769966 -0.04574941 -0.05094195
0 7 0.07542212 -23.897858 2.1725252 32.559437 4.2979946 1.6474894 1.831194 1.6615695 -0.07771007 -0.015847415
0 7 0.07533857 -21.84863 2.093469 28.938091 4.3621836 1.6157802 1.817467 1.5894396 -0.050211802 -0.010306557
0 6 0.07526324 -22.012491 2.1534238 50.040657 4.370988 1.7447037 1.8487929 4.8962765 -0.10313078 0.94004405
0 5 0.070443414 -23.321299 2.2343655 51.872875 4.4531612 1.712844 1.9001147 4.905225 -0.025204444 -0.0064210966
0 6 0.06485114 -21.522457 2.080752 49.050617 4.352746 1.6903837 1.8217957 4.87966 -0.03809595 1.4393466
0 5 0.061576713 17.115051 1.0788832 86.48022 4.636695 1.7129389 1.9506202 5.068055 0.05491425 2.755222
0 5 0.060775243 17.380966 1.0281098 90.71341 4.6105366 1.7438644 1.9527589 4.9308453 0.07394254 3.5014753
0 5 0.060464587 17.693657 1.0335536 96.05738 4.62984 1.7049809 1.941037 4.8350215 0.07204325 5.047973
0 6 0.060357064 -22.361362 2.156171 50.334774 4.3307076 1.7088186 1.8375673 4.900199 -0.08786742 0.8834259
0 5 0.058727853 -22.779285 2.173849 51.87385 4.484989 1.7721347 1.9066144 4.867232 0.07648215 -0.03505113
0 6 0.05780862 -29.079191 2.741688 48.80639 4.948486 1.6432749 1.8962836 1.5788385 -0.027656995 -0.021350658
0 7 0.056538563 -23.7039 2.1446252 30.97872 4.368446 1.596691 1.8727164 1.487972 -0.04162813 0.0017341077
0 5 0.054244492 17.225357 1.0991007 83.643265 4.705207 1.6791829 1.9496919 4.9792457 0.051114254 2.7682545
0 5 0.054011036 17.197596 1.0586996 86.14023 4.6137543 1.6777228 1.939187 5.1010447 0.05699896 2.7282233
0 6 0.053758796 -21.924923 2.0906382 49.33735 4.303006 1.6576431 1.7998695 4.8890996 -0.05987344 1.1706967
0 5 0.052562144 9.575544 1.7237473 121.77157 4.5529456 1.5723372 1.9211912 1.6150572 0.03672245 1.1828504
0 5 0.05186054 -20.403755 2.3358665 71.79968 4.488188 1.5628964 1.9064262 5.2414994 0.13326183 1.6469434
0 5 0.050674066 17.985281 1.0453303 101.03308 4.7408404 1.6846726 1.9515327 4.714757 0.06793007 5.4511943
0 7 0.050258905 -23.080894 2.0875988 31.072601 4.294118 1.6185161 1.8299931 1.4936706 -0.08809202 -0.044577383
0 5 0.05015011 9.309112 1.6714247 120.505356 4.553203 1.572724 1.9288604 1.631883 0.042617917 1.5395683
3 7 0.07513056 -43.08186 2.1280773 78.91422 10.855396 3.3932614 2.7582538 1.3366371 0.0036163293 -0.103849165
3 7 0.062921755 -41.023663 1.9661973 76.57182 10.84371 3.453215 2.6787024 1.4486144 -0.01927845 -0.1395947
3 7 0.05471776 -42.290695 2.1888862 78.30474 10.9018955 3.448618 2.7041101 1.4070346 -0.009869788 -0.100400746
3 7 0.050789032 -43.3078 1.9409658 78.280174 11.079265 3.4122553 2.7498596 1.5504564 -0.021991383 -0.11501192
7 3 0.08383927 -6.247555 1.8718687 32.863503 0.5875373 1.7223458 0.5534445 4.384864 -0.067261234 -0.0042928364
7 3 0.0755152 -6.1497884 1.8744562 32.37283 0.5938732 1.7340261 0.5846535 4.4282846 -0.11758288 0.21253869
7 3 0.07198277 -6.1867123 1.8380682 32.451637 0.5962619 1.7291951 0.581479 4.2893724 -0.11989131 0.24058542
7 3 0.06583875 -6.0794635 1.870975 32.321537 0.59317833 1.7266792 0.58728164 4.6280913 -0.08626966 0.28788352
