0 5 0.15433477 15.150467 1.6879468 90.9394 4.638939 1.5677476 1.9768378 4.9112234 0.058638938 9.263498
0 5 0.12343596 15.344159 1.7483089 92.23549 4.5959296 1.5582724 1.9566629 4.9036045 -0.03146885 11.01922
0 5 0.09072064 14.998444 1.6639185 90.27328 4.68052 1.5647535 1.9649254 4.92577 0.038265966 11.038238
0 6 0.06198668 37.160908 0.0769313 60.435795 4.4670844 1.5715152 1.8894471 3.4727643 0.03743138 0.034542076
0 6 0.055168506 38.838856 0.13261455 61.680645 4.476206 1.5918933 1.8982544 3.437871 -0.028575487 0.022592846
3 5 0.09161846 15.644101 -0.33912134 86.8924 11.923868 3.795351 2.772228 4.901166 -0.026283927 10.278629
3 5 0.08692826 14.961627 -0.26897514 83.5223 11.878142 3.727874 2.7621636 4.8670006 -0.010060385 9.150879
3 5 0.078220606 15.3912115 -0.40660954 85.16399 11.68253 3.741866 2.6945865 4.9014688 0.012796013 9.941042
7 2 0.06719345 -20.014057 2.2800608 34.181854 0.9580993 1.5665113 0.5673892 1.5751534 -0.14040487 -0.04556336
7 2 0.05827907 -22.398 2.0101328 30.88595 0.60163665 1.7286983 0.5818619 5.2098246 -0.08981609 0.014827982
7 2 0.052488334 -22.571306 2.0173435 31.13998 0.6164278 1.7591693 0.59743905 5.1391172 -0.14079666 0.021638416
