0 5 0.100886695 1.7467186 2.201348 108.70717 4.5922003 1.706154 1.9546585 4.695592 -0.0008251928 8.886952
0 5 0.098706566 15.659537 1.465723 102.09844 4.4699097 1.6243984 1.9234172 4.862187 0.092674755 11.020821
0 5 0.08879409 -33.97419 2.5593174 56.46615 4.6659946 1.741978 1.9787978 5.9814086 0.101791345 1.8344516
0 5 0.08086053 16.088839 1.4729481 103.55149 4.4650493 1.5997446 1.9330335 4.862724 0.011415333 11.006797
0 5 0.080066815 15.220527 1.5637577 100.168655 4.479793 1.6243442 1.904475 4.860728 0.0835909 11.990482
0 5 0.0690167 -34.212967 2.5463061 56.9145 4.7119064 1.7523679 1.9954724 6.007263 0.14118116 2.3378758
0 5 0.06848088 1.7698693 2.1662455 108.29193 4.600876 1.6933638 1.977906 4.7415037 -0.018800315 9.170912
0 5 0.06775568 -34.29846 2.5528464 56.622257 4.6774826 1.7441057 1.9751316 5.907267 0.14933519 1.6762503
0 5 0.064235054 15.921216 1.5501386 102.90505 4.467782 1.5956753 1.9211271 4.847234 0.048779033 11.216317
0 5 0.058700375 -34.239777 2.5460393 56.050056 4.640463 1.765129 1.9787178 6.0611677 0.06036941 2.0944588
0 5 0.053535566 -34.52287 2.5152879 57.065052 4.7251387 1.7553902 1.9997659 5.9195976 0.1703354 2.4437792
0 5 0.050468165 1.9243476 2.272697 112.5731 4.5586514 1.6793664 1.9362649 4.707432 -0.027594864 8.477066
