0 5 0.1876668 14.943221 1.4681642 90.23984 4.5191817 1.6209836 1.9239017 4.9226213 0.067525394 10.38768
0 5 0.16611399 15.014218 1.5103655 90.77096 4.470158 1.5926459 1.9064041 4.9155006 -0.021797068 11.2707615
0 5 0.100143276 15.171457 1.5756235 91.66856 4.434902 1.5916256 1.894348 4.938556 -0.003991901 11.527595
0 5 0.07174211 14.802344 1.4929583 89.51679 4.5654597 1.6397085 1.9300659 4.9038916 0.04761967 9.193473
0 5 0.06564893 14.776515 1.4482093 88.79175 4.4909 1.6102281 1.9034551 4.915322 0.047388695 10.190801
0 5 0.05671473 -0.10636712 1.1749557 112.02236 5.00414 1.7502086 1.978057 4.7344174 -0.040869687 12.578013
0 5 0.051358197 36.691402 -0.40285248 78.54609 4.4441752 1.56064 1.907494 2.2100458 0.023242632 1.0801352
7 2 0.090281114 -21.626219 1.8075179 33.973473 0.60647446 1.7882775 0.592866 2.0757911 -0.16027386 0.012981661
7 2 0.083738856 -21.423635 1.8537034 33.654507 0.5947266 1.7767489 0.59831405 2.0393112 -0.11474638 0.05197435
7 2 0.07683567 -21.98992 2.4036393 41.891155 0.76771104 1.5838506 0.6163084 1.7232335 -0.082552016 0.038034026
7 2 0.07365274 -21.865383 2.3940177 41.830116 0.7762993 1.559662 0.614042 1.7034551 -0.048971623 0.03544501
7 2 0.07347364 -22.109434 1.8093008 34.65972 0.59797114 1.7696208 0.58148897 2.047323 -0.058011875 0.13083175
7 2 0.07136318 -22.506773 2.4948673 42.80735 0.8081703 1.5563623 0.6327816 1.7580202 -0.043620467 0.016091973
7 2 0.06427372 -21.800493 1.8380811 34.183277 0.5821887 1.7705102 0.5831147 1.9512565 -0.033533365 0.15630135
7 2 0.05924952 -22.445362 2.4172065 42.411167 0.7273982 1.6261834 0.63996506 1.7332947 -0.10648565 0.018216684
7 2 0.057017867 -23.063265 2.5168302 43.49926 0.7252491 1.5815102 0.63724345 1.7519166 -0.08055059 0.0023203455
7 2 0.056540508 -22.33718 2.467945 42.622887 0.87030894 1.530666 0.6536092 1.7263047 -0.0022424515 0.020068176
