0 5 0.41752818 6.8978124 1.9961886 42.726654 4.5651383 1.5612806 1.9006059 4.765879 -0.078676656 6.0283833
0 5 0.27801174 43.83894 0.61018133 59.313255 4.5816646 1.6039113 1.9457136 6.3912 0.06581944 1.0873661
0 6 0.16191098 -30.79958 2.7597804 61.29278 4.509225 1.603306 1.9458973 2.5527759 -0.0020856 -0.031220155
0 5 0.15255168 43.56215 0.5626975 59.08697 4.560721 1.5849044 1.9321436 6.3221207 0.023194889 1.982349
0 5 0.15034346 43.096004 0.6078632 57.94664 4.5728354 1.5856369 1.9309726 6.400899 0.005068671 1.6307596
0 5 0.13750234 31.13901 1.0209038 72.94191 4.369815 1.5687703 1.9157443 3.0356536 -0.03193517 -0.030679133
0 5 0.12977606 43.38725 0.62015426 58.591885 4.588466 1.6056274 1.9527352 6.3120766 -0.035796504 2.273488
0 6 0.1196239 -31.259066 2.760037 62.190086 4.532572 1.582433 1.951329 2.6690931 -0.012372929 0.0006141905
0 5 0.118756525 6.9761844 1.984812 43.43426 4.5541353 1.5494664 1.9048393 4.7758765 -0.20216015 7.0598745
0 5 0.11824693 38.982986 0.39823014 73.21975 5.5364265 1.9767499 2.1466932 4.0110445 -0.029093083 0.2546715
0 5 0.10988964 -22.793642 2.0662456 80.18271 4.896295 1.8208525 2.0287683 4.5688753 -0.0302385 10.770107
0 6 0.108329356 -20.654123 1.4065154 24.05801 4.6622696 1.7931669 1.9542605 2.5136628 -0.064091906 -0.031428784
0 5 0.10128501 6.799975 1.980757 42.02606 4.557909 1.5865203 1.9021966 4.777497 -0.09692723 4.799776
0 5 0.10024382 -24.511253 2.1147928 85.48161 10.111223 3.0893774 2.6405728 4.54544 -0.044156455 7.166386
0 5 0.09991975 38.546364 0.36623842 72.98313 5.5524406 1.973503 2.1490092 3.997883 -0.021319855 -0.049055338
0 5 0.09527063 43.70865 0.51386714 58.850327 4.524449 1.5881381 1.9195807 6.3524184 0.0062358547 1.1334984
0 6 0.09396031 -30.890095 2.7998743 61.795723 4.482483 1.6092659 1.9290578 2.462173 -0.031910256 -0.29938474
0 5 0.09289814 30.768707 0.9838093 71.91666 4.340732 1.5582752 1.9052856 2.9745488 -0.022637498 -0.08849027
0 5 0.08994529 31.514647 0.9341013 74.56265 4.3128057 1.6184723 1.9031018 3.0018148 -0.04259821 -0.029122632
0 5 0.08563791 30.958439 1.1179631 72.12684 4.4328113 1.6247011 1.9296448 3.1114192 0.027196812 -0.6362931
0 5 0.08553824 7.207051 1.9820874 43.98083 4.647361 1.5785394 1.9571081 4.8109374 -0.09917922 9.177319
0 5 0.08436046 31.035198 1.1241856 72.50764 4.479911 1.5999846 1.9355383 3.1560445 -0.02055423 -1.7475795
0 5 0.08223638 30.773987 1.0774217 71.83259 4.5335255 1.6278625 1.9505886 3.1852374 0.06074255 -1.5807825
0 5 0.079016596 -22.39805 2.1086507 79.63098 4.729784 1.7926679 2.0119543 4.592483 0.026904153 9.60761
0 6 0.07810375 -20.27202 1.348863 23.640272 4.6246433 1.7700052 1.9521238 2.4838693 -0.07255276 -0.03994409
0 5 0.07774093 -25.912367 2.0035295 89.5512 10.987995 3.1826584 2.7949893 4.4990797 -0.07942037 6.2871985
0 6 0.07632778 -30.72832 2.7920628 61.19933 4.5013595 1.602626 1.9406977 2.3726342 0.015696688 7.023662e-05
0 5 0.07630248 39.174927 0.31694108 73.61362 5.5098643 1.9733813 2.123498 3.9782348 -0.049082927 0.6437385
0 6 0.0756526 -31.297112 2.7242098 62.736935 4.513497 1.5733823 1.9434029 2.7308626 -0.021580227 0.011951115
0 6 0.075335026 -31.394596 2.7843719 62.85284 4.503923 1.5903163 1.937287 2.5665975 -0.04757332 0.0059125368
0 5 0.07366985 -23.24565 1.9852344 81.04173 5.281524 1.8709793 2.086966 4.5654273 -0.07709344 10.83431
0 5 0.07251621 46.60966 0.33133936 64.24124 4.329252 1.5445336 1.8632629 6.4239225 -0.01226899 0.005652435
0 5 0.07238873 -23.093697 2.093049 81.786476 6.8462987 2.3494637 2.2787576 4.5516872 -0.03897346 8.087868
0 5 0.072161615 37.16925 0.88525903 49.8217 4.3716106 1.5910952 1.8930558 6.2725105 -0.020666102 1.88324
0 5 0.068433255 44.780975 0.38726777 61.167793 4.351695 1.5583577 1.8750129 6.3888535 -0.006864371 0.0070879254
0 5 0.06589404 31.2631 1.0331733 73.14433 4.3774204 1.6318507 1.9160643 3.1712017 0.029894093 -0.31555176
0 5 0.065133266 37.237072 0.79812 48.195324 4.453615 1.6239713 1.9088471 6.393667 -0.0036844397 1.4563644
0 5 0.0644015 7.002202 2.021239 44.189816 4.5767374 1.6161128 1.9408575 4.75339 0.01070746 9.642524
0 5 0.064303376 -26.895384 1.797125 92.45195 12.455517 3.368069 2.9146664 4.4236064 -0.037013374 5.4456854
0 5 0.06421359 30.644516 1.0736487 71.616234 4.4518876 1.6162838 1.9231586 3.2110345 -0.009131133 -1.9294041
0 5 0.062624656 43.889137 0.41976246 60.011703 4.327065 1.5570091 1.8539908 6.4041996 -0.03431402 0.021840215
0 5 0.06214434 -26.240498 1.7807536 90.884735 12.615407 3.4375353 2.8598294 4.466763 -0.055162035 5.61148
0 5 0.060256097 46.0351 0.3537214 63.394062 4.284423 1.5585803 1.837664 6.443477 0.023796229 0.05028256
0 5 0.058688417 -22.219286 2.3429883 78.81295 4.7324004 1.7647458 2.0048425 4.609079 -0.017310996 12.045078
0 5 0.05838232 31.357494 0.9727933 73.55373 4.3300767 1.5595406 1.8967057 3.067924 -0.031560387 0.0022857804
0 6 0.058169656 -28.888721 2.808046 58.55376 4.437095 1.6685969 1.939215 2.112812 -0.06299887 -0.8313247
0 5 0.057541564 38.371475 0.49473464 72.42115 5.5994797 2.0089686 2.1701102 4.0467906 -0.024368756 0.085002914
0 6 0.056824073 -31.194498 2.782103 59.83646 4.446548 1.6125767 1.9193789 2.1693463 -0.019252116 0.010576595
0 5 0.05604279 18.480726 1.3557506 20.723589 4.3011785 1.610389 1.8131877 2.2458508 0.0053570177 -0.007518055
0 5 0.05571695 36.859272 -0.275213 102.91074 4.4685555 1.8392205 1.9687701 5.260847 0.011551885 5.331842
0 5 0.054370705 30.52272 1.003364 71.238686 4.338352 1.5477048 1.9063609 2.9965434 0.01104798 -0.086083524
0 6 0.052664075 -30.494984 2.8026426 60.876637 4.4858303 1.5987369 1.9317747 2.2796407 0.01547773 -0.059002552
0 6 0.052513916 -33.058624 2.7634616 58.41098 4.400749 1.5929271 1.9110035 2.1364772 -0.0038973037 -0.0022377558
0 6 0.050023157 -28.48915 2.7643104 58.997272 4.4004154 1.6605364 1.9288001 2.0193594 -0.0515856 -0.7510104
3 5 0.1255963 -26.895384 1.797125 92.45195 12.455517 3.368069 2.9146664 4.4236064 -0.037013374 5.4456854
3 5 0.115113884 -26.240498 1.7807536 90.884735 12.615407 3.4375353 2.8598294 4.466763 -0.055162035 5.61148
3 5 0.092575066 -24.511253 2.1147928 85.48161 10.111223 3.0893774 2.6405728 4.54544 -0.044156455 7.166386
3 5 0.08940616 -25.912367 2.0035295 89.5512 10.987995 3.1826584 2.7949893 4.4990797 -0.07942037 6.2871985
3 5 0.08472373 -9.907123 -0.14244485 73.16359 12.506952 4.877825 2.7633455 1.4405714 0.049151994 -3.376081
3 5 0.07849803 -9.47305 -0.014158964 72.17917 12.602817 5.066249 2.8105557 1.3367252 0.06435699 -3.1619387
3 5 0.061423805 -9.96629 -0.20476007 72.82 12.28114 4.9432254 2.689025 1.3018368 0.106659815 -3.6941166
3 5 0.059391994 -31.632776 2.0165658 106.12494 12.242221 3.6806576 3.072156 4.257202 0.023315946 5.9436536
3 5 0.05925802 -31.841118 2.0945117 107.901436 12.050069 3.6498632 3.007593 4.25664 0.036166273 4.493818
3 5 0.058639716 -10.279134 -0.38014722 74.127365 12.408818 4.786798 2.7009103 1.4250544 0.08374921 -3.1261692
3 5 0.05152558 -27.492426 1.7641323 93.04013 12.464168 3.3517416 2.959752 4.3523107 -0.0753441 4.304722
3 5 0.050157532 -27.146679 1.6470692 93.5346 12.551567 3.3479521 2.9379096 4.304926 -0.06854723 5.402947
7 2 0.1487274 -5.0014257 1.8327777 61.862587 0.74192643 1.801084 0.6486412 1.6033546 0.03985916 -1.4770268
7 2 0.14476886 -4.988861 1.8631883 61.741966 0.6991798 1.7716266 0.63381535 1.5014849 0.012495013 -1.3717145
7 2 0.13566086 -5.061717 1.8664913 61.918804 0.74516743 1.794977 0.64037174 1.5493879 0.07862784 -1.3944532
7 2 0.12057997 -4.9995246 1.8841373 61.649242 0.72515774 1.7640913 0.63041615 1.4397259 -0.006731443 -2.2035186
7 2 0.061711524 -5.0273614 1.8286136 61.48015 0.82783735 1.7988122 0.6858874 1.6770557 0.050287277 -0.7380296
7 2 0.057080448 -5.1792183 1.9417114 63.703785 0.74844915 1.7625916 0.6474901 1.7150121 0.079608075 -1.1535317
7 2 0.05644846 -4.826698 1.8390703 59.68193 0.78175765 1.7794234 0.6519794 1.6460651 0.013494629 -0.18188277
7 2 0.051679242 -5.13743 1.9329315 63.023247 0.76653254 1.7609022 0.6473906 1.5540677 0.049130283 -0.74568933
