0 5 0.2573196 21.445312 1.2817804 49.010468 4.623142 1.6434797 1.9468738 3.4852226 -0.03734099 0.6532649
0 5 0.21768466 -13.351651 2.3329113 50.80489 4.6042066 1.5417249 1.8549029 1.8020711 -0.09963141 -8.90516
0 5 0.20999497 -13.708958 2.3176584 51.741245 4.671266 1.4940262 1.9078976 1.730786 -0.030069476 -10.499241
0 5 0.20566899 10.57013 1.9736767 68.976875 4.4395623 1.5569154 1.9152163 4.876362 -0.0334873 9.896141
0 5 0.17750771 10.587942 2.0531821 69.575775 4.4675946 1.5844829 1.9091059 4.866628 0.014985083 9.214949
0 5 0.16837707 21.532038 1.3208971 49.264545 4.6501074 1.6264651 1.9473366 3.4630432 -0.023566352 0.04254464
0 5 0.16089854 -13.6803875 2.4253469 52.887085 4.690281 1.5086972 1.8976601 1.7497123 -0.069612585 -11.172275
0 5 0.13907968 -13.94741 2.3663697 52.42309 4.678463 1.4951528 1.9292822 1.7269156 -0.07660105 -12.196444
0 5 0.11808358 -13.608905 2.352088 51.31566 4.615591 1.5527028 1.8708462 1.7971737 -0.10552295 -10.166034
0 5 0.11787518 22.126837 1.1522295 51.00453 4.241664 1.5546447 1.8137693 6.2074566 -0.05871822 0.15356588
0 5 0.11634234 21.87945 1.3349516 50.293125 4.626673 1.6369188 1.9382999 3.3833077 -0.0690667 1.1621886
0 6 0.09049978 22.00451 1.1626927 51.639214 4.2412405 1.552115 1.811355 6.180027 -0.05728002 0.9638377
0 5 0.0785812 21.975582 1.1408119 49.80018 4.2378564 1.5506291 1.8031625 5.9710402 -0.11260932 0.66106164
0 5 0.075740755 -15.286187 1.9456266 76.700195 4.7422233 1.7618682 2.013199 1.4258475 6.145239e-05 -0.9550788
0 5 0.07395988 -15.0220785 1.9798009 75.48566 4.712084 1.7554747 2.000243 1.4209894 -0.0026774397 -1.6986705
0 5 0.07207162 21.710289 1.2711713 49.51798 4.564729 1.6416938 1.9335037 3.4351454 -0.010705274 -0.0029056557
0 5 0.06746811 22.320051 1.1945441 51.475407 4.231682 1.5505475 1.8165605 6.1977706 -0.054494545 0.054873966
0 5 0.06658642 21.413877 1.20052 47.865364 4.5951796 1.6559975 1.9387058 3.4736829 0.0030954238 0.16533023
0 5 0.062457353 -15.881641 1.9738169 79.743034 4.768067 1.7962196 2.018261 1.3913722 -0.012201739 -0.82060534
0 5 0.06021589 -15.606657 1.9767342 78.87404 4.7464333 1.7632169 2.0015762 1.4057993 -0.040957734 -1.1346905
0 5 0.05491371 -14.6486 1.9571723 74.47407 4.7644677 1.7335372 2.0059786 1.4605216 5.4765493e-05 -3.5062962
0 5 0.053837944 21.585485 1.2181183 48.19477 4.6315336 1.6765573 1.9470481 3.4544456 0.017725954 -0.037999224
0 5 0.05153751 22.652529 1.2036083 53.123875 4.218403 1.5382992 1.812127 6.2821913 -0.07576512 0.043547675
8 8 0.090087205 13.462107 1.7284887 20.401722 0.42113343 1.0300814 0.4115687 4.696106 -0.09113366 0.0071726926
8 8 0.08242523 13.358085 1.7380097 20.17639 0.45140052 1.0333627 0.42329264 4.6942487 -0.11431283 -0.0062272586
8 8 0.07646182 13.641067 1.7434491 20.646833 0.41571307 1.0467529 0.41126144 4.721405 -0.084615655 0.045646995
8 8 0.072339065 13.444067 1.7387264 20.306917 0.45537472 1.0419984 0.43289247 4.714224 -0.095259115 0.019410621
