0 5 0.13727695 17.4785 1.4673903 111.57637 4.453824 1.6772654 1.937099 4.9086885 0.08669998 9.217155
0 5 0.12770559 17.3314 1.3978004 110.56348 4.4629135 1.6877261 1.9273226 4.891783 0.08069625 8.121208
0 5 0.10192688 17.711779 1.3403049 114.04148 4.4686604 1.6599085 1.9458212 4.906438 0.04438825 9.104182
0 6 0.1014917 -27.232388 2.3709564 69.90136 4.917715 1.804178 2.053278 6.1041007 0.17373645 0.1323503
0 5 0.07023023 -27.563042 2.3695436 70.748505 4.9015326 1.7849591 2.0310683 6.0762835 0.17199776 0.21285498
0 5 0.060259983 -26.847471 2.3369184 68.98533 4.776971 1.7605132 2.0195003 6.083403 0.1393345 0.07983526
0 5 0.059537485 17.064547 1.4371709 109.07879 4.4119368 1.6943803 1.9224428 4.9113665 0.06377538 9.350018
0 6 0.050660454 -26.289436 2.155257 68.37923 4.5106916 1.6881279 1.9199489 6.1698256 0.07350504 0.0486202
7 2 0.06097267 8.815636 1.1109362 9.699186 0.63487464 1.6639102 0.555888 6.929085 -0.0064964294 -0.07401392
7 3 0.057754427 -7.7052264 1.8039687 12.617055 0.60322624 1.6740493 0.5889284 4.8154955 0.05043169 -0.33706287
7 3 0.051386897 -7.767177 1.7897351 12.972372 0.62488884 1.6936725 0.62150574 4.8001575 0.053344026 -0.23672348
