0 5 0.6398169 4.9863 2.053449 13.147593 4.4440374 1.5335753 1.8326993 4.8161325 -0.11486849 5.7523823
0 5 0.22520582 15.4257765 1.5742273 64.331184 4.584301 1.5214225 1.9281702 3.2028315 -0.05298584 -1.4716495
0 5 0.2090599 -31.296312 2.7553008 64.760124 4.5888214 1.7259995 1.9527446 4.8684998 -0.018281681 1.5470272
0 5 0.2055197 -3.3743925 1.9809947 55.115677 4.647277 1.4868182 1.9195654 2.5450914 -0.06778649 -9.919053
0 5 0.1844528 -3.4948945 1.972264 54.5408 4.6563764 1.5017272 1.9448223 2.6064425 -0.00085853785 -7.670748
0 5 0.16156553 5.278412 2.0807502 13.941208 4.2611732 1.507316 1.7814138 4.8089795 -0.039251648 3.1401653
0 5 0.1580242 47.47165 1.3167925 54.351254 4.855904 1.8337214 2.0389583 3.309698 -0.05203878 -0.069891706
0 5 0.1547756 -11.693834 1.6350837 51.964848 4.6147466 1.4987057 1.9206623 4.443828 -0.021058232 3.2745981
0 5 0.14947852 15.709149 1.5823953 65.31067 4.602642 1.5285708 1.9302269 3.1855817 -0.045372136 -1.0052632
0 5 0.14614998 -3.353002 2.0000277 55.695286 4.661604 1.485564 1.9062841 2.5691864 -0.056086652 -8.56667
0 5 0.14608395 17.890486 1.6862631 73.347404 4.781609 1.6548457 1.9884276 3.1513786 -0.019127924 -2.8361835
0 5 0.1448139 -31.795927 2.7664871 65.38586 4.6235194 1.7081048 1.969856 4.67546 -0.00660031 3.1225646
0 5 0.13940838 -31.450285 2.7647364 65.13122 4.605223 1.7353013 1.9690566 5.040901 -0.0051234514 0.3050766
0 5 0.13849285 35.229855 1.2606587 68.18306 4.6405864 1.8457751 1.9301159 5.2999287 0.10532362 9.556924
0 5 0.1382451 -3.2071168 1.947233 52.489956 4.4601626 1.5041581 1.8336947 2.4262538 -0.11571519 -8.73021
0 5 0.13006482 34.65533 1.2268921 67.01938 4.6935873 1.8790506 1.9346709 5.3019633 0.06639842 9.499749
0 5 0.12593302 47.863262 1.3013163 54.932255 4.8764634 1.8092898 2.02821 3.3475437 -0.053375408 -0.97397494
0 5 0.124143556 35.533947 1.2998713 68.51209 4.6727004 1.868855 1.9332623 5.3062644 0.08454734 9.434492
0 5 0.117056064 15.596856 1.5336479 65.04351 4.563645 1.5044129 1.9269934 3.2221549 -0.014149538 -0.1273908
0 5 0.11184326 -3.5147269 1.9882481 54.868454 4.664857 1.5213019 1.9440832 2.5759454 -0.008431487 -7.2442
0 5 0.10862421 34.699055 1.274159 66.79939 4.8128934 1.9053079 1.9333957 5.293445 0.06525189 8.554644
0 5 0.104528524 -3.1244845 1.9561837 54.85692 4.4400797 1.5086396 1.8410089 2.2569299 -0.0893917 -8.161114
0 5 0.103394195 -31.350782 2.6898217 64.80822 4.5672474 1.6827177 1.9565761 5.0856347 0.07676797 2.9632964
0 5 0.10313544 47.117634 1.266011 54.16123 4.86589 1.8182344 2.0450451 3.2753024 -0.03402523 -0.32009393
0 5 0.101249814 -11.464131 1.6679463 51.58578 4.5838118 1.4846113 1.9149691 4.440525 -0.0005719587 4.7289677
0 5 0.1005004 -3.3041685 1.9797437 54.18374 4.6060357 1.4878868 1.8892463 2.4933722 -0.030907575 -8.426546
0 5 0.09233026 47.52649 1.2778368 54.716682 4.8976603 1.8347703 2.041229 3.2929645 -0.047304474 -0.18839541
0 5 0.091415346 17.711672 1.6626976 73.68403 4.769549 1.6134253 1.9571708 3.1814752 0.012351615 -2.5007923
0 5 0.08821933 17.84572 1.6911083 75.039536 4.780534 1.6336598 1.9962286 3.1455486 0.009226976 -2.0240133
0 5 0.08604985 15.813865 1.587326 65.81035 4.5810094 1.524634 1.9340739 3.1922739 0.022064967 -0.019193614
0 5 0.0837741 -3.2006638 1.9292903 52.21497 4.497756 1.4682432 1.840989 2.4824405 -0.05696349 -7.169184
0 5 0.08211906 17.809448 1.5781021 73.10717 4.8453546 1.6379312 2.0041165 3.2103586 -0.021857148 -2.0745792
0 5 0.07439084 17.495766 1.5704688 72.93634 4.7737184 1.602564 1.9767454 3.2008545 0.0018989798 -3.359531
0 5 0.073079124 1.5190082 1.6822827 109.93797 4.8449793 1.7177182 2.0976284 4.7415905 0.07151193 6.868553
0 5 0.07217861 -31.070913 2.7380419 64.033394 4.6251645 1.730996 1.9854773 4.7438803 -0.01620876 3.6503909
0 5 0.06999974 -35.408825 3.058939 72.67084 4.7517877 1.7384924 2.052217 5.026814 0.11631792 2.0759013
0 5 0.06853498 23.047123 1.7344328 50.49565 4.452946 1.4860953 1.9030644 5.043555 0.04585561 4.5244126
0 5 0.06834785 -3.4848657 1.9458467 53.768833 4.6794806 1.4836292 1.9213744 2.5545456 -0.04191026 -8.41764
0 5 0.068207785 5.8055773 2.1350071 14.397102 4.5142827 1.5448982 1.8887448 4.858294 -0.12123319 4.1647944
0 5 0.06800656 -11.968802 1.7583665 53.255722 4.5902267 1.5449468 1.9216744 4.4234977 -0.050401255 5.247842
0 5 0.06640453 17.631138 1.6765292 71.80951 4.7367496 1.635748 1.9953914 3.1111758 0.0029088762 -3.506641
0 5 0.064932406 34.757496 1.1868793 67.39648 4.6488566 1.8260697 1.9520438 5.3150463 0.07860999 9.378842
0 5 0.06406765 -8.657593 1.6914604 40.646393 1.8017591 1.5933962 1.1142145 4.470192 -0.04446667 3.6850896
0 5 0.06122276 -35.093258 3.0303946 72.78014 4.7160025 1.7526196 2.038925 4.7850614 0.08193937 1.0436388
0 5 0.06027248 5.6280675 2.1075575 14.84473 4.284846 1.5119541 1.8042125 4.7474966 -0.034272183 2.9772384
0 5 0.05976826 -34.69409 3.0625458 72.56384 4.6854997 1.7265503 2.0256336 4.926899 -0.023498047 1.9595256
0 5 0.059467316 35.741856 1.3697379 69.04031 4.5915427 1.8194389 1.9574147 5.317854 0.06608928 9.74971
0 5 0.058989264 15.23993 1.5501237 64.17263 4.50677 1.5089918 1.8977302 3.1039526 -0.04526815 -1.7186097
0 5 0.058943797 36.346096 1.3338556 69.72024 4.7189713 1.8677216 1.9806858 5.354833 0.14406255 9.418373
0 5 0.058280177 1.861966 1.747865 110.67735 4.80246 1.7115128 2.0868058 4.789571 0.10180091 7.167925
0 5 0.057709843 -35.140717 3.0046155 71.95872 4.7843537 1.7113147 2.0600138 4.904581 0.10239287 1.8334738
0 5 0.056912147 1.1686008 1.4913635 109.668594 5.1517644 1.8527905 2.1782846 4.6279535 0.0019492265 6.475494
0 5 0.056095667 -34.90558 3.0271077 72.3419 4.7722616 1.736395 2.0532856 4.605117 0.08153949 0.9403718
0 5 0.054109156 -11.1460905 1.7006508 50.316334 4.6704054 1.547299 1.9288908 4.4856124 -0.06371179 3.40028
0 5 0.053827588 -34.415447 3.0442276 71.89133 4.709158 1.7151252 2.0315566 4.848157 -0.044221036 2.6244962
0 5 0.05345109 22.949814 1.7587961 51.076977 4.4431176 1.4992006 1.9022033 4.7484465 0.023065852 6.341236
0 5 0.05209385 1.5284474 1.7296655 110.6219 5.2229404 1.8792131 2.2186663 4.745214 0.02771706 6.123816
0 5 0.051637754 17.471415 1.5913765 72.71843 4.759487 1.6169455 1.9601669 3.172396 -0.011756524 -3.581847
0 5 0.051591154 -2.9270556 2.0998483 69.970055 4.447865 1.5222311 1.8347371 1.9518993 -0.0035167383 -4.294522
0 6 0.051126588 -39.003803 2.7046895 52.11322 4.2491956 1.6909788 1.8656939 2.9077394 -0.031357005 -0.029418213
0 5 0.051084176 23.58341 1.6327423 51.75589 4.468502 1.4808505 1.922983 4.986816 -0.0012146644 5.476877
3 5 0.16208854 -10.29387 0.871639 51.729893 11.852351 4.2979927 2.7319207 1.4317907 0.022176513 -3.3102958
3 5 0.15943563 -10.92844 0.83913124 51.06899 12.040443 4.4037013 2.7584975 1.3500563 0.026843457 -3.21973
3 5 0.11790589 -11.430034 0.80980563 51.87832 12.125805 4.577001 2.7660394 1.306687 0.01458074 -3.4564571
3 5 0.1173121 -10.115461 0.8549539 54.854122 11.648379 4.309904 2.7337008 1.5367454 0.04176163 -3.1200862
3 5 0.11078313 -10.381064 0.84769845 56.413536 11.492159 4.111125 2.82841 1.5961162 0.02694972 -2.8794713
3 5 0.09660104 -10.892454 0.73100424 52.038223 11.987461 4.3154116 2.8575056 1.38684 0.01954764 -3.8135746
3 5 0.08683129 -10.691006 0.8315704 61.320465 11.590917 4.4106054 2.874984 1.6420615 -0.03715293 -3.8561819
3 5 0.08199856 -11.165398 0.8352002 59.74876 11.735378 4.5034537 2.9318557 1.4905703 -0.00527714 -3.7391744
3 5 0.074082755 -10.327754 1.2638433 60.246788 11.131186 4.358758 2.7818666 1.6221367 -0.005010817 -5.0170803
3 5 0.06703024 -10.537074 0.8227769 51.134647 11.824084 4.406907 2.6834028 1.3615166 0.09813191 -3.2790554
3 5 0.062354706 -9.848225 1.0374055 58.549126 11.846425 4.61556 2.9521797 1.3985295 -0.016499186 -3.9024518
3 5 0.05958863 -12.57009 0.51076126 60.53319 12.245911 3.8412387 2.935523 1.3046641 0.0021235384 2.3473725
3 5 0.05727846 -13.017226 0.45723522 64.76157 12.095931 3.8568468 2.9280174 1.305586 -0.032836184 3.6454575
3 5 0.055914324 -10.004 0.72628784 53.390472 11.5484295 4.4250536 2.6588104 1.4822736 0.10541317 -2.3208685
3 5 0.055237327 -10.008801 0.7271447 58.821934 11.612432 4.2733808 2.818804 1.6485314 0.021105198 -3.6366923
3 5 0.0547622 -11.884273 0.6812706 52.61091 11.930419 4.511373 2.705525 1.2733057 0.08712245 -4.22669
3 5 0.054506604 -11.955973 0.8674495 62.254528 11.687355 4.406785 2.8037827 1.5835581 0.00018127635 -4.1367593
7 2 0.18298422 -7.102762 1.9634147 39.343006 0.9289461 1.7325841 0.7387145 4.527696 0.24383874 2.4687655
7 2 0.16598344 -7.106576 1.9917485 39.62524 0.9328387 1.739543 0.76368207 4.516808 0.21760662 3.351474
7 2 0.15222473 -6.9310656 1.9462268 38.448048 0.9049136 1.7462413 0.74316865 4.505454 0.16675591 1.1475526
7 2 0.13895348 -6.964814 1.9921377 39.05943 0.9003998 1.7508539 0.7455712 4.5179234 0.22632168 1.4975398
7 2 0.08592328 -7.069272 1.8892314 38.53897 0.86835295 1.7425656 0.7126488 4.5083394 0.1320272 1.6126084
7 2 0.07686429 -6.745151 1.8828216 36.779125 0.7700205 1.741976 0.67145807 4.5086417 0.050810657 2.0046422
7 2 0.067314625 -7.1132073 1.9921352 39.501472 0.88831896 1.7308416 0.720728 4.507361 0.18820265 3.1488738
7 2 0.05066805 -7.190227 2.0175478 40.607376 0.93933815 1.7612077 0.7426974 4.475136 0.2172511 3.500934
