0 5 0.38176414 7.1408043 1.7973566 46.752956 4.4581614 1.5239695 1.880739 4.767762 -0.10408398 7.6038775
0 5 0.19276486 7.071798 1.7774141 46.062065 4.4553943 1.548396 1.8763306 4.785303 -0.05970887 5.58287
0 5 0.13200064 33.43306 0.25488305 66.69491 5.0601754 1.8946595 2.0558262 3.5903854 -0.01809608 0.4100397
0 5 0.11163704 29.491964 0.8127468 69.65385 4.532122 1.627133 1.9506074 3.3462236 0.03604366 0.044592686
0 5 0.0973789 30.303522 0.9087401 70.52829 4.4813447 1.6211452 1.9433519 3.303066 -0.033504747 -0.25578997
0 5 0.09188118 29.245125 0.8374097 69.520195 4.4729247 1.6169506 1.9308571 3.3376074 0.040348783 0.018998288
0 5 0.089936145 32.950527 0.38717586 66.23911 4.9508348 1.8554713 2.0165477 3.4387903 -0.055587 0.7137918
0 5 0.08582215 33.77988 0.14987129 67.48035 5.077893 1.8592374 2.0630672 3.5284877 -0.044235364 1.3376256
0 6 0.08393034 -31.307825 2.537314 66.27093 4.6361704 1.5990094 1.9612982 1.5799985 -0.028074853 -4.1821423
0 6 0.081110835 -31.57725 2.5469594 66.80551 4.6415944 1.616671 1.972904 1.546268 -0.020440001 -4.0275464
0 5 0.07841134 45.935223 0.32627967 64.56307 4.56551 1.5583305 1.9451358 3.2032182 -0.029359594 0.47319585
0 5 0.0778697 29.833303 0.92629117 69.48675 4.4359446 1.600313 1.92022 3.306577 -0.019796643 0.01732365
0 5 0.07615845 31.327417 0.6831132 74.00584 4.4260197 1.5426544 1.9287053 3.2951732 -0.059820004 -0.034395717
0 5 0.0752976 30.833525 0.5393203 73.665276 4.3923965 1.5551268 1.9209111 3.274607 -0.08372298 -0.036076672
0 5 0.0751056 29.534046 0.80703616 68.95797 4.511167 1.6310343 1.9405367 3.3544946 -0.016163178 0.019713107
0 6 0.07358947 -31.63743 2.5403476 67.53848 4.6137834 1.6029141 1.9558196 1.5799288 -0.025645826 -3.6716413
0 5 0.07071538 45.72306 0.27996755 65.03917 4.5831614 1.581461 1.9438839 3.2798135 -0.026138086 0.15353554
0 5 0.06857129 19.029776 1.482224 70.65077 4.53833 1.6676942 1.890914 1.1716051 0.0119835045 0.10036869
0 5 0.06474321 7.273451 1.8263273 47.37659 4.5737014 1.5871376 1.9354738 4.815902 -0.002827364 7.566289
0 6 0.059452083 -31.77468 2.521776 66.46883 4.6370053 1.6130846 1.9639689 1.5284699 -0.024175689 -4.3008304
0 5 0.052150708 19.89039 1.148174 72.48378 4.8424525 1.7827482 1.989085 2.847703 -0.03857043 -4.7647653
0 5 0.051198285 33.674 0.1310209 67.263016 5.0743694 1.8883194 2.0461564 3.5861363 -0.055946082 0.6771129
0 5 0.050749525 20.226141 1.1697366 73.12742 4.7471156 1.7759588 1.9754924 2.8660836 -0.021946434 -4.218962
6 2 0.060429495 -5.00027 1.5658842 70.83401 0.6972972 1.7400798 0.5926371 4.7584505 0.056549154 -1.6514093
7 2 0.13566738 -5.00027 1.5658842 70.83401 0.6972972 1.7400798 0.5926371 4.7584505 0.056549154 -1.6514093
7 2 0.07599539 -5.009073 1.5448346 71.12905 0.752262 1.7428931 0.61044943 4.7814603 0.073819116 -1.4327478
7 2 0.066827506 -5.01222 1.5906634 71.29364 0.78064555 1.7374567 0.6243091 4.7734566 0.09006649 -0.23118144
7 2 0.06394612 -5.0217185 1.6119504 71.27936 0.6640718 1.7538434 0.5688063 4.767178 0.06034901 0.16869202
7 2 0.05557176 -5.0104756 1.6395425 71.20157 0.67395616 1.7389426 0.5679315 4.7530975 0.030568996 0.106215335
