0 6 0.25621736 -24.284752 2.1852386 38.962025 4.599212 1.6822349 1.9279362 1.6399997 -0.06126023 0.017012615
0 5 0.23864627 -28.137625 2.5076165 35.724922 4.3136044 1.531118 1.8563893 1.6065233 -0.08200191 -0.004193209
0 6 0.2321009 -24.090195 2.1666658 38.66787 4.646991 1.7016102 1.9324471 1.6288368 -0.067810625 -0.07751709
0 6 0.13439527 -25.250257 2.3953598 50.039246 4.3660145 1.5267252 1.8890117 1.6805906 -0.0023302305 -0.021212868
0 6 0.12529662 -24.249586 2.2829707 48.02673 4.0707655 1.5357561 1.7676568 1.6383945 -0.058934785 0.035818156
0 5 0.118976384 -21.81459 1.9089038 57.28509 4.357166 1.6517795 1.8694215 4.9388065 -0.02623535 3.5429065
0 5 0.115576275 -27.895578 2.5287375 35.402866 4.3462586 1.5446305 1.870593 1.6121867 -0.028368497 -0.07113721
0 6 0.11281876 -25.367758 2.384756 50.504086 4.287006 1.5213451 1.8488213 1.6441684 -0.040129285 -0.045337074
0 5 0.10833619 -27.346745 2.4748554 34.722584 4.3413086 1.550281 1.8731322 1.6023672 -0.02172718 -0.05868394
0 6 0.10546402 -27.703913 2.536223 35.10117 4.222971 1.5618398 1.8454636 1.6249719 -0.03879355 -0.020939937
0 5 0.09824524 -21.569347 1.8934097 57.11329 4.388555 1.6449062 1.8850744 4.921592 -0.098266706 3.423611
0 5 0.0971375 -22.689869 1.9927702 59.33764 4.403804 1.5448684 1.9120358 4.8311257 0.04584971 1.4380065
0 6 0.09643151 -24.648611 2.209898 39.116478 4.645029 1.7100437 1.9551585 1.5990013 -0.053686276 -0.02356752
0 6 0.09084599 -27.57464 2.476994 34.83669 4.292104 1.5501336 1.8427758 1.6339455 -0.07088494 0.025691152
0 6 0.0900473 -28.470846 2.43927 36.156517 4.355777 1.5359962 1.8856732 1.6125095 -0.02215124 -0.041517798
0 5 0.08593014 19.935171 0.7952103 107.29744 4.556469 1.6812156 1.9250375 4.985781 0.061862163 8.601013
0 5 0.082919866 -22.233364 2.0187392 59.09171 4.383792 1.5358143 1.9096867 4.8677745 0.028183898 0.6558041
0 5 0.0769059 19.378912 0.7417331 104.09681 4.5429707 1.6890424 1.9345008 5.1987257 0.06982385 7.4339175
0 5 0.07682028 -21.424633 1.9217451 56.256954 4.3777375 1.6642829 1.8872056 4.9928412 -0.05369273 3.3194768
0 6 0.07576456 -24.533115 2.3100638 48.566727 4.0541344 1.5439703 1.7738189 1.6312847 -0.04631652 0.014893252
0 5 0.07039563 -22.538933 1.970449 58.919994 4.364623 1.5658133 1.8988411 4.821464 0.047571495 1.1671941
0 5 0.06881159 -20.745075 1.8685536 70.78552 4.795648 1.6020458 1.955571 5.5962715 0.052381784 1.0866742
0 5 0.06530811 -20.40473 1.8800378 63.851643 4.2034545 1.5489161 1.8063952 4.9010696 0.121172406 0.3641172
0 5 0.06503355 -20.350367 1.8940107 62.479683 4.210893 1.5399301 1.8141491 4.875161 0.07562149 0.99162066
0 6 0.06432675 -23.996775 2.2715795 47.580418 4.123977 1.5133117 1.7635907 1.6461718 -0.065826245 0.06265565
0 5 0.063394085 -22.270718 1.9446725 57.67195 4.289554 1.6074402 1.8395427 4.991888 -0.069106184 2.1146235
0 5 0.06321171 -22.930721 2.02661 59.645714 4.3104463 1.5255628 1.8849322 4.862674 -0.048734024 0.696525
0 6 0.062269893 -27.211868 2.587977 34.525913 4.3821006 1.5352255 1.8401953 1.5876932 -0.054166302 -0.0069043767
0 5 0.061853245 -23.078672 1.9852194 61.675144 4.37578 1.5409236 1.8902591 4.832242 0.009271234 1.2731309
0 6 0.059918784 -23.595718 2.0502484 57.999386 4.1957307 1.5510724 1.8030119 5.0314736 -0.05440636 -0.023993354
0 6 0.059824128 -28.542187 2.4960074 35.76895 4.419417 1.5521014 1.9273589 1.6477506 -0.004911151 -0.0021242388
0 5 0.055445787 19.938185 0.8483789 111.291565 4.5922923 1.666741 1.921407 4.896485 0.039701127 8.89714
0 5 0.053992614 -20.34134 1.8543987 65.017715 4.2805514 1.6012222 1.8226216 4.9623575 0.09829734 0.18850672
0 6 0.053754415 -24.08652 2.1454022 58.321922 4.132088 1.5364643 1.79048 5.0536156 -0.060189545 -0.018349124
0 5 0.050747704 -20.766766 2.0250633 70.40608 4.677489 1.5753518 1.9413345 5.3657484 0.06008006 0.96970326
7 2 0.05652088 -5.7786045 1.6522716 38.892906 0.58181965 1.7151158 0.5633497 4.6038647 0.03896139 0.044428855
