0 5 0.1119101 14.9149275 1.5163205 90.52121 4.523759 1.6273624 1.9047548 4.9804444 0.05173236 8.050679
0 5 0.11179944 15.102746 1.5434561 91.73113 4.48817 1.6010423 1.9043944 4.9663286 -0.028212741 7.3194985
0 5 0.074169494 15.255054 1.5893824 92.48576 4.4120393 1.6137278 1.8848377 4.970202 0.0016590543 8.24034
0 5 0.05213605 14.937714 1.5104307 89.82872 4.494502 1.6212977 1.8924605 4.982534 0.055447593 6.8510103
0 5 0.05004157 0.002815705 1.269857 116.66815 4.719992 1.7099742 1.9492218 4.7285686 0.012170609 5.934637
3 5 0.053060737 15.792257 -0.40091228 86.735344 10.747397 3.8332772 2.55261 4.886079 0.015752243 8.288849
3 5 0.05039404 15.61645 -0.32945478 85.5979 10.911601 3.7667305 2.5807552 4.8909154 0.050821215 7.5255704
7 2 0.08586089 -19.97149 2.2385411 36.069954 0.6458593 1.4603537 0.58964545 1.5444169 -0.092072226 -0.04389722
7 2 0.07783985 -21.391888 2.0016236 31.38636 0.6114911 1.7720096 0.58563006 5.1195407 -0.009221663 0.14642483
7 2 0.0652727 -21.927317 1.9828594 32.162605 0.62499094 1.7518781 0.5958399 4.999319 0.021337824 0.18697563
7 2 0.062975064 -21.685612 2.0033302 31.814072 0.6319417 1.7672964 0.5955037 5.0857544 -0.05998914 0.1704044
7 2 0.058942284 -20.08443 2.2680025 36.23941 0.62865615 1.485584 0.5964336 1.5695586 -0.10480042 -0.03608029
7 2 0.057952277 -22.22136 1.9999264 32.62201 0.66071355 1.749356 0.6056733 5.0114274 -0.005588418 0.17425627
7 2 0.052611142 -20.26759 2.3007686 36.552494 0.6543396 1.4554263 0.6211632 1.5804408 -0.06610275 -0.045861475
