0 5 0.3184034 5.322836 2.0409837 17.275988 4.535998 1.4995575 1.8360243 4.7698364 -0.10365672 7.344942
0 5 0.2897453 6.151766 2.1988826 19.796179 4.4781275 1.5384626 1.879131 4.7882776 -0.08637249 5.228948
0 5 0.24067664 5.4803557 2.0331435 17.723269 4.522001 1.4891185 1.8123003 4.79958 -0.08938443 7.583606
0 5 0.22258532 1.877411 1.7292198 74.0686 6.8250837 2.2673006 2.4502087 2.2194896 -0.08856606 -1.4280403
0 5 0.21871214 -18.639507 2.5483932 70.09374 4.6198063 1.5631286 1.9418024 5.851571 0.03740424 -1.307186
0 5 0.19978264 35.44325 1.5085859 64.15157 4.576438 1.6824554 1.9772441 3.411264 -0.051397458 -0.6145753
0 5 0.19604081 -41.26467 3.4680176 55.07924 4.740909 1.624703 1.9951736 1.5081918 -0.031809747 -1.8440056
0 5 0.19408439 39.45274 1.1729181 45.75548 4.843149 1.6515971 2.018459 3.4158132 -0.02559768 -1.4735382
0 5 0.18811479 41.490448 1.2185123 47.909634 4.809677 1.6404486 1.9939134 3.3019092 -0.039088823 -2.505628
0 5 0.18780279 -40.683403 3.3998833 54.35526 4.7137794 1.5972848 1.9874005 1.5626998 0.016649744 -1.9671234
0 5 0.16106851 35.708244 1.5427939 64.83153 4.5424232 1.6636156 1.9628038 3.490212 -0.023488808 -0.6684389
0 5 0.15991797 2.0466492 1.7756631 79.84786 8.313951 2.7060623 2.737479 2.039952 -0.065262124 0.7068275
0 5 0.15523838 2.2706199 1.8888991 76.523605 5.1093755 1.9012142 2.077992 2.6048207 -0.12303658 -0.59884703
0 5 0.14787333 40.00753 1.145671 46.50209 4.873652 1.6557034 2.0114183 3.4620292 -0.03424324 -0.9728947
0 5 0.13702478 -18.412014 2.5468922 69.13246 4.6260552 1.5586689 1.9416484 5.8184657 0.009970546 -1.9070885
0 5 0.13169844 35.915524 1.6464584 65.31876 4.4421244 1.6655802 1.9013759 3.3580496 -0.07383962 -0.026079252
0 5 0.12950082 -18.311712 2.5621395 68.912605 4.5923486 1.5429597 1.9312389 5.7753105 -0.012496207 -0.2104198
0 5 0.12521024 -40.87643 3.3824365 54.804234 4.6880336 1.6197067 1.9677125 1.5833223 -0.080532454 -1.1664648
0 5 0.12350338 2.06304 1.9136658 73.203026 5.013946 1.915025 2.0371332 2.6671932 -0.050854385 -2.8860126
0 5 0.122408494 1.7772378 1.8674102 74.445274 5.221804 1.932311 2.1782126 2.6948028 0.04490433 -1.8047147
0 5 0.11959946 1.8063239 1.7878056 70.75232 5.3877463 1.8735851 2.1345382 2.3144186 -0.074765295 -2.3420584
0 5 0.116059 -41.533237 3.5387256 55.723022 4.7128825 1.6415591 1.9805908 1.526839 -0.07158193 -1.3866042
0 5 0.1098954 20.120213 1.3482463 64.94235 4.4151826 1.5819644 1.9081894 2.1230156 0.03158565 -0.011255627
0 5 0.10916349 2.0538185 1.818187 75.94501 5.194661 1.8897911 2.092413 2.6622732 -0.1082112 -1.740622
0 5 0.10871506 35.58263 1.6397791 64.53531 4.4479165 1.6515422 1.9074578 3.3549805 -0.044268355 -0.010584672
0 5 0.10446877 19.86945 1.3349566 63.964977 4.432127 1.6024184 1.9254748 2.091843 0.0024421178 0.00257588
0 5 0.09693836 1.886332 1.6880078 71.69454 5.5566297 1.9431334 2.1904888 2.243223 -0.10310266 -2.449842
0 6 0.09545934 -34.389427 3.3092465 77.635254 4.2736835 1.6206863 1.8936285 2.875641 -0.009578743 -0.017758165
0 5 0.09351262 -21.424553 2.863531 81.252106 4.7543807 1.6209465 1.9883542 5.9400687 -0.02433044 -0.67019534
0 6 0.0919798 -35.3922 3.3531728 79.2713 4.275979 1.6045 1.9001288 2.6521003 -0.03282597 -0.0033483338
0 5 0.09078942 50.903454 0.74219126 74.037315 9.394117 2.7458162 2.594974 1.4202507 0.04013355 1.1716979
0 5 0.09008774 1.9454662 1.8454708 73.62341 5.003808 1.9008608 2.0185199 2.727292 -0.053199194 -4.4015875
0 5 0.08846117 -19.006773 2.525543 71.79547 4.586481 1.563862 1.919087 5.7709527 0.027805584 0.26367578
0 5 0.08709185 -18.850956 2.578012 70.95459 4.587834 1.5779232 1.9205474 5.8617883 0.027554674 -0.601619
0 5 0.0852992 19.26296 1.117332 61.279255 4.679961 1.5883508 1.9618399 1.6244667 0.07783763 0.07165085
0 5 0.08364964 -47.475677 3.7929745 63.42584 4.38929 1.5982201 1.8866223 1.432832 -0.059595175 -1.010445
0 5 0.082807675 34.75342 1.5050036 62.83675 4.5866876 1.6563163 1.9949015 3.4599066 -0.014099096 -1.3558961
0 5 0.08216608 1.763472 1.7793915 75.38437 5.2373013 1.9034235 2.1688824 2.7527027 -0.048202142 -4.4217114
0 5 0.081581146 19.001152 1.2147999 60.891327 4.6164646 1.5530226 1.9608244 1.6169307 0.09483025 -0.022716597
0 5 0.077076346 50.431522 0.68377584 73.03208 8.591606 2.6345413 2.4845893 4.5017557 -0.042226437 0.90308344
0 6 0.0763187 -48.082615 3.849186 64.799286 4.34888 1.5815467 1.8707091 1.4172263 -0.076740496 -0.8416337
0 5 0.07618067 5.9352307 2.139096 19.176517 4.4315267 1.4583194 1.8621453 4.725865 -0.0007319879 3.8408933
0 5 0.07531146 1.9921553 1.7203202 77.1154 6.608627 2.2779498 2.4425502 2.2370708 -0.04890859 -1.398547
0 5 0.07387417 2.0899332 1.7845274 82.08497 8.216912 2.8199515 2.8134835 2.077558 -0.033329714 1.3113596
0 5 0.071945004 38.867233 1.2726525 45.206448 4.778513 1.6596206 2.0057237 3.3695362 0.02272802 -1.5429716
0 5 0.071803644 19.868996 1.1555808 61.85029 4.5530634 1.5825783 1.9382234 1.9664814 0.005390821 -0.20968515
0 6 0.07170894 -33.75901 3.2419322 77.45629 4.2737145 1.6165442 1.8884115 2.974238 0.015922805 -0.005114386
0 5 0.0715521 6.6579185 1.8643588 21.701262 4.540119 1.4766355 1.847992 4.736885 0.039844885 0.0015422367
0 6 0.0713176 -47.67096 3.8562453 63.70831 4.3929663 1.6116 1.8936546 1.4474752 -0.064014465 -0.577652
0 5 0.07084429 -47.835667 3.775929 63.218403 4.4364333 1.6171758 1.9014696 1.4195294 -0.06471246 -1.821455
0 5 0.07081818 20.220776 1.1233901 62.900303 4.5660276 1.5344192 1.9178749 1.822243 -0.010952654 -0.2696328
0 5 0.070507444 19.777884 1.3169093 63.69096 4.3845735 1.5782537 1.890227 1.9935052 -0.0039035333 0.016191877
0 5 0.06882949 -21.739105 2.8854423 82.6505 4.7092094 1.6437203 1.9845716 5.9500785 0.01653965 -0.4016483
0 5 0.06830264 1.7997077 1.7731843 69.688995 5.227395 1.8228596 2.1080275 2.2733483 -0.052149244 -2.1416826
0 5 0.06796689 -52.411076 3.7439497 62.469494 4.440077 1.6531659 1.9237885 1.2396877 -0.00068093464 0.016140964
0 6 0.06600513 -50.349915 3.970767 68.839134 4.279625 1.556985 1.8487844 1.4225085 -0.08575202 -0.053155858
0 6 0.06479097 -47.641888 3.8967328 64.23778 4.3605943 1.5986164 1.8787572 1.4273171 -0.08770772 -0.21543536
0 5 0.064767525 31.595207 1.6482632 65.21065 4.5686927 1.60406 1.9414779 6.584053 0.06936734 0.5724464
0 5 0.063801594 36.13586 1.5378188 65.745926 4.519713 1.6710017 1.9587736 3.4099612 -0.032730915 -1.4259614
0 5 0.06311216 -48.53066 3.7985437 62.968605 4.4765134 1.645195 1.920192 1.3841317 -0.06501689 -2.821989
0 5 0.06297263 -51.961098 3.7909138 61.89466 4.4506664 1.6691669 1.9286605 1.2046907 0.01182778 1.243198
0 5 0.062962055 -21.476168 2.8113742 80.9946 4.739853 1.6242187 1.9938216 5.9394374 0.03389489 -0.43706578
0 5 0.06253214 19.57362 1.3647128 62.997375 4.3384385 1.5747155 1.8789043 2.0759406 0.013893897 0.030036781
0 6 0.062242866 -52.624775 3.8987694 73.49223 4.217516 1.5722958 1.8354068 1.43026 -0.10980838 -0.041902207
0 5 0.062189396 -48.50299 3.8139176 62.064034 4.481917 1.6471598 1.9276154 1.4015031 -0.036363535 -3.4183474
0 5 0.061254036 31.004946 1.5986669 64.97578 4.4976244 1.617932 1.9532001 6.4552402 0.11347199 2.3486466
0 5 0.060925167 5.771376 1.9905417 18.880005 4.5282063 1.4640548 1.8531787 4.796506 -0.06401568 3.9939342
0 5 0.06063638 2.0342338 1.7150987 77.37002 7.5078206 2.5418208 2.5674145 2.103618 -0.081140555 -0.74459875
0 6 0.059036825 -35.81557 3.3268218 79.71749 4.229112 1.586751 1.887245 2.568211 -0.05849585 -0.004193561
0 5 0.058978118 32.07341 1.5112357 67.080956 4.311606 1.6236377 1.8439244 6.266658 0.08572979 3.6690936
0 5 0.058789082 19.780851 1.0412064 62.981335 4.6003623 1.5942075 1.9590201 1.5564268 0.100069776 0.010799937
0 5 0.05792194 36.21226 1.3849621 41.27634 4.777341 1.6640948 2.018852 3.5535936 -0.07376741 -0.7366709
0 5 0.05786032 -19.038818 2.4973037 72.04922 4.580343 1.5936131 1.906731 5.7586074 0.026925316 0.043295063
0 5 0.057265144 -49.72177 3.8447483 62.447456 4.468888 1.6418003 1.9261014 1.4252822 -0.0275262 -2.6116767
0 5 0.057209954 -46.246483 3.2069256 55.677364 4.540149 1.6196996 1.9278296 4.7004423 0.011948012 -1.3291112
0 6 0.056813344 -50.42576 3.7383604 71.51546 4.2184343 1.6067922 1.8448064 1.4374887 -0.11782204 -0.06256412
0 5 0.056525964 6.129818 2.1961708 20.179544 4.4683943 1.4941415 1.8592755 4.6007724 -0.05440703 4.034837
0 5 0.05607889 -22.032417 2.89296 81.83055 4.7954473 1.6375294 2.0228622 5.9431787 0.20079756 -0.75128543
0 5 0.055845477 -48.619946 3.8838978 64.2141 4.432111 1.6322136 1.9082943 1.4293042 -0.06004837 -1.608207
0 5 0.054349784 19.516663 1.16769 62.036606 4.716935 1.5983094 1.9655218 1.5832844 0.043802284 -0.011406784
0 5 0.054205965 49.87454 0.7976297 72.376816 8.1785145 2.6050868 2.4488127 1.4020376 -0.05670532 1.610407
0 5 0.054146323 -50.62312 3.7299857 60.582077 4.4323173 1.6340464 1.9352026 1.2064209 0.06617114 0.03449782
0 5 0.053616855 -50.153458 3.7902884 59.996197 4.4388413 1.6685172 1.9361031 1.2165024 0.090623885 1.7891399
0 5 0.05323823 40.548866 0.8854474 47.31458 4.940236 1.6278985 2.02199 3.5006108 -0.0355792 -1.7858013
0 5 0.052443843 36.568096 1.5634108 66.59448 4.5696735 1.6764506 1.9653968 3.4220924 -0.0559929 -0.3919302
0 5 0.05220181 -49.336967 3.9763558 63.212437 4.4696026 1.6602516 1.9353946 1.4130948 -0.016253218 -1.8695927
0 5 0.051870048 34.935165 1.6105899 63.58415 4.3882556 1.6541344 1.8909109 3.3498173 -0.048395112 -0.025350181
0 5 0.05183076 35.824203 1.6388828 65.582634 4.3907256 1.6606643 1.8840636 3.32705 -0.051999107 -0.009971802
0 5 0.051655512 30.13808 1.3983576 64.38277 4.3845415 1.6737506 1.8719033 5.8045816 0.09139475 8.30314
0 6 0.05140991 -49.21367 4.0112796 67.13913 4.2981825 1.577238 1.8561364 1.4279932 -0.09667296 -0.055824094
0 5 0.050800025 -46.793156 3.3787823 56.297367 4.4280415 1.616063 1.9389373 4.6875744 -0.0010622293 -1.3692901
0 5 0.050518632 -49.103855 3.918656 63.798565 4.4524555 1.6416917 1.9273942 1.3955315 -0.051867098 -2.1943934
0 6 0.050295435 -53.687386 3.844966 74.96346 4.2827272 1.6269385 1.8604137 1.3970611 -0.08500229 -0.06011825
1 5 0.061308924 2.0466492 1.7756631 79.84786 8.313951 2.7060623 2.737479 2.039952 -0.065262124 0.7068275
1 5 0.05239068 50.903454 0.74219126 74.037315 9.394117 2.7458162 2.594974 1.4202507 0.04013355 1.1716979
3 5 0.13818042 50.903454 0.74219126 74.037315 9.394117 2.7458162 2.594974 1.4202507 0.04013355 1.1716979
3 5 0.13296449 48.352627 1.0453732 70.65468 10.065502 2.7688255 2.7092476 2.743891 -0.04410222 -0.6586101
3 5 0.13287006 2.0466492 1.7756631 79.84786 8.313951 2.7060623 2.737479 2.039952 -0.065262124 0.7068275
3 5 0.11439049 1.877411 1.7292198 74.0686 6.8250837 2.2673006 2.4502087 2.2194896 -0.08856606 -1.4280403
3 5 0.110526055 46.90562 1.0927029 69.89053 11.684878 2.9166818 2.9387057 2.821835 -0.015905902 -0.1694293
3 5 0.0923898 50.431522 0.68377584 73.03208 8.591606 2.6345413 2.4845893 4.5017557 -0.042226437 0.90308344
3 5 0.08991056 50.860542 1.1288953 74.03414 10.855617 2.794067 2.7731314 2.9546945 -0.033827588 -0.15093705
3 5 0.070684284 2.0899332 1.7845274 82.08497 8.216912 2.8199515 2.8134835 2.077558 -0.033329714 1.3113596
3 5 0.066765815 53.043594 0.7101041 76.96325 10.075954 2.7135322 2.6894088 1.3990505 0.039976433 0.87718123
3 5 0.057461645 46.528374 1.1811899 67.77887 9.246001 2.676582 2.6728919 2.7670417 -0.056935683 -0.51296663
3 5 0.057315987 46.097454 1.1345096 67.34531 10.703203 2.8363872 2.9065733 2.6412492 -0.053382523 -0.011331853
3 5 0.056868974 2.0342338 1.7150987 77.37002 7.5078206 2.5418208 2.5674145 2.103618 -0.081140555 -0.74459875
3 5 0.056736466 48.891243 1.1670128 73.45155 11.813025 2.9391947 2.8887932 2.9565701 -0.0066286027 -0.49662778
3 5 0.05650494 47.068 1.1373127 69.35236 11.037788 2.811225 2.8827834 2.9999774 0.009163413 -0.31495637
3 5 0.05334767 52.05227 0.7433966 75.24136 9.125961 2.6238894 2.5828505 4.5017304 -0.0059664296 1.0002348
3 5 0.0510092 1.886332 1.6880078 71.69454 5.5566297 1.9431334 2.1904888 2.243223 -0.10310266 -2.449842
7 2 0.4101827 -6.455765 1.9484503 41.375355 0.95972306 1.8185205 0.80745167 3.782701 0.2837563 0.48005104
7 2 0.33072865 -6.4419994 1.9302425 40.796886 0.91213423 1.8026251 0.79226774 3.8419125 0.24841349 0.38741297
7 2 0.22778492 -6.4005847 1.9137654 40.96137 0.96057475 1.7887923 0.8080656 6.8362775 0.21625364 0.57438916
7 2 0.2205004 -6.363492 1.9026333 40.325 0.9169033 1.7849476 0.7745001 3.9115846 0.25946686 0.62848943
7 2 0.13446389 -6.4422255 1.9389967 41.977146 1.0200623 1.8261812 0.8056748 6.6283274 0.26456094 0.45722574
7 2 0.105582826 -6.51304 1.9160706 40.44308 0.9257237 1.7866428 0.78691846 6.846211 0.18875578 0.3869813
7 2 0.09847431 -6.5221934 1.9047747 40.51917 0.9018787 1.7910423 0.7639602 3.8791 0.21190189 0.63177747
7 2 0.09499367 -5.3223367 1.6374712 34.803722 0.90959996 1.779649 0.7494514 6.31788 0.11906286 0.29489583
7 2 0.08286037 -5.612647 1.6178656 35.679596 0.8966544 1.7737513 0.75979805 6.330899 0.14884295 0.2981483
7 2 0.08029639 15.982936 1.6778829 42.01183 0.64213574 1.670339 0.6142559 1.6353655 -0.13019824 0.20914558
7 2 0.07927583 -6.0465813 1.8653793 38.872356 0.97144204 1.8198913 0.8058607 3.8572907 0.19748092 0.6702828
7 2 0.07397748 -6.009588 1.849759 38.340813 0.9676017 1.7995434 0.80170035 6.911814 0.23534761 0.8137906
7 2 0.060366035 16.310154 1.6520039 42.791565 0.621641 1.6708935 0.6045658 1.6624397 -0.09039924 0.18923452
7 3 0.05194648 15.3026 1.6505158 40.269363 0.63397014 1.6852418 0.60642856 1.7200978 -0.17436011 0.11913461
7 2 0.0512605 -6.6780357 2.0514498 42.232883 0.8877312 1.7843512 0.7595393 3.891025 0.10182878 0.31859213
7 2 0.05090342 15.921318 1.6662524 41.831413 0.6736801 1.6474143 0.6162704 1.5301245 -0.06798373 0.23543137
