0 5 0.18989624 14.969417 1.9419026 100.571304 4.467361 1.6040256 1.9327393 4.8815074 0.0068613347 4.564143
0 5 0.10541306 14.866274 1.914902 100.9106 4.4446507 1.5775911 1.9121039 4.868737 0.045305066 4.6471577
0 5 0.09165031 15.080458 1.9358411 101.39525 4.4902024 1.6166354 1.9392432 4.826412 0.09295521 6.208569
0 7 0.081745 -29.020908 1.924213 39.874695 4.6575103 1.7002592 1.9510645 4.559 0.0245301 -0.053309143
0 5 0.0769795 15.421062 1.9575537 103.85606 4.437458 1.5896411 1.9292035 4.8552213 -0.035998315 5.2758584
0 7 0.07253733 -28.156384 1.9452366 37.882683 4.8410277 1.7509959 1.9815836 5.0707183 0.029734364 -0.04514669
0 7 0.066123806 -29.089846 1.9684522 40.8393 4.6193995 1.686181 1.9520429 4.72254 0.013932275 -0.06035292
0 5 0.06519063 38.49072 0.78777647 43.957664 4.3756614 1.5726662 1.8573629 1.814517 -0.0009229183 -0.0021288395
0 5 0.06369552 -26.272324 1.7845936 34.530163 4.7448406 1.8368253 1.927967 6.3373957 -0.0056520477 -0.0570735
0 5 0.062372398 15.299738 1.9815798 103.4662 4.457006 1.6078211 1.9401349 4.866832 -0.011598613 5.466008
0 5 0.058505803 37.35444 0.8595144 42.523678 4.3671103 1.5575441 1.8502916 1.9529226 0.0277516 0.0008152686
0 5 0.057889204 -28.927118 2.4654999 56.871475 4.6654596 1.7307352 1.9771864 6.0567145 0.15066306 0.11553111
0 7 0.057010666 -27.160347 1.8404722 36.736042 4.651699 1.6988224 1.9385048 5.007652 0.019856786 -0.025892593
0 5 0.055813324 -29.257708 2.4422655 57.353065 4.741751 1.7280397 2.0018914 6.0573688 0.12524404 0.14686763
0 5 0.05531421 -15.088022 1.765803 102.026024 4.585928 1.7345461 1.9662678 4.6550274 0.1157685 1.7953975
0 7 0.054834057 -27.845182 1.8435614 38.234657 4.608327 1.7032453 1.9355401 4.411045 0.02242417 -0.028309908
0 5 0.05376315 -26.704454 1.7412944 33.86437 5.869838 2.1229534 2.0641854 6.3162003 0.025896804 -0.02087952
0 5 0.052834123 -25.954767 1.7340724 34.255318 4.758716 1.871372 1.9176048 6.3242264 -0.038577273 -0.07362339
0 5 0.05099037 2.6490333 2.203242 115.59503 4.6726303 1.6917379 1.9551275 4.78873 0.0478625 10.006857
3 5 0.051436763 -26.704454 1.7412944 33.86437 5.869838 2.1229534 2.0641854 6.3162003 0.025896804 -0.02087952
