0 5 0.12180311 -31.941357 2.59916 55.25583 4.6543193 1.7850713 1.9901621 5.0785117 0.18192619 0.8825136
0 5 0.09827396 -32.145714 2.644589 55.65358 4.7035084 1.8055222 2.0155241 5.122043 0.20517349 1.521881
0 5 0.08896605 -32.374966 2.6462154 55.78489 4.7076197 1.8217542 2.019449 5.138609 0.23910229 1.3672445
0 5 0.07812046 1.8808365 2.4160573 105.78759 4.5999784 1.7180704 1.9336811 4.72093 0.03369686 8.902661
0 5 0.071338 1.9228717 2.2869844 107.18658 4.6196074 1.7077924 1.9613912 4.724588 0.0036052503 8.645894
0 5 0.06105352 10.277553 2.4452176 89.73086 4.532407 1.5891552 1.9301989 1.7176105 0.1066088 -0.7800097
0 5 0.058677413 15.451943 2.0684524 100.719315 4.411621 1.6267066 1.927286 1.7437717 0.11337171 0.80162907
0 5 0.0515755 36.12835 -0.1964035 89.82979 4.496321 1.7567785 1.9718915 2.0225952 0.042649724 -2.9765978
0 5 0.050849296 -31.992046 2.5763125 54.653996 4.6085114 1.8053617 1.9952332 5.0341053 0.1288776 1.9851743
7 2 0.1256789 -20.470816 2.2645168 55.304306 0.6159554 1.7706399 0.5973391 1.933457 -0.124914385 -0.042234395
7 2 0.09935438 -20.494442 2.2678452 55.36729 0.6122976 1.7478902 0.57382005 1.9047507 -0.026270155 0.085727006
7 2 0.083129 -20.445707 2.2076669 55.40215 0.5922971 1.7579057 0.5698801 1.915333 0.05574864 0.14214012
7 2 0.082132734 -20.342863 2.1676004 55.047073 0.5866486 1.7657417 0.5991545 1.951102 -0.05500064 0.009485137
