0 5 0.41947824 6.5065536 1.9654542 33.862183 4.5247135 1.5523999 1.855848 4.7653046 -0.05035787 5.9057302
0 5 0.3528426 44.763206 0.55861604 56.791016 4.7259173 1.7114996 2.0204315 3.0607889 0.0030698813 -0.33481503
0 5 0.22123192 45.103886 0.5653224 57.1 4.6893196 1.6975278 1.9993879 3.0564146 -0.03817802 -0.13170937
0 5 0.1704213 6.818016 2.0480256 35.750355 4.6002774 1.5277591 1.911146 4.785587 -0.11905481 8.117594
0 5 0.15803543 43.748238 0.48085287 55.42794 4.7721853 1.6674482 2.0244617 3.0305588 0.011363996 -0.044949703
0 5 0.14606194 6.8943725 2.0529997 36.581985 4.5373 1.5876433 1.9300311 4.742129 0.01718743 9.719112
0 5 0.13932814 44.107132 0.57849693 55.986187 4.732982 1.6869755 2.0103364 3.0357444 -0.027426194 -0.3318949
0 5 0.12706321 45.789024 0.3146855 58.851227 4.46022 1.5955769 1.9360628 3.182396 -0.06227559 -0.03430576
0 5 0.120793805 44.66098 0.48713353 56.59864 4.713658 1.6827166 2.0182173 3.0416715 -0.031919956 -0.027143188
0 5 0.11147964 6.7027903 2.0258486 35.17531 4.5452037 1.5356969 1.8551661 4.767152 -0.053213067 3.850396
0 5 0.106192164 46.82863 0.33225176 60.83372 4.4235964 1.6069312 1.922355 3.1669927 -0.048271418 -0.03021498
0 5 0.09568938 30.265427 0.90784645 74.88594 4.415109 1.6708517 1.9196523 2.958398 0.003264645 0.058864206
0 5 0.095581815 45.99776 0.30590826 59.223072 4.4482555 1.6146085 1.9378023 3.1856093 -0.049521513 -0.0300485
0 5 0.09061431 43.091316 0.51242095 54.651363 4.7395263 1.6444647 1.9864074 3.0382612 -0.066801235 -0.040239166
0 5 0.08615664 45.594936 0.5562766 57.662987 4.7317753 1.6874182 2.0136116 3.0948057 -0.120247744 -0.032701623
0 5 0.08328788 6.9307036 2.0228665 36.085247 4.5490108 1.5874375 1.9477341 4.7610183 -0.053839833 6.355896
0 5 0.08250793 29.923594 0.80576724 73.549484 4.426066 1.6737278 1.9338447 2.9291904 -0.04080411 -1.94541
0 5 0.082030915 47.332207 0.30976424 61.569183 4.403997 1.6069951 1.9246157 3.1489964 -0.018842045 -0.30436713
0 5 0.08091473 -27.2505 2.4629736 88.47659 4.7504888 1.6977762 1.9880245 4.9054227 0.044484362 1.8593639
0 5 0.07478248 43.42319 0.5398482 55.14115 4.7233768 1.6672395 2.002429 3.1109712 -0.07080749 -0.9816257
0 5 0.07386236 37.928165 0.55141854 64.219154 4.369353 1.6203994 1.9015653 4.8247795 -0.061343722 3.328427
0 6 0.07160481 -40.758865 2.9918094 71.34893 4.540167 1.6058631 1.9412178 2.1337404 -0.010213026 -0.9733144
0 5 0.06905432 38.690308 0.6478401 66.573814 4.822649 1.7417903 2.0172071 4.585427 -0.017905952 4.1704197
0 5 0.06818157 42.81757 0.77829206 53.4433 4.5523276 1.6074654 1.9311793 3.0735312 -0.03576812 0.055773214
0 5 0.066440746 37.650253 0.616895 64.24081 4.39605 1.6172867 1.9118217 4.757026 -0.09644985 2.9619913
0 5 0.063781396 30.4634 0.93983406 75.47295 4.401002 1.6604632 1.9106324 2.8356144 -0.009950117 1.0555636
0 6 0.06125733 -41.5108 2.9452882 70.90089 4.5217004 1.5925654 1.9407854 2.017655 0.006324183 -0.822374
0 5 0.06102521 42.458523 0.8624441 53.663933 4.386225 1.6162683 1.915209 2.561922 -0.03536656 0.31246313
0 5 0.060693916 37.57958 0.6505738 65.96716 4.798282 1.712046 2.0177882 4.5800295 0.0054421574 2.8495708
0 5 0.059231624 31.135632 0.941699 77.68988 4.408798 1.6546389 1.9142175 5.994011 0.027892465 1.8398156
0 5 0.057460316 48.17654 0.29554117 63.027035 4.3697395 1.6166518 1.9221298 3.133201 -0.06098759 -0.043422643
0 5 0.057356354 37.817707 0.5114508 63.682068 4.3672423 1.6331508 1.9018579 4.854729 -0.023912173 2.666039
0 6 0.054588187 -40.39658 2.8811913 70.690506 4.5448465 1.568403 1.9449146 2.1667852 -0.028054398 -1.0193076
0 5 0.05356258 -27.560734 2.5091977 89.52405 4.8298235 1.7316444 2.0036967 4.8892183 -0.00968463 2.8030663
0 5 0.05336324 30.219866 0.82369065 74.40453 4.416622 1.6765635 1.9258162 2.8988037 -0.056678973 -0.45159084
0 5 0.053275414 42.304306 0.55941236 52.70249 4.740468 1.651451 2.0060546 3.0189605 -0.026262503 -0.8896247
0 5 0.05290348 -27.572807 2.478126 89.85455 4.705548 1.6724404 1.9897784 4.799488 0.0744553 2.355748
0 6 0.052059863 -40.86007 2.852913 69.683815 4.5226583 1.5611755 1.9409357 2.1282854 -0.02333599 -0.7752878
0 5 0.05002977 -26.58817 2.4112523 86.11805 4.7233295 1.6788768 1.9745853 4.9823217 -0.0050938604 -0.49804443
3 5 0.09051849 36.425972 0.2704121 66.29435 11.154418 3.5535872 2.746334 1.4599432 0.015766634 0.39515767
3 5 0.083222464 19.587946 -0.04785204 60.842567 10.878492 3.7316403 2.7012682 4.8341427 0.04541278 -0.1674783
3 5 0.07113251 18.636873 -0.15087128 57.26794 10.88768 4.0479317 2.6998098 4.8020577 0.0533856 0.099746935
3 5 0.059815664 36.168888 -0.15916395 68.10455 12.786634 3.9642406 2.9415352 1.4840959 0.015423389 -0.19931221
3 5 0.05462372 18.154173 -0.23701572 55.43653 10.814239 4.0899987 2.654546 4.793684 0.052929558 0.20847428
6 2 0.080322005 14.242907 1.2830801 50.427578 0.6536316 1.687634 0.5366568 4.717669 -0.025958395 1.4299839
7 2 0.16833957 -5.901199 1.7268254 57.133633 0.6824019 1.7799615 0.6338142 1.5227978 -0.08265182 -0.06926228
7 2 0.16071698 -5.9597282 1.740972 57.687077 0.72870356 1.7987113 0.64731675 1.5281175 -0.057562165 -0.12818195
7 2 0.13544615 14.242907 1.2830801 50.427578 0.6536316 1.687634 0.5366568 4.717669 -0.025958395 1.4299839
7 2 0.13090953 -5.844402 1.7476828 57.04829 0.6996002 1.7817917 0.6262154 1.5025287 -0.08530467 0.7848261
7 2 0.12885731 -5.916928 1.7561743 57.361458 0.720662 1.7796438 0.64328 1.5240539 -0.0637325 0.15746185
7 2 0.08443341 14.327431 1.2907635 50.437424 0.664347 1.7189754 0.5528746 4.7334857 -0.026388582 1.8328532
7 2 0.08053548 14.225715 1.3172905 50.500248 0.6256969 1.7226454 0.52474326 4.714427 -0.05799611 0.48112798
7 2 0.07724065 -5.8139634 1.7068049 55.95347 0.71947324 1.7900767 0.65946454 1.533357 -0.07378056 -0.10446271
7 2 0.07237025 -6.0669765 1.7239482 57.97099 0.7432782 1.7821807 0.6692825 1.5625697 -0.01122025 -0.21428785
7 2 0.072352946 -10.964328 1.7675977 79.500435 0.65861017 1.7648294 0.6160785 4.6637173 0.0028561242 0.37579215
7 2 0.06990019 -5.788339 1.6597208 56.1103 0.6867958 1.8213581 0.64378524 1.5169042 -0.1279235 -0.122018375
7 2 0.0661902 -10.46997 1.7518404 77.25946 0.6772672 1.7555281 0.6520048 4.685802 0.037982933 0.43386054
7 2 0.05865725 14.3471985 1.2582806 50.657616 0.66311795 1.6651415 0.547372 4.6939826 -0.045392424 1.9636151
7 2 0.055319812 -6.128358 1.8724174 59.0728 0.72630787 1.7789656 0.64166015 1.555209 -0.10838882 -0.73247904
7 2 0.052006975 -10.945213 1.7166128 79.36813 0.6745619 1.7611753 0.6117483 4.7286716 0.035385586 0.25000447
7 2 0.051237892 -5.7177973 1.6527506 55.848152 0.6670604 1.8150086 0.64192486 1.519145 -0.083712235 0.21094573
7 2 0.05074905 -10.467967 1.763937 76.80143 0.7187188 1.7682363 0.6547369 4.735121 0.04231049 0.2568274
7 2 0.05022219 -5.7209773 1.7413988 57.289272 0.73607075 1.8050357 0.63671976 1.5072435 -0.125988 -0.46959266
7 2 0.050129406 14.264719 1.3205802 50.61488 0.6220342 1.7503743 0.5424512 4.7001567 -0.04904937 1.7655808
