0 5 0.62626433 5.7827 2.1141126 21.35266 4.6669106 1.5026487 1.8925186 4.8210464 -0.008625622 7.394627
0 5 0.19947544 42.580513 1.1466858 49.807777 4.8323402 1.6378677 2.026549 3.019336 -0.03977748 -1.8117821
0 5 0.18420655 -22.261452 2.843377 77.934395 4.6218977 1.5673325 1.9452991 6.2455797 0.06592166 -0.056312036
0 5 0.18355192 5.6847405 1.8906167 71.88639 4.8099737 1.6329967 1.987687 2.3959835 -0.041313715 -6.6510262
0 5 0.16517282 5.932311 2.2066193 21.98612 4.6415634 1.5014886 1.880407 4.8080144 0.011953859 6.7668443
0 5 0.15657037 -22.04765 2.8143208 77.16694 4.620008 1.5704889 1.9378395 6.1960144 0.09280149 1.4389095
0 5 0.14229527 5.645568 1.8861159 72.108574 4.8474383 1.6298099 1.9856068 2.3961985 0.0025095735 -6.2340517
0 5 0.14051883 44.807247 1.2359993 52.218853 4.8341703 1.6387548 2.0129895 3.0865018 -0.047632888 -3.0909612
0 5 0.13353117 6.3302155 2.278009 23.229525 4.5714803 1.531402 1.903323 4.796133 -0.015440442 7.250519
0 5 0.12358432 21.473944 1.4526345 63.64837 4.530611 1.5095878 1.9215788 1.9204488 -0.062048003 2.1634874
0 5 0.11412983 34.99042 1.8976483 63.315697 4.5063963 1.5878567 1.9487933 6.3197236 0.05976586 3.2234976
0 5 0.11167541 44.42913 1.1471701 51.885544 4.841475 1.6301897 2.0117822 3.1569366 -0.040558286 -3.8830295
0 5 0.0989926 -36.119335 3.3232055 84.338974 4.319697 1.5751622 1.9048113 3.127269 0.01367382 -0.0050119013
0 5 0.09576736 6.51591 1.8924811 79.71985 4.747672 1.6281651 1.9687238 2.6289585 -0.03753519 -5.606707
0 5 0.09330727 6.102361 2.2951033 22.766653 4.445871 1.5429522 1.8782327 4.7280226 -0.086410485 6.7446637
0 5 0.09327751 -22.302198 2.8308244 78.198845 4.605682 1.5625403 1.940037 6.181977 0.034791254 -0.24124038
0 5 0.09043433 35.20741 1.8666868 62.718807 4.486781 1.5705794 1.9499259 6.2363324 -0.072407216 3.1015892
0 5 0.08975814 -42.89216 3.5772722 60.76718 4.591915 1.5256912 1.9339653 1.2866764 0.016604828 0.80201966
0 5 0.08927219 -42.320564 3.5505023 60.42629 4.535678 1.5157064 1.92333 4.4751 0.021793542 1.7611736
0 5 0.08562261 -36.70718 3.3537831 84.4419 4.3201222 1.5698763 1.9019202 3.1088648 0.0049135704 0.007813849
0 5 0.07978955 -35.347588 3.2770672 83.79504 4.3428717 1.601539 1.912201 3.1501403 0.020701742 -0.0101917405
0 5 0.078544945 21.333353 1.4747303 63.01327 4.428384 1.5012573 1.9038756 2.0033646 -0.011470249 2.3066168
0 5 0.07281364 21.352728 1.4407957 63.27344 4.5220804 1.5343225 1.9244785 1.8312283 -0.10241879 4.502028
0 5 0.07245251 6.0339813 1.9610269 78.38001 4.7758746 1.5894384 1.9730246 2.769879 -0.01694687 -7.207926
0 6 0.072154514 -50.271652 3.4479034 60.005642 4.4068975 1.6357182 1.9270153 4.421752 0.02837287 0.7800281
0 5 0.0721433 36.238506 1.8425856 65.14818 4.4853096 1.6123215 1.9358155 6.1068025 0.009844042 1.9921812
0 5 0.07088881 -43.949608 3.6371355 61.843212 4.6016703 1.522812 1.9287512 1.2410629 0.009598583 0.77023494
0 5 0.07082907 -22.684216 2.8127623 79.093575 4.5845046 1.552238 1.9217125 6.1958656 0.06717494 0.24023345
0 6 0.07046545 -49.08109 3.4292367 58.954723 4.408467 1.6261497 1.9401729 4.4548893 0.06958024 0.9235743
0 5 0.06951395 41.504177 1.2847447 48.59525 4.7658925 1.6584225 2.0084052 3.0037112 0.00799324 -0.40767846
0 5 0.06936792 46.91331 1.5233772 65.63704 4.580114 1.5685589 1.9733527 5.0184608 0.013029104 2.1101663
0 5 0.0684845 35.240932 1.8897047 63.70284 4.518406 1.5905362 1.9380828 6.254955 0.10306889 2.568448
0 5 0.067687236 36.32223 1.8908997 65.79159 4.444628 1.6265386 1.9210076 6.097489 0.027465658 1.2720984
0 6 0.065668635 44.8415 1.4452128 64.81162 4.3918686 1.5431908 1.9161242 5.250781 -0.03830839 2.721302
0 5 0.064463764 45.937016 1.2920659 66.23267 4.593529 1.6088576 1.9712306 4.7525377 -0.041027702 2.7213335
0 5 0.064376555 41.27295 1.0157421 48.401432 4.7900896 1.6352317 1.9884355 2.9803195 -0.044290666 -2.4387033
0 5 0.06436628 43.891964 1.3844372 51.08398 4.737881 1.6497965 1.9920272 3.1044662 0.011004396 -1.4830742
0 5 0.06367649 20.509571 1.4380352 61.078896 4.637976 1.4997592 1.9437718 1.8280703 -0.095243126 1.8689169
0 5 0.06360126 21.093483 1.3772194 62.418785 4.466716 1.4611958 1.9134314 1.8579773 -0.075892545 1.8834485
0 5 0.063417874 36.415833 1.8397272 65.42331 4.4685416 1.6081823 1.9231272 6.071338 0.04851549 1.993157
0 5 0.063229464 -35.816036 3.3379455 83.7184 4.319482 1.5949477 1.912112 3.1380553 -0.01990855 -0.010920023
0 6 0.0617391 -48.251354 3.4147677 58.479595 4.4335213 1.6243299 1.9441999 4.491381 0.05008938 0.78708386
0 5 0.061586123 -45.790546 3.0693235 64.68775 7.089502 2.092597 2.3324406 4.3738575 0.035566032 2.6915057
0 5 0.060752723 45.825783 1.3921227 64.645935 4.382065 1.5554632 1.9174384 5.574195 -0.061823405 3.0426624
0 6 0.060619485 -36.65073 3.3288677 83.07585 4.329115 1.5748845 1.9009056 3.0634258 -0.007209724 0.021937799
0 5 0.060525186 6.06709 2.2082057 23.284885 4.5810766 1.4941847 1.8792888 4.7836294 -0.049025945 6.163042
0 5 0.060337972 5.7883143 1.8101063 73.21734 5.398651 1.6809388 2.0810976 2.3803558 -0.029548746 -4.1290426
0 5 0.06003792 46.153675 1.4895189 65.25753 4.5952516 1.5577216 1.9745358 5.5543027 0.055388376 1.416431
0 5 0.059854697 44.600006 0.9260495 65.818665 4.6162524 1.6090631 1.9600134 4.701612 -0.033823915 3.0806887
0 5 0.059837896 -42.895943 3.579357 61.248463 4.566829 1.5280943 1.9359002 4.4044843 0.022261264 1.7509549
0 5 0.059836656 -43.549236 3.607201 61.730663 4.6248097 1.5301421 1.9489412 1.2813114 0.014913468 1.8222873
0 5 0.05966685 43.97612 1.1170597 65.113205 4.5883284 1.6129066 1.9503381 4.6636186 -0.06927569 2.713614
0 5 0.059019506 35.89755 1.8947256 63.91071 4.459331 1.5640887 1.9379852 6.2007647 -0.0048837457 2.9946043
0 5 0.058461253 35.695457 1.8985009 63.76359 4.500023 1.5830873 1.9369459 6.318279 0.020132506 3.3965373
0 5 0.058193225 46.12103 1.4099078 64.578865 4.390816 1.5636284 1.9197491 5.6445184 -0.030397244 2.9719303
0 5 0.05763434 -43.13869 3.5583951 62.051365 4.4548297 1.507112 1.8976296 4.4638524 -0.0291453 1.2923198
0 5 0.055492666 6.725078 2.0258417 78.89533 4.93081 1.6500419 2.0248423 2.7807846 0.024692742 -5.1630707
0 6 0.055256795 44.431725 1.4946816 65.14265 4.40941 1.5422547 1.9152784 4.8976235 -0.060912713 2.31876
0 5 0.054982465 48.181126 0.9138339 56.350945 4.6602097 1.6846019 1.9706249 2.8754187 -0.047736384 0.48605454
0 5 0.05479199 -46.28716 3.7043095 63.516846 4.5852485 1.5286227 1.9247578 1.2014002 0.043959573 -0.5081733
0 5 0.05427737 -50.22612 3.841831 67.051155 4.5666475 1.5487634 1.9326996 1.1731727 0.043286033 -0.20454687
0 5 0.053544037 -41.759815 3.2128263 59.637577 5.058662 1.5698726 1.9693393 4.433098 0.03197077 2.9646168
0 5 0.05294994 -48.54087 3.7580895 65.35157 4.5769696 1.5381324 1.9284656 1.1641762 0.07362438 -0.88622916
0 5 0.05276286 6.4927974 1.923991 79.04038 4.7593894 1.6298248 1.9873332 2.614694 -0.06263563 -4.45832
0 5 0.052477073 -43.046177 3.4850745 59.86517 5.0615454 1.5720356 1.9870385 4.409816 0.011906598 2.4373677
0 5 0.052329827 42.807495 0.9186029 50.3684 4.8810678 1.5948559 2.0096006 3.469124 -0.073037 -2.3750756
0 5 0.05230211 40.60826 1.6259849 62.76401 8.272281 2.2890832 2.3960185 2.4657862 0.00689579 1.1128353
0 5 0.051733926 46.84584 0.91398466 54.20068 4.611259 1.6593176 1.957853 2.9037638 -0.06999201 0.38188297
0 2 0.051293153 17.52301 1.5541098 50.661446 1.9934871 1.5616019 1.0148351 5.0083866 -0.039282497 4.6796
0 5 0.051236384 -26.446075 3.1776495 92.5144 4.6022825 1.5698613 1.9734318 6.148044 0.07986872 0.8379288
3 5 0.14659974 -53.09922 2.6460297 76.5377 12.339234 4.4080935 2.9812803 4.3376193 0.0038127098 3.3210871
3 5 0.13834752 -55.627373 2.7648365 80.46967 13.345316 4.560601 3.118311 4.344231 0.05205691 2.0484064
3 5 0.12416953 -45.790546 3.0693235 64.68775 7.089502 2.092597 2.3324406 4.3738575 0.035566032 2.6915057
3 5 0.10657271 -53.85993 2.708566 77.16006 12.445148 4.506576 2.8479416 4.3138533 0.07894004 2.2464225
3 5 0.103678696 -49.492817 3.0188465 71.33754 10.703049 3.1921191 2.8484492 4.354371 0.008198325 3.2981658
3 5 0.07702028 40.60826 1.6259849 62.76401 8.272281 2.2890832 2.3960185 2.4657862 0.00689579 1.1128353
3 5 0.07075482 -49.91725 2.4980578 73.17336 12.300959 4.46615 2.9265962 4.3558025 0.037558474 1.6545085
3 5 0.055642862 -43.833492 2.8769407 64.16559 9.132931 2.8535192 2.6185453 4.354948 0.04573805 2.7077138
3 5 0.055090066 -41.759815 3.2128263 59.637577 5.058662 1.5698726 1.9693393 4.433098 0.03197077 2.9646168
3 5 0.054917604 43.368404 1.4201121 66.98404 8.789977 2.53291 2.4803426 2.3168702 0.011294577 0.6120454
3 5 0.05271126 36.8912 1.5310843 61.37593 7.783178 2.0923805 2.3347082 5.7406435 0.021107642 1.2067873
3 5 0.052113913 -43.046177 3.4850745 59.86517 5.0615454 1.5720356 1.9870385 4.409816 0.011906598 2.4373677
7 2 0.30321047 -6.6181583 2.0495572 45.089 0.85092974 1.8190213 0.7484838 6.8189034 0.09007278 0.33606374
7 2 0.28770804 -6.6352453 2.0620713 45.341827 0.8469985 1.8292241 0.7432653 3.8269424 0.13219248 0.21269357
7 2 0.2025227 -6.641725 2.0603285 45.278934 0.7976479 1.8261262 0.7399437 3.8726249 0.122859396 0.33206987
7 2 0.19843158 -6.581016 2.0399895 44.59891 0.8310911 1.8100126 0.75118566 6.7775006 0.14301977 0.41408676
7 2 0.13557532 13.985391 1.6907854 39.422394 0.6240511 1.6341318 0.5578094 4.991006 -0.046314813 4.7029433
7 2 0.11914915 14.583857 1.7751651 40.571644 0.60506874 1.687445 0.57059777 4.991865 -0.07009802 4.317682
7 2 0.1026781 14.356505 1.8111337 40.001244 0.61776084 1.6626213 0.5680308 5.0256157 -0.064147905 4.105106
7 2 0.093961105 -6.3684635 1.9687628 43.62831 0.8428234 1.8155787 0.75042 3.8894608 0.109640576 0.36314943
7 2 0.082998246 -6.690001 2.0531592 45.58891 0.88637745 1.7895608 0.750458 3.8286037 0.08395385 0.18389145
7 2 0.08059027 -6.4096856 1.9758 44.052464 0.88191175 1.8021382 0.7812412 3.840248 0.11902062 0.307977
7 2 0.079700164 -6.622361 2.0633197 45.675774 0.886371 1.8147289 0.71547014 6.659392 0.052423775 0.094438344
7 2 0.079514265 17.52301 1.5541098 50.661446 1.9934871 1.5616019 1.0148351 5.0083866 -0.039282497 4.6796
7 2 0.077390745 14.241441 1.7496064 39.909325 0.6417271 1.6495099 0.58990574 4.9598236 -0.0634307 3.4982662
7 2 0.07426733 14.652739 1.7695631 40.703983 0.59059286 1.6851346 0.56332606 1.8779521 -0.07872916 4.195448
7 2 0.07416498 -6.8155174 2.0742247 46.229424 0.81344724 1.7927848 0.7250875 3.9598455 0.11901841 0.39315924
7 2 0.06940044 17.561096 1.5283134 50.21856 1.7307668 1.5337456 0.9304739 5.068207 -0.07486885 2.7399616
7 2 0.06769407 -6.5457587 2.0354125 45.033047 0.85838383 1.8226367 0.7144694 6.7887683 0.1437521 0.39140376
7 2 0.063559435 14.629581 1.6866149 40.538696 0.6063701 1.6093391 0.5510185 5.056939 -0.085735776 2.8662927
7 5 0.05886693 21.333353 1.4747303 63.01327 4.428384 1.5012573 1.9038756 2.0033646 -0.011470249 2.3066168
7 2 0.05598537 -6.791497 2.148172 46.09125 0.7789112 1.7858485 0.7237697 3.9946868 0.14536642 0.26159108
7 2 0.05597789 13.7117195 1.9585252 38.172928 0.5499553 1.6997259 0.547946 4.8630757 -0.08134851 2.4811172
