0 5 0.15914553 14.701677 1.5891845 88.41144 4.461116 1.5776607 1.9143544 4.850778 0.024649756 7.117838
0 5 0.12735224 14.947149 1.6147473 90.22882 4.418676 1.5593227 1.9061561 4.8345194 -0.0723871 6.860892
0 5 0.100085974 14.561601 1.5780182 87.60043 4.505888 1.5656188 1.9062246 4.8178673 0.027467547 7.0394115
0 5 0.07674123 14.850268 1.6211298 89.373314 4.4092016 1.5550674 1.8882275 4.7994356 -0.017837726 6.260739
0 6 0.06563435 22.005838 0.44611332 25.304829 4.5555468 1.6551296 1.920796 5.3279448 0.03330061 0.32570377
0 6 0.061108563 22.373749 0.4801143 25.313179 4.4892645 1.6766993 1.9121038 5.31824 0.029624572 0.84565455
0 5 0.059892748 15.082147 1.6349564 91.032074 4.461279 1.5712597 1.9360108 4.8655143 -0.06854668 6.5738144
0 5 0.05454751 26.85183 0.14594942 63.5856 4.3463182 1.6394044 1.9156482 5.14474 0.10632111 2.8049362
0 6 0.05209289 22.293568 0.4219985 25.56903 4.565688 1.637106 1.9146428 5.3593173 0.014908498 -0.003783863
7 2 0.08520913 -20.42234 2.4201639 51.540295 0.8822133 1.6199797 0.586872 2.0962672 -0.04925283 -0.033993747
7 2 0.076424114 -21.976984 2.4314456 26.884838 0.5327223 1.658423 0.53041226 2.8193424 -0.039767258 0.0018808171
7 2 0.075237244 -21.43445 2.4706862 26.26918 0.49876034 1.6205257 0.49546176 3.0144763 -0.13861072 -0.10747457
7 2 0.06830008 -20.920267 2.4320922 52.23799 0.8155598 1.6698958 0.59785604 2.0291295 -0.08623958 -0.08350812
7 2 0.06445711 -21.770756 2.4092348 26.480457 0.53253776 1.6641911 0.52886635 2.8202858 -0.068256885 -0.017145025
7 2 0.062023465 -20.166813 2.420113 51.21725 0.8851235 1.5965309 0.59045774 2.1337 -0.021171788 -0.025884977
7 2 0.05520373 -19.967804 2.4877498 23.650364 0.6080147 1.685618 0.5736447 2.690881 0.0057537295 0.0817201
7 2 0.054547265 -20.83763 2.5262895 52.60888 0.83848524 1.6420318 0.5815106 2.1445043 -0.07122449 -0.08434426
7 2 0.051158436 -20.301708 2.3520555 51.23899 0.7950735 1.6116092 0.6039802 2.0598497 -0.119835824 -0.040462036
7 2 0.05111415 -21.26488 2.5299926 53.15038 0.7698895 1.6879302 0.5911708 2.117935 -0.0880276 -0.087712824
