0 7 0.16615845 16.058025 1.1985352 109.4152 4.3832207 1.6574441 1.9161487 4.866657 0.04134448 9.531822
0 7 0.08806356 16.447231 1.1358571 111.97548 4.3963594 1.6210148 1.9290107 4.8489485 -0.0030263169 10.314489
0 7 0.076499276 16.61205 1.1332393 112.74946 4.4094405 1.6223898 1.9289962 4.8482723 0.004619077 9.076051
0 7 0.070313945 15.606391 1.1074026 106.72512 4.3409863 1.6718973 1.9118922 4.872092 0.06552322 8.937985
0 5 0.06753618 -25.684122 2.3738465 57.853462 4.6982064 1.7451761 1.9820008 6.2623854 0.13431521 -0.32838112
0 7 0.0654403 15.496437 1.0147692 105.98187 4.4137955 1.6632965 1.9332238 4.839851 0.07078706 8.424131
0 5 0.06443745 -25.96625 2.3747766 58.384003 4.7672276 1.7488898 1.9982567 6.2797728 0.13410816 -0.4499847
0 5 0.06429703 -25.789059 2.4032917 58.591606 4.7651286 1.7672815 1.9984628 6.325039 0.09743707 -0.5711005
0 5 0.063508764 -25.33983 2.3930433 57.569523 4.682501 1.7435309 1.9780623 6.3351355 0.070085056 -0.5938056
7 2 0.050261166 -15.971423 1.5896949 57.167507 0.62504417 1.7512989 0.55745894 2.3259416 -0.0328719 0.13200021
