0 5 0.42617217 -15.009329 2.2821133 42.655968 4.7035594 1.5101147 1.9346135 1.6459216 -0.024836477 -12.286748
0 5 0.3603911 9.371701 2.119765 62.85563 4.456658 1.554499 1.925504 4.8506927 0.01247623 7.7019134
0 5 0.27418363 -15.124472 2.348724 43.336594 4.7252865 1.5323404 1.9261299 1.6560848 -0.05120141 -11.160952
0 5 0.13900353 -15.383868 2.3527358 43.806965 4.749532 1.5382957 1.9185199 1.6493442 -0.05958876 -12.428308
0 5 0.13503152 -14.790904 2.312034 42.21625 4.661785 1.5527519 1.8755214 1.6349287 -0.047304247 -11.208736
0 5 0.09283174 9.179871 2.0712194 62.34359 4.4765143 1.5380878 1.9150136 4.848375 -0.012598638 8.906997
0 5 0.07677344 23.336155 1.0264491 52.17935 4.718697 1.5878342 1.9523088 1.4885392 -0.05908844 1.7195364
0 5 0.07556336 -15.6294985 2.448708 44.793186 4.4754705 1.5722799 1.8077427 1.8053914 -0.11062971 -8.241778
0 5 0.072110094 -15.271053 2.4118118 43.819695 4.485479 1.5431623 1.8134592 1.8358011 -0.075805604 -8.148285
0 5 0.07038026 -16.052244 2.4305506 45.638294 4.524142 1.5299367 1.8912792 1.6792314 -0.041851453 -4.7827306
0 5 0.06318669 23.315542 1.0521215 52.56183 4.6550817 1.536881 1.9283113 2.0587273 -0.02248917 0.9456227
0 5 0.062203117 23.470985 1.099817 53.006493 4.698365 1.5607269 1.9434092 1.8221844 -0.04399812 1.0788616
0 5 0.051742896 -11.494929 1.8231647 114.20593 4.802664 1.6723055 1.9709971 4.593299 0.05000095 6.4180875
7 2 0.07068746 -19.891573 2.062716 51.482315 0.63954717 1.7738782 0.5769642 4.853187 0.07809932 0.37733436
7 2 0.05439786 -19.84776 2.1161642 51.27305 0.63323265 1.7898954 0.5643268 4.8877735 0.12576103 0.41610804
