0 7 0.3664292 8.167093 1.928803 56.105675 4.338521 1.5185698 1.8925622 4.8185177 0.0014613234 7.492792
0 5 0.2902007 -17.170973 2.3307617 32.687565 4.712402 1.6040453 1.9056574 1.6620536 -0.096051045 -5.981783
0 5 0.24957602 -16.829506 2.3014266 32.083294 4.736301 1.6073452 1.9042267 1.6759582 -0.04750894 -6.4073257
0 7 0.18659672 8.08073 1.9349942 55.527485 4.372804 1.5137527 1.8968412 4.798584 -0.00075636804 6.764804
0 5 0.17649353 36.764027 0.5630605 54.261086 4.4633093 1.6291745 1.9127276 3.2409203 0.0039145295 0.011541102
0 5 0.14716211 -17.009623 2.3261495 32.39051 4.6957545 1.5978575 1.888382 1.6823616 -0.06291883 -5.808256
0 5 0.14701079 24.855005 1.1234322 55.87106 4.5846786 1.5512847 1.922975 3.4319162 -0.038225904 0.008809794
0 5 0.14559619 24.443836 1.0337336 55.31103 4.5515013 1.5603406 1.9157752 3.3773584 -0.021465225 0.019690651
0 5 0.1253097 36.460102 0.54914415 53.63253 4.4457736 1.6198156 1.9009254 3.2303138 -0.017533202 0.012590855
0 5 0.1049532 24.995836 1.1035969 56.43729 4.5700707 1.5701114 1.9193227 3.3997695 -0.0094473 0.014988415
0 5 0.10112025 35.967793 0.51471806 53.0716 4.4741354 1.6300147 1.9090098 3.167768 0.07055495 0.008390471
0 5 0.09874766 25.0751 1.1540912 56.706158 4.6173944 1.5834566 1.9361305 3.4065516 -0.025806881 -0.021163944
0 5 0.0944583 36.930046 0.60031056 54.72117 4.4415407 1.6468527 1.9149361 3.1840115 -0.041574106 0.021983147
0 5 0.087998375 24.853989 0.99432313 54.757584 4.573838 1.5897689 1.9267871 3.3873346 -0.017537864 -0.0011862777
0 5 0.08410682 -13.668408 1.460214 111.49203 4.683205 1.6804699 1.9743925 4.672361 0.050060637 10.348211
0 5 0.08277209 -17.518534 2.3558068 33.657246 4.623214 1.6271646 1.8828982 1.66573 -0.09576074 -5.338988
0 5 0.08201466 -17.39192 2.3678885 32.774757 4.5866494 1.6460379 1.9291966 1.6455847 -0.057479 -7.6507773
0 7 0.08057811 7.930425 1.8549173 54.8862 4.3860955 1.4874583 1.8706849 4.819336 -0.024058642 8.982146
0 6 0.07614211 32.085274 0.7866053 47.524826 4.2677407 1.646689 1.8668982 3.1636782 -0.027736463 -0.040236086
0 6 0.075867884 32.79235 0.9343879 47.154594 4.201965 1.6475054 1.8522948 3.2103393 -0.052961014 0.044170335
0 5 0.072924964 24.143318 0.9712176 53.496674 4.550639 1.5897231 1.9214768 3.3606584 -0.008268682 0.0020164866
0 6 0.07288123 34.147156 0.46709594 45.229927 4.4007583 1.636587 1.870849 6.3977876 -0.007076542 -0.0151497265
0 5 0.072490074 36.202717 0.44272497 53.393436 4.4537306 1.634773 1.9039394 3.1730866 0.009798853 -0.0035472922
0 5 0.07121366 26.73631 0.45099413 85.575584 4.9268513 2.0945013 2.015003 4.855943 0.02138594 5.380697
0 5 0.07121186 35.732067 0.58018017 52.93501 4.42826 1.6306514 1.8956652 3.1180964 -0.014989477 0.03130542
0 6 0.070970826 34.68642 0.4028636 44.76206 4.403563 1.6365311 1.8630837 6.391813 0.022981262 -0.010081612
0 5 0.070193 34.738693 0.5435175 50.077522 4.4221087 1.6507446 1.895529 3.2332563 0.02449247 -0.010694008
0 6 0.06853762 32.99344 0.85325176 45.65171 4.306118 1.6486794 1.8729596 3.2417526 -0.03867848 0.043332927
0 5 0.06844726 -13.491097 1.4418325 108.693794 4.585554 1.7167636 1.9573963 4.65198 0.029402206 8.781865
0 6 0.06733672 33.79545 0.50217044 46.765244 4.39469 1.6464792 1.8805082 6.3939734 0.02498277 -0.01758004
0 5 0.067093424 26.54715 0.41812062 84.89739 4.7586346 1.9588649 1.9891474 4.9748936 0.00070462935 5.7079315
0 6 0.06697508 39.722347 0.423426 60.189445 4.2278037 1.5102283 1.8387717 3.2181456 -0.016397128 -0.0038476903
0 6 0.061979145 34.999382 0.39008945 43.74264 4.3865867 1.6174642 1.8465761 6.3827467 0.029578807 -0.012788402
0 6 0.061023917 34.00448 0.4582524 39.558117 4.335856 1.6261861 1.8372079 6.422182 0.008572405 -0.013573376
0 6 0.058114406 37.722717 0.38695413 56.64227 4.200565 1.5297889 1.827481 3.2265224 -0.038914092 -0.018228313
0 5 0.05722949 26.11924 0.83364177 55.478443 4.548356 1.6492277 1.9344337 3.324563 -0.03365957 -0.037637256
0 5 0.05635777 38.772198 0.5048723 58.89303 4.39854 1.6322837 1.9033355 3.1404555 -0.06088444 0.029678848
0 6 0.05577237 41.26045 0.4889894 63.100616 4.2313933 1.5047551 1.8462323 3.181997 -0.022857245 -0.002716815
0 6 0.055537563 33.214848 0.45803335 37.584885 4.3152404 1.6178789 1.862219 6.5185294 0.014823044 -0.018186191
0 5 0.055297498 -13.265214 1.4279058 108.39205 4.578061 1.7266685 1.9376243 4.585216 -0.006382391 9.167546
0 6 0.055188175 34.52853 0.43375888 41.42356 4.3859057 1.6149766 1.8370388 6.377101 0.01252896 -0.017035197
0 5 0.054850135 25.694761 0.5240435 82.41783 4.5679636 1.8941705 1.9129968 5.094999 -0.054985754 3.6987321
0 5 0.054749727 25.87928 1.1520623 59.446278 4.5653963 1.579693 1.9232148 3.3715334 -0.053843684 0.009884816
0 5 0.053920448 26.987967 0.45099628 85.66502 4.742275 1.9823481 1.954886 5.033009 0.01574695 5.535581
0 6 0.05236603 34.347355 0.47470674 45.511814 4.382393 1.6361858 1.8758768 6.38309 -0.004866522 -0.011458811
0 6 0.05192152 34.93831 0.41543403 45.075275 4.3984103 1.6361293 1.8701143 6.380458 -0.007561094 -0.02148564
0 5 0.051574297 -16.703392 2.260475 31.85407 4.6799874 1.5670276 1.8837309 1.7018642 -0.10571296 -5.5293403
0 5 0.05146006 25.78096 0.5228027 82.7251 4.707847 2.009276 1.9661993 4.805766 -0.06366269 4.6176147
0 5 0.051186457 27.169619 0.47317088 86.49168 4.852609 2.0794687 1.9829203 5.004961 0.002926074 4.762851
0 6 0.05103314 34.077656 0.50213504 47.10093 4.3906364 1.6444827 1.8879234 6.3962846 0.023561655 0.0051064454
0 5 0.050021946 37.340225 0.5909651 55.21248 4.4736614 1.633398 1.915257 3.2356536 -0.04047062 0.0003865976
5 0 0.101946995 -3.872856 1.4919897 75.047264 1.8990576 1.6921743 0.6618574 4.7821736 0.09543665 1.5189022
5 0 0.060097065 -4.0194244 1.5392374 75.94874 1.8377013 1.7031556 0.64617527 4.81199 0.030575568 3.117722
6 0 0.17146401 -3.872856 1.4919897 75.047264 1.8990576 1.6921743 0.6618574 4.7821736 0.09543665 1.5189022
6 0 0.11444749 -4.0194244 1.5392374 75.94874 1.8377013 1.7031556 0.64617527 4.81199 0.030575568 3.117722
6 0 0.08526676 -3.944633 1.5358121 76.25381 1.89548 1.6747779 0.6471293 4.8021955 0.12195756 2.5210385
6 0 0.07962398 -3.9657538 1.44508 76.72376 1.9226927 1.6553905 0.6648842 4.790282 0.10090909 0.7419442
6 0 0.06534499 -3.9746428 1.4797397 74.95799 1.8876476 1.7318772 0.63808936 4.787291 0.0019576903 2.953028
6 0 0.05505701 -3.9702802 1.5157337 77.41811 1.9377047 1.6628271 0.6657437 4.784758 0.13243432 1.370958
7 2 0.054190096 -21.68263 1.9984264 44.56581 0.5887077 1.7896863 0.5814586 1.7200966 -0.027090106 -1.4358485
8 8 0.050812207 18.124748 1.3876153 25.001133 0.38088226 0.79659367 0.34713665 6.0885725 -0.036879383 0.046265557
