0 5 0.31849605 41.706593 0.694666 52.27567 4.7961354 1.659961 1.9919245 2.9201775 -0.04470672 0.18105885
0 5 0.26886526 41.9536 0.68302804 52.495888 4.7848325 1.6731669 1.9930276 2.890591 -0.05017577 0.9743952
0 5 0.26072833 6.5284777 1.9919953 32.65036 4.651619 1.5435443 1.9359541 4.779236 -0.09901105 7.1573477
0 5 0.26027265 5.915704 1.9047303 29.969795 4.6455154 1.510942 1.8681422 4.742381 -0.09701145 6.681996
0 5 0.22060126 6.493098 1.9904987 33.05609 4.664369 1.5621531 1.9468156 4.7360663 -0.01733578 10.311387
0 5 0.21791092 6.017984 1.9322562 30.533667 4.625854 1.504346 1.8660628 4.722597 -0.019640608 5.68708
0 5 0.20195857 6.167057 1.9215229 31.521069 4.6055417 1.5094002 1.8512737 4.721694 -0.062292174 6.6979127
0 5 0.19476973 42.154907 0.6360596 52.84462 4.789382 1.6576098 2.004774 2.9558253 -0.11296166 2.3461566
0 5 0.17299782 29.093246 1.093614 71.95151 4.468603 1.7032398 1.9337558 2.9957118 -0.031934444 -0.5322337
0 5 0.14054017 29.164627 1.0913637 72.2334 4.471094 1.692653 1.9371622 2.9909468 -0.026090566 0.5479031
0 5 0.13803795 6.6293397 2.0407126 33.37084 4.7089005 1.4911268 1.936232 4.7468762 0.0058036745 6.376025
0 5 0.1058993 42.385067 0.6735294 52.972584 4.8228498 1.6393232 1.994576 2.7437952 -0.081729576 3.5328364
0 5 0.10157624 41.52503 0.6819537 51.632393 4.824329 1.6510154 2.0047908 2.914022 -0.04264859 0.034044065
0 5 0.099998586 28.972364 1.0329857 71.6793 4.4631715 1.7099223 1.9386438 3.0579624 -0.02901181 0.84576625
0 5 0.093152665 44.94051 0.48641208 56.331337 4.627437 1.6403177 1.951197 2.9876962 -0.06990521 0.0009795427
0 5 0.091803506 -24.81718 2.23535 78.01374 4.759194 1.6999635 1.9908664 4.8806343 -0.018497277 -1.6307126
0 5 0.08664499 29.429441 1.0744722 73.06277 4.4493065 1.6591403 1.9252609 2.9331198 -0.11698242 0.16050261
0 5 0.08438862 39.544125 0.75727 65.88505 4.3678823 1.6081064 1.8798596 4.740183 -0.051777437 6.8240457
0 6 0.08307013 -36.942406 2.701962 64.02133 4.5242205 1.58131 1.9388207 4.9203434 0.01449327 -0.6922492
0 5 0.0807457 38.955334 0.8293477 65.33898 4.3450685 1.607925 1.8658199 4.6944695 -0.084343 7.2123947
0 5 0.07945093 45.995975 0.4689569 58.133923 4.54427 1.6372833 1.9290346 3.1358733 -0.03944507 0.46785778
0 5 0.07830837 46.203724 0.48424324 58.360817 4.58445 1.6347044 1.9390602 3.2636223 -0.04530336 -0.00032202527
0 5 0.076199464 42.48542 0.6692391 53.139282 4.568738 1.5713644 1.926436 2.1716352 -0.021656588 1.2214296
0 5 0.07492125 38.687084 0.8201853 65.38829 4.718255 1.6957659 1.9939487 1.4071553 -0.011190465 3.3036692
0 5 0.07105384 6.3465858 1.9439431 32.465397 4.575512 1.4956579 1.8541104 4.766755 -0.049616262 2.741162
0 5 0.06956572 42.37086 1.0742731 53.45135 4.2957234 1.572331 1.8817605 1.8535972 -0.033022497 2.8108113
0 6 0.06588786 -37.41551 2.649203 63.87393 4.526891 1.5757892 1.9374737 4.8332705 0.033171147 -0.0030068457
0 5 0.06487758 39.89858 0.6966743 65.826355 4.3649464 1.6108646 1.8804278 4.75781 -0.034493886 5.833731
0 5 0.06400299 32.097374 1.1293633 79.66638 4.4955063 1.7201222 1.9133995 3.2689655 -0.027151057 0.37733442
0 5 0.062158857 32.72455 1.1291056 80.906944 4.648507 1.6703624 1.9856794 6.359204 -0.015348142 -0.9498655
0 5 0.061671223 -25.452173 2.265637 80.290985 4.765371 1.6904134 1.9814788 4.7975645 0.03295149 -0.6760804
0 5 0.061570603 31.92018 1.113668 78.968994 4.452536 1.7057948 1.9307959 6.272077 0.049467795 0.9404111
0 5 0.061300416 37.41147 0.8001378 64.311455 4.7453327 1.7107732 1.994068 1.421391 -0.04679843 4.4381437
0 5 0.061133385 42.311787 0.577054 53.383305 4.7608232 1.6634407 1.9919527 2.9186168 -0.108988516 0.97776043
0 6 0.0591157 -37.276714 2.6073155 63.642784 4.5385284 1.5450758 1.9448326 4.874056 0.016612487 0.012510832
0 5 0.05900928 38.281494 0.6905142 65.043015 4.689008 1.6839567 1.96986 1.3740423 -0.051875748 2.9353762
0 5 0.056335807 -24.931211 2.1754718 77.1913 4.731303 1.687302 1.9792514 4.893512 -0.0195311 -1.346658
0 5 0.055298377 -24.923908 2.2668192 78.31554 4.7812395 1.7280762 2.0001729 4.9314103 -0.031104712 -0.71633595
0 5 0.0543002 33.162228 0.9870338 81.63327 4.592138 1.6864611 1.9815533 6.4018717 -0.010435283 -1.6999168
0 5 0.05295388 31.533258 1.0046543 78.8175 4.5930324 1.7318314 1.9883393 6.366024 0.12079712 0.36306375
0 5 0.05247501 31.822433 1.0304387 79.85099 4.659279 1.7170548 1.9799433 3.2668083 0.13584594 0.57040834
0 5 0.051613465 37.3785 0.8451721 63.65644 4.3061385 1.6132601 1.8477626 4.673585 -0.10507174 4.809349
0 5 0.05139335 7.3420234 1.9744009 40.28349 4.497634 1.5309327 1.8706105 4.795551 -0.014457661 8.722168
0 5 0.0506369 28.727032 0.927592 71.56243 4.4702754 1.712878 1.9326843 2.8806477 -0.0743628 0.66216326
3 5 0.053925402 22.227213 -0.03750658 66.5522 10.152964 3.6816888 2.615492 5.4496875 0.04426761 -0.5964558
6 3 0.07736455 15.322144 1.6374028 53.15764 0.7874981 1.6806731 0.58707005 1.5718951 -0.07195395 1.1204183
6 3 0.06284689 15.408515 1.7030253 53.81159 0.8845055 1.6698676 0.54932165 1.5464711 -0.112947844 -0.63173723
6 3 0.05587874 15.443062 1.6374675 53.99703 0.7220396 1.648498 0.5750982 1.5389922 -0.08534585 1.2133908
7 3 0.1701384 -5.7519197 1.8111808 54.371525 0.6442254 1.7569275 0.6021304 1.5135517 -0.04275585 0.51764625
7 3 0.12367235 -5.7936106 1.8702462 54.74748 0.61647075 1.738444 0.5924699 1.4914132 -0.052407123 0.31366372
7 3 0.08415012 15.30279 1.7281381 53.172127 0.9226832 1.7012999 0.5710245 1.5541716 -0.052554965 -0.6318675
7 2 0.082107216 -5.9549265 1.8705319 56.265377 0.6335244 1.7274373 0.6078211 1.5548933 -0.05546304 -0.12458225
7 3 0.08103156 -5.8685565 1.792492 55.563427 0.7067939 1.7498983 0.6370392 1.5347075 -0.0056121554 0.13852558
7 3 0.07871321 -5.7634974 1.8692324 54.458637 0.63112104 1.7348962 0.59667915 1.4998487 -0.040787887 0.28337926
7 3 0.07401826 15.443062 1.6374675 53.99703 0.7220396 1.648498 0.5750982 1.5389922 -0.08534585 1.2133908
7 3 0.07396006 15.408515 1.7030253 53.81159 0.8845055 1.6698676 0.54932165 1.5464711 -0.112947844 -0.63173723
7 3 0.06169433 -5.7184196 1.83699 54.311718 0.6755155 1.7528045 0.632882 1.5070056 -0.073616385 0.3833997
7 2 0.054947343 -5.950859 1.9083018 55.97423 0.6429045 1.7358369 0.5995888 1.5265896 -0.023103781 0.9365483
