0 5 0.13743049 14.5829735 1.3845589 88.46322 4.4848685 1.6448637 1.9195999 4.8794804 -0.0040496495 8.704006
0 5 0.13662028 14.815215 1.3926556 89.82316 4.463201 1.6454462 1.9357952 4.8618426 0.01925985 8.0612955
0 5 0.06614427 -24.114637 2.416961 28.369907 4.371639 1.6437 1.8412505 5.243538 0.07049384 0.0869546
0 5 0.06183926 -2.0892828 1.6572845 110.32285 4.7756224 1.6973735 1.9710449 1.5232127 0.04704094 0.6779226
0 5 0.05233548 14.990607 1.5107397 90.7575 4.501786 1.6417747 1.949952 4.841216 -0.0013454892 9.303938
0 5 0.052312475 14.752441 1.3554318 89.06619 4.475558 1.6281081 1.9078038 4.858671 0.003941519 8.243403
3 5 0.06266544 16.372631 -0.827785 90.39733 11.949535 3.7240133 2.815614 4.8040667 -0.020756144 7.2781873
3 5 0.062294923 16.93098 -0.6121502 93.15547 12.497945 3.9429264 2.8334358 4.8219504 -0.035556853 8.088294
7 2 0.10394797 -22.09757 2.418866 47.76415 0.60852003 1.7422229 0.6308841 5.0964828 0.028822975 0.14974731
7 2 0.06814096 -21.734192 2.3972034 46.99881 0.6030594 1.7050866 0.60290724 5.1069374 0.079357356 0.1402368
7 2 0.0661378 -22.303082 2.505282 48.188763 0.6018365 1.7546301 0.59627825 5.043561 -0.016534954 0.091190435
7 2 0.05974084 -21.896152 2.3383698 47.463093 0.60908526 1.7452071 0.6239628 5.0534225 0.029104987 0.15772793
7 2 0.05354632 -22.407885 2.4088428 48.544773 0.61136514 1.7607645 0.64742863 5.1359377 0.006044075 0.13899225
