0 5 0.21027245 13.474124 1.9644425 81.118706 4.5155935 1.7087667 1.8988719 4.9047623 -0.015965747 7.6376553
0 5 0.10945935 -7.8961425 2.6145787 90.84943 4.697794 1.4625967 1.9011266 1.8760897 0.0363447 -4.174379
0 5 0.07631348 13.415979 1.8826306 80.33951 4.930543 1.7342395 1.9456556 4.908366 -0.016765509 6.6098094
0 5 0.06776546 -7.904612 2.5729418 90.0249 4.6687207 1.4387734 1.9293678 1.9176489 -0.013696631 -5.4672475
0 5 0.054636862 13.216298 1.8860137 79.55144 4.5667987 1.7085663 1.8905699 4.9199157 -0.019906247 8.493844
0 5 0.05361334 -8.137603 2.5696847 92.94564 4.6711383 1.4612485 1.8862038 1.8201754 0.06390425 -2.3307638
3 5 0.0936505 15.049395 0.46733606 86.64176 12.85205 3.8442988 2.8595943 4.8629985 -0.04105573 7.0457096
3 5 0.093060166 13.330545 0.19100213 78.045586 11.580418 3.6379774 2.765709 4.853558 0.009688821 7.0595956
3 5 0.07782791 14.317868 0.39346993 82.99226 13.108201 3.7231946 2.9751663 4.84257 -0.044310074 7.852821
3 5 0.054154247 13.784148 0.3619777 79.95073 12.030699 3.5880234 2.940607 5.003242 0.03619606 4.94952
3 5 0.054031607 14.50047 0.7976304 86.69148 10.508666 3.5089881 2.5241983 4.8681154 -0.047191076 4.529205
7 2 0.07150301 24.559006 0.26979738 45.301006 0.59055144 1.7760841 0.6398554 5.01621 -0.038556922 0.23807618
7 2 0.06637944 27.120138 0.16787976 47.840714 0.6413274 1.7911294 0.67515963 4.9944468 0.034219265 0.44601533
7 2 0.065931566 24.526203 0.26509643 45.393646 0.5655424 1.781741 0.625074 5.0509944 -0.024505151 0.34971732
7 2 0.06436808 26.650095 0.18550265 47.39953 0.6019371 1.7920355 0.6423366 4.9992275 0.023794906 0.39512655
7 2 0.06198221 26.610197 0.2526173 47.21916 0.604492 1.7701901 0.6122477 4.9218507 -0.0022396613 0.30655134
7 2 0.052590515 24.605673 0.30233806 45.353622 0.6182809 1.7610934 0.6356524 4.960327 0.0044341423 0.291554
