0 5 0.24983136 11.065948 1.968605 71.43513 4.4542117 1.5720936 1.9095205 4.8801575 0.018142654 11.885461
0 5 0.21511567 11.2089 2.0663848 72.430435 4.449717 1.5581613 1.9123971 4.884554 0.01207245 11.12476
0 5 0.18948779 -13.500411 2.524137 61.53206 4.5447803 1.5062957 1.8875694 1.9726081 -0.008617426 -5.952204
0 5 0.13648371 -13.818318 2.5645454 62.7235 4.5855875 1.4897083 1.8815513 1.9679492 -0.0550683 -7.8972273
0 5 0.122849815 -13.684872 2.5710347 62.361904 4.5159106 1.5063055 1.8936285 2.0309844 -0.055121966 -7.123206
0 5 0.10040036 -13.978029 2.6154265 63.26231 4.5682197 1.4953966 1.8877337 2.02745 -0.058986902 -7.600558
0 5 0.09336558 -14.430727 2.5980866 63.64979 4.628344 1.5233798 1.9009285 1.9257627 -0.020337394 -6.562125
0 5 0.081157446 -13.539374 2.720753 63.00026 4.622022 1.5383719 1.9070866 1.9246217 -0.028604537 -6.389845
0 5 0.07215865 -13.349237 2.5148745 61.084606 4.524165 1.5112569 1.8863244 1.9726001 -0.056605414 -5.4264016
0 5 0.066288546 27.411259 1.2304004 63.526146 4.6255217 1.5860177 1.9400574 3.3210735 -0.021363275 0.4293007
0 5 0.0662023 -13.91262 2.5412786 62.938316 4.5976796 1.487357 1.8929797 1.9256624 -0.059030592 -7.146491
0 5 0.06338218 11.321068 2.0706923 73.109535 4.4150076 1.5496901 1.8669306 4.875542 -0.044559855 12.814531
0 5 0.06311418 -13.792732 2.7211185 63.914974 4.6314726 1.5516853 1.9188385 1.9432201 -0.015159418 -7.007309
0 6 0.059947398 43.69003 0.19637007 51.502663 4.4931135 1.6971396 1.914516 6.618968 -0.015988616 0.023626175
0 5 0.059921306 -13.596443 2.545249 62.11158 4.5050716 1.5191767 1.8871913 2.004019 -0.106493145 -7.1675982
0 5 0.057537224 -14.630686 2.638377 64.628525 4.6333804 1.4609667 1.8775274 1.9583981 -0.064683385 -7.3340025
0 5 0.05566641 -14.132188 2.600974 64.77103 4.487263 1.518288 1.8477005 1.8999614 -0.061074734 -7.7535534
0 6 0.054192707 44.06592 0.24824661 50.52866 4.4383736 1.694169 1.9236528 3.6198013 -0.01730501 0.020713098
0 5 0.052691992 11.253159 1.9237363 71.91361 4.4532223 1.5731453 1.8637794 4.8621874 0.013882114 12.838172
0 5 0.051310077 27.950087 1.1237193 64.89994 4.6322174 1.6098738 1.9456381 3.2924016 -0.014288347 0.7699178
0 5 0.05105105 27.750135 1.2448831 63.959972 4.663632 1.5930663 1.9486023 3.3317418 -0.025520688 0.696444
0 5 0.05073486 -22.515676 2.583867 76.96119 7.377479 2.2853084 2.3307343 1.645562 -0.061524026 -5.7001853
0 6 0.050573297 43.991165 0.18043804 52.639004 4.5117245 1.6860739 1.9197592 3.423216 -0.02094806 0.00018009916
