0 5 0.1633271 14.931226 1.519434 100.22159 4.394339 1.7104952 1.918165 4.9335656 0.046947926 5.8618197
0 5 0.1499973 -24.433744 2.4246752 50.109543 4.6597905 1.7478008 1.9625956 5.9916773 0.17605527 0.11671502
0 5 0.12772 -24.68877 2.445587 50.89454 4.6699314 1.7606157 1.9676116 5.9863534 0.13143563 0.06995761
0 5 0.12704472 15.146931 1.5332506 101.428024 4.383803 1.7048664 1.923261 4.9098597 0.056147337 7.1662545
0 5 0.099349104 -24.635403 2.4893556 50.402866 4.7231946 1.7454611 1.9711653 5.982579 0.19254921 0.1911923
0 5 0.08476671 14.665843 1.5065874 99.406204 4.3284087 1.6802572 1.8856359 4.8906918 0.036224037 7.1735964
0 5 0.078066416 66.29276 -0.017314315 80.5675 4.528275 1.5801152 1.9587765 5.3905764 0.03654015 5.602465
0 5 0.07406229 15.256598 1.5003434 102.57456 4.4099464 1.6678966 1.9152005 4.913067 0.045015343 6.2562804
0 5 0.06743314 67.45976 -0.02729857 82.43552 4.4850426 1.5634371 1.9637693 5.3242254 0.0011654943 6.0042543
0 5 0.065342546 65.65219 -0.05512643 79.392166 4.575921 1.6106889 1.954103 5.470313 0.005083069 5.563692
0 6 0.06244017 -32.94539 2.3508592 48.339287 4.3997364 1.5781333 1.9090629 5.931119 0.046602234 0.08233066
0 5 0.062272485 15.3593445 1.4239341 103.32835 4.3919244 1.6650735 1.9365431 4.8993096 0.06467258 7.704358
0 5 0.058409777 67.98148 -0.07786143 82.53727 4.5469513 1.5835547 1.9503738 5.3608236 0.015442172 7.2313943
0 5 0.052220967 68.61553 -0.09567559 83.75761 4.503432 1.5682762 1.9508793 5.329268 -0.012560245 7.5047293
0 6 0.051937137 -32.64758 2.303681 47.468674 4.4019723 1.5765342 1.9060079 5.861299 0.04397507 0.08665454
0 6 0.05096969 -33.652893 2.3666017 49.52425 4.4660563 1.5566059 1.9242618 5.917892 0.051623307 0.07208383
0 5 0.05055708 15.098173 1.6029072 102.03576 4.391533 1.6717463 1.9228221 4.9203944 0.06056405 5.472531
7 2 0.06445105 -16.126362 2.0559862 53.738796 0.57193273 1.7803504 0.52169675 5.6711597 -0.09854064 0.08473994
