0 5 0.107224666 15.666 1.3815017 99.98136 4.477737 1.6791546 1.9297745 4.891788 0.0926377 7.8108654
0 5 0.099958085 15.173785 1.4897133 97.31413 4.4731054 1.6924472 1.9244947 4.8852143 0.09438324 9.110465
0 5 0.06229684 16.199163 1.3271446 102.416214 4.4603624 1.6446588 1.9362923 4.8715754 0.07692547 8.128107
0 5 0.059533197 0.90299195 2.3250527 7.0710154 4.347214 1.4741075 1.820805 6.4045506 0.029876778 -0.38698545
0 5 0.057189602 16.046099 1.4272388 102.06641 4.462406 1.6495543 1.9266984 4.8696504 0.07408948 8.939141
0 5 0.05702625 1.9148422 2.1001885 101.17926 4.6745267 1.7232989 1.9798554 4.8018084 0.008034069 6.5408177
0 7 0.05509452 18.271067 0.64854074 98.04937 4.940926 2.0607839 2.0304866 4.964014 0.06169354 9.118833
0 5 0.05301796 0.3730711 2.2623818 6.7057276 4.3426914 1.4791735 1.8241427 3.0534809 -0.014146092 -0.9882763
0 5 0.0512505 14.854218 1.3294523 94.83629 4.609898 1.8171738 1.921559 4.8973837 0.094259515 8.752367
7 2 0.059051923 -20.762573 2.1466036 50.273632 0.590368 1.803633 0.5853381 5.2818017 0.07559138 0.19962397
