0 5 0.1598297 17.997978 1.9813466 115.305626 4.452874 1.6257073 1.9188923 4.9087644 0.0994026 7.00789
0 5 0.11911177 18.514114 1.9980938 118.87299 4.526523 1.5956453 1.9534936 4.884797 0.022728702 8.016784
0 5 0.103599675 -23.696917 2.3404193 64.39827 5.128881 1.7921369 2.0721257 5.689114 0.14756078 0.13429207
0 5 0.089934945 17.871101 1.929565 114.78678 4.4639287 1.6127582 1.9320009 4.9062376 0.13171455 7.8118877
0 5 0.08236197 18.058605 2.0738025 116.71139 4.4918294 1.6015577 1.9412206 4.869422 0.059086367 6.6640344
0 5 0.07237693 18.516912 1.8909118 118.41938 4.543708 1.5738434 1.9677541 4.844741 0.08362563 9.177669
0 5 0.064551316 -23.419294 2.4027708 63.71815 4.9709187 1.7409636 2.04513 5.7338815 0.13216753 0.05649337
0 5 0.06338395 -23.757223 2.378109 64.736565 5.181186 1.7953576 2.0668046 5.665739 0.12874882 0.1561737
0 5 0.055340596 7.2624373 2.4469228 128.20427 4.777522 1.6046048 1.9527738 4.745173 0.13833866 9.064011
0 5 0.053597044 7.1051903 2.4676266 127.39329 4.752581 1.6216846 1.9419191 4.7265563 0.08898695 9.65488
0 5 0.050658267 17.094057 2.1507897 111.78379 4.5955095 1.5547224 1.9370922 4.7961326 -0.027311955 4.749325
8 8 0.061067894 11.432324 1.7514766 16.71923 0.36383554 0.84307885 0.40613785 4.670603 -0.055245563 0.09697076
8 8 0.054303363 11.615044 1.7861812 17.012205 0.37548023 0.865174 0.4111488 4.6426706 -0.05662922 0.07615702
8 8 0.052375928 11.653665 1.8763071 17.068682 0.42371458 0.94856185 0.4395742 4.675171 -0.072326556 0.13042241
