0 5 0.38254732 5.919377 2.0105853 29.407827 4.518898 1.4891285 1.8302132 4.751369 -0.062411144 3.5385747
0 5 0.27759084 46.94984 0.9235104 58.368855 4.902791 1.736038 2.0375574 3.1921062 -0.007710335 -1.9294976
0 5 0.24989952 6.456382 2.104417 31.697363 4.7258973 1.4919363 1.9025422 4.799688 -0.06786976 4.62243
0 5 0.20786025 47.027443 0.9058351 58.59616 4.9118567 1.725993 2.0463595 3.1585603 -0.045230947 -1.7578771
0 5 0.1562175 46.046833 0.8776841 57.12617 4.879058 1.7194386 2.0178127 3.1475384 -0.068944305 -3.510453
0 5 0.14906588 24.53333 1.3113654 62.95696 4.4295835 1.6434572 1.9159545 6.384946 0.0656442 0.5738553
0 5 0.14551735 6.1285396 2.050457 30.549053 4.5325594 1.503939 1.8263644 4.739483 -0.019741481 3.452875
0 5 0.13110273 -25.2962 2.6526747 80.11075 4.680049 1.6641124 1.9735789 5.3661366 -0.008051156 -0.41876325
0 5 0.123871036 24.672585 1.3032613 63.76931 4.530447 1.6815264 1.9333756 6.392358 0.063100204 0.7309151
0 5 0.12166143 23.91583 1.2715428 62.903362 4.507167 1.6895571 1.952104 6.413432 0.022676175 1.2832274
0 5 0.119218536 46.625618 0.9130232 57.815434 4.9034905 1.7302145 2.0304306 3.1517563 -0.07813519 -4.5076723
0 5 0.11898753 24.400192 1.2946706 63.93686 4.5603337 1.7315456 1.9532617 6.41355 -4.054606e-05 1.3556414
0 5 0.117037065 46.33134 0.88410664 57.567875 4.8852344 1.6944307 2.015204 3.1328769 -0.04193445 -2.5334218
0 5 0.115559496 25.47502 1.1156547 64.483604 4.335057 1.6430098 1.8803251 2.9193332 -0.064247705 1.2948242
0 5 0.109324194 -25.271753 2.6827455 80.85572 4.6095605 1.6464753 1.9553703 5.3782406 0.06624191 -0.7094546
0 5 0.10645771 22.625563 1.3295485 63.82458 4.6483912 1.746615 1.9737033 6.5019093 -0.024638161 1.0391208
0 5 0.10480656 6.3075924 2.1335812 31.207043 4.5986814 1.557961 1.8751363 4.7666225 -0.033848397 4.584573
0 5 0.10003625 22.913897 1.3327768 64.867424 4.684948 1.7737617 1.9837258 6.4984617 -0.0060673943 0.4928131
0 5 0.09907854 50.18966 0.7978014 62.586967 4.7053757 1.7075063 1.9834481 3.085463 -0.02572662 -1.3843831
0 5 0.097008064 24.63591 1.2811112 63.52587 4.417362 1.6519015 1.9120033 6.3847046 0.028553111 1.8769665
0 5 0.09184956 25.525116 1.1400639 64.205956 4.274418 1.6218103 1.8539058 2.9847472 -0.028037354 1.8372208
0 5 0.09007833 25.005177 1.3056664 64.34673 4.508 1.660675 1.9241701 3.2419677 0.020001562 1.5954821
0 5 0.08918353 25.741888 1.1407132 64.81607 4.3251247 1.6172862 1.867959 2.9328709 -0.050638907 2.0432491
0 5 0.088034004 50.410515 0.8373629 63.497498 4.5982614 1.6624104 1.9492564 3.0776193 -0.021456046 -1.5774107
0 5 0.083014935 6.4086437 2.0733495 32.156673 4.487767 1.5076952 1.8110629 4.758311 -0.057904802 5.762077
0 5 0.07580011 10.007765 0.7881708 118.92838 4.693946 1.6686158 2.046249 4.8196955 -0.0023846962 8.478998
0 5 0.075646445 -26.227348 2.6563168 81.40021 4.72558 1.6847761 1.9911966 5.275743 -0.04131285 0.927266
0 5 0.06803551 -25.466091 2.570258 81.197495 4.560493 1.641802 1.951776 5.444945 0.0420241 -0.15538213
0 5 0.065433934 45.657856 0.8354401 56.66915 4.9127975 1.6683204 2.0162482 3.169965 -0.06871104 -2.7287085
0 5 0.060271792 12.239015 1.9438272 78.73805 4.5966115 1.5606385 1.960771 4.838909 0.056971952 10.810622
0 5 0.059875604 -25.921339 2.6969042 83.790764 4.508329 1.6036333 1.9268489 5.3587074 0.060874306 -0.108320236
0 5 0.059524138 11.782991 1.8227832 75.21729 4.637835 1.5260509 2.0005114 4.8361816 0.03175074 11.633079
0 5 0.059347615 24.296463 1.3296748 61.95419 4.4560604 1.6240114 1.9311391 6.3830433 0.008480389 2.3959093
0 5 0.058220826 6.0316563 2.0098038 30.123291 4.5040197 1.5063431 1.8161947 4.7576685 -0.07652172 0.6536505
0 5 0.057653837 38.426636 0.86202264 64.35511 4.5979137 1.6587716 1.955579 1.4652672 0.010087285 0.18106157
0 6 0.056223616 -43.17321 3.2410097 72.32362 4.5098114 1.6234158 1.9391814 6.0469656 -0.009505967 -0.3929779
0 5 0.05611734 49.97715 0.8602359 63.858707 4.49348 1.62257 1.9280263 3.0449674 -0.04576613 -1.838637
0 5 0.055626072 10.93573 1.8993239 67.63381 4.591239 1.521228 1.9656811 4.8304014 0.002567919 12.012603
0 5 0.05531797 -28.380802 2.6916828 84.6429 4.7278233 1.7000943 1.9933728 5.1783624 -0.056181416 1.8525715
0 5 0.054537553 22.820604 1.3875754 65.791336 4.6500745 1.750106 1.9568526 6.5256786 -0.0045390166 1.5868485
0 5 0.05435762 50.94838 0.7454987 62.92358 4.655952 1.6933632 1.9678856 3.0578308 -0.046092197 -0.60243684
0 5 0.05267495 37.888832 0.7762993 63.556503 4.5828876 1.6468549 1.9360657 1.4667845 -0.024236528 0.67760897
0 5 0.05266056 23.611488 1.3718619 62.10767 4.5033865 1.6478949 1.9306284 6.4236107 0.005927261 2.1367555
0 5 0.051947147 -29.30981 3.0108619 91.26556 4.907609 1.7356055 2.0460567 5.808266 0.005764922 -1.1931943
0 6 0.051892504 -43.35764 3.1965585 71.41217 4.48201 1.6029427 1.9345583 6.0130525 0.0069969688 -0.011914514
0 5 0.051852107 22.720179 1.4130876 65.33194 4.60423 1.7424479 1.944034 6.5070934 -0.033584386 1.9502257
3 5 0.06325887 -48.978172 2.8356602 104.402374 11.7210455 3.5943842 2.9306972 1.5089482 0.032515377 -0.061599527
3 6 0.05144247 -48.42908 2.8237505 105.0947 11.755987 3.6395295 2.8817773 1.5098057 0.021666603 -0.052549213
6 2 0.08494429 15.270729 1.7356305 52.045067 1.8559103 1.708995 0.59358287 4.619701 -0.073407724 1.606655
6 2 0.05585114 15.681597 1.619941 53.351242 1.7651237 1.6793997 0.58656 4.630844 -0.0375799 2.352505
7 3 0.24308385 -6.597552 2.037371 58.993423 0.62798697 1.755112 0.59191185 4.633524 0.064039886 0.5940895
7 3 0.13070484 -6.5118423 2.0679379 58.45286 0.6085654 1.74768 0.59243107 4.6409297 -0.02608932 0.42428443
7 3 0.11103371 -6.563324 2.0733013 59.100018 0.6326128 1.7512443 0.60515094 4.630928 -0.052757792 0.36396143
7 3 0.10289865 -6.7505803 2.0401733 60.559116 0.61718446 1.7299868 0.5839872 4.6845574 0.03820727 0.35671806
7 3 0.1021533 -6.7305384 2.0703528 60.17409 0.60547394 1.7398577 0.5830442 4.672328 0.022000065 0.45873666
7 2 0.051118366 18.312922 1.3422987 53.93096 2.2032285 1.7332016 0.6784869 6.522044 0.09868111 0.29254913
7 3 0.050477404 -6.5758705 2.015263 58.20729 0.70116377 1.7436973 0.6446662 4.708852 0.0026598517 0.55715346
8 8 0.051646776 13.171695 1.5821242 23.46909 0.36410174 0.9926292 0.349155 4.977576 -0.107369795 0.08686765
