0 5 0.16762891 -28.512472 2.5289123 36.411995 4.403493 1.6227154 1.8691425 1.8476536 -0.13174286 -0.082473464
0 7 0.12543002 -29.710331 2.800173 38.199986 4.326483 1.5863334 1.8478782 1.7612234 -0.032342974 -2.0810704
0 5 0.12379347 -28.304924 2.509193 36.187843 4.41663 1.6194988 1.8799946 1.8204716 -0.12846689 -0.061835386
0 5 0.116668865 17.697645 1.3648281 109.17797 4.541815 1.650732 1.9350123 4.894506 0.00802809 9.385182
0 5 0.09912328 17.418596 1.3578651 107.07894 4.5620704 1.6404506 1.9391274 4.8650937 0.06890802 9.749887
0 7 0.081956334 -29.48356 2.6573806 37.76851 4.3208365 1.5853455 1.834326 1.7558031 -0.043298297 -1.7133017
0 5 0.08141566 16.634209 1.2996113 101.997086 4.5014696 1.6580334 1.924736 4.907007 0.07203371 9.382503
0 7 0.0807764 -30.062807 2.704328 38.49346 4.36593 1.5566885 1.8572981 1.7659762 0.0073174164 -1.9675932
0 5 0.07764064 16.995358 1.3400984 104.39367 4.494655 1.6601629 1.9261022 4.9224696 0.031922027 9.115294
0 5 0.060684755 -27.927593 2.4652457 35.740223 4.337467 1.6482229 1.8225476 1.8087053 -0.076153226 -0.09877575
0 5 0.056878407 18.666668 1.4656112 115.887314 4.5412498 1.6038651 1.9222003 4.8627157 -0.058837228 10.14755
0 7 0.05308124 -29.11255 2.82183 37.83257 4.3775053 1.6146842 1.8750867 1.8075697 0.011943223 -1.5028393
0 5 0.050660923 16.408144 1.166135 97.267334 4.525384 1.7002552 1.9404011 4.9953537 0.065012224 8.26221
7 2 0.08833342 11.405566 1.0469499 38.77831 0.6489293 1.79722 0.6042704 4.953231 0.019267218 3.4379966
7 2 0.08437867 11.409145 1.0954404 38.941868 0.66617376 1.7847192 0.6121567 4.9688888 0.08691218 4.397203
7 3 0.08387729 -7.5016522 1.7008653 27.594248 0.51853764 1.6340902 0.5238795 5.047156 -0.057120986 0.0133157
7 2 0.05658244 -6.4634023 1.5387759 40.2295 0.55302966 1.6748745 0.55331355 1.491908 -0.18287764 -0.06367377
7 2 0.05657736 11.271158 1.0705603 38.494545 0.66777194 1.7866318 0.61390287 4.972079 0.08455792 4.675969
7 3 0.05630923 -7.4359226 1.6908427 27.490326 0.5234958 1.6233373 0.52619934 4.830681 -0.061431654 0.011616085
7 2 0.054491915 -6.6512213 1.6173947 41.394386 0.57722175 1.7119088 0.5746769 1.5515193 -0.15071972 -0.6042132
7 2 0.051985417 -25.750854 1.9309093 63.40766 0.58236694 1.6861238 0.57758313 4.948179 0.022065772 0.24164665
8 8 0.06850345 9.919318 1.4260352 23.09986 0.30162826 0.7274931 0.3366425 4.9045215 -0.0851912 0.06940414
8 8 0.065980166 9.856264 1.4142776 22.963037 0.31603137 0.73071766 0.34977272 4.976373 -0.05764652 0.078540094
8 8 0.056580283 10.055081 1.4375749 23.395004 0.3011777 0.73547983 0.33050606 4.9503937 -0.06307633 0.10664231
8 8 0.05436913 10.124442 1.4371206 23.553205 0.31645462 0.72537994 0.34289426 5.2434955 -0.037019204 0.09251845
