0 7 0.35750788 4.612419 1.9376751 10.966326 4.445467 1.5190501 1.7808524 4.778148 -0.061277375 3.0194552
0 5 0.30161604 4.9848022 2.0727813 11.702052 4.3614807 1.4809473 1.8026798 4.7745495 -0.054145485 1.9901513
0 5 0.2246122 13.400226 1.6217966 63.46889 4.6038566 1.5261446 1.9312129 3.1995187 -0.05439408 -2.046484
0 5 0.22228292 -5.6206036 2.0652227 54.647038 4.6730714 1.516026 1.9471062 2.5338259 -0.036200166 -4.910388
0 5 0.18946414 -31.882172 2.8158414 65.750626 4.552678 1.6261452 1.9310088 6.0305037 0.05807578 0.02344584
0 5 0.1711054 15.731619 1.6554192 73.8133 4.852509 1.69499 2.015516 3.00464 -0.0055745225 -2.1665158
0 5 0.15418267 -5.641558 2.0653858 55.297424 4.578214 1.4861865 1.8971374 2.4436724 -0.05056283 -5.8921595
0 7 0.15340225 4.4675546 1.8752668 10.681462 4.429832 1.5138675 1.7904607 4.761153 -0.105656676 3.8252118
0 5 0.1455491 -34.194218 3.0533085 70.45044 4.6404033 1.6387099 1.9912326 6.0065203 0.12842712 0.054430567
0 5 0.13514875 -34.526524 3.1029265 71.403114 4.6270895 1.6024791 1.983573 6.0208216 0.02873846 0.0037537925
0 5 0.13473271 15.781859 1.6334326 73.329666 4.831305 1.6638662 1.9909931 2.9957736 0.0077862497 -3.0461822
0 5 0.13398533 -5.654175 2.069324 55.02246 4.616757 1.492825 1.9073511 2.5229766 -0.058594063 -6.2390203
0 5 0.12588269 13.48675 1.5998495 64.059814 4.597209 1.5267489 1.9331247 3.2265215 -0.005110899 -0.8193736
0 5 0.11640439 -32.541924 2.8219085 66.66126 4.5176744 1.6402261 1.9127294 6.038785 0.09909641 0.745441
0 5 0.111593366 -34.481785 3.0164976 70.82307 4.6811924 1.6298997 2.0034642 5.9780602 0.10072904 0.13368255
0 5 0.10960599 -31.917961 2.7791257 65.985466 4.519187 1.6043384 1.930407 6.084247 0.010550026 0.017258298
0 5 0.10680315 15.570514 1.644151 72.18199 4.9266834 1.7029567 2.0363662 2.9686716 -0.031742744 -2.8821294
0 5 0.10384905 15.395631 1.6318438 72.462494 4.8677726 1.653944 2.0210319 3.0844624 -0.01675359 -1.9878063
0 5 0.092288844 20.104507 1.7774273 41.120087 4.6014214 1.5363188 1.9586871 4.837523 0.07706648 9.315989
0 5 0.08790317 5.33226 2.1694012 12.393119 4.3528323 1.4962295 1.8238938 4.7471566 -0.023080487 2.8534553
0 5 0.08496634 -7.821355 1.6933126 39.227818 1.4816107 1.6550065 0.90693665 4.93042 0.112698816 1.2086629
0 5 0.08025959 19.235369 1.7149369 39.46062 4.578343 1.5127792 1.9214768 4.9027834 0.09609689 8.386544
0 5 0.0784252 21.381996 1.7760805 43.275036 4.5609484 1.5352807 1.9364214 4.8127623 0.012610156 8.990587
0 5 0.07802334 -35.31296 3.0541086 73.16306 4.5953774 1.6406729 1.9621366 5.9503775 0.05716975 0.43214536
0 5 0.07405725 -3.0729015 1.9394 101.00683 4.624739 1.6303693 1.9491047 1.7475917 0.045469463 -4.133536
0 5 0.07212085 -34.964226 3.0787137 72.28074 4.6220407 1.6208172 1.9732037 5.8552036 0.057361946 0.29199094
0 5 0.07061136 13.513805 1.5788398 64.300514 4.56564 1.5175169 1.9194099 3.1799142 -0.053299524 -1.787506
0 5 0.07038828 18.607834 1.6941328 38.014362 4.527083 1.5312285 1.8893057 4.7964807 0.057349518 6.6270957
0 5 0.07023094 15.765145 1.5870345 73.00743 4.944263 1.6973178 2.0338979 3.0601342 -0.028568896 -2.298647
0 5 0.06777079 40.72934 0.780964 78.19985 4.734412 1.7938414 1.9493303 5.15933 0.065072924 9.538841
0 5 0.06729024 -32.763027 2.8134835 67.343056 4.4869013 1.6331772 1.9107038 6.101159 0.05022274 0.12159265
0 5 0.066122696 5.093081 2.049443 12.270115 4.349355 1.5396174 1.8095818 4.768235 -0.0436583 3.4076283
0 5 0.06458231 -31.725458 2.8454237 65.273026 4.5429654 1.6237266 1.9549899 6.0096464 0.066846676 0.12781417
0 7 0.06354702 -31.961742 2.8238773 66.376274 4.480919 1.5564806 1.9256631 6.107107 0.05102034 0.0759923
0 5 0.06161978 -5.2590075 2.0328257 54.165813 4.6733117 1.4945045 1.8896049 2.38247 -0.03273163 -4.4713273
0 5 0.06129404 -3.2873838 1.9610021 96.731766 4.4965734 1.6061043 1.916087 1.7566694 -0.004452415 -3.8764706
0 5 0.058481887 13.890929 1.617528 64.89651 4.5508223 1.5204868 1.9180951 3.15958 -0.06335637 -1.3514117
0 5 0.058187522 40.467995 0.7952794 77.62541 4.7104516 1.7793592 1.9629375 5.0922427 0.054630883 9.713888
0 5 0.05773822 -33.524185 3.0150547 69.265076 4.6424046 1.6735498 1.9727262 6.0523934 0.11044041 -0.00023894571
0 5 0.057209533 55.995872 1.2561224 64.008484 4.9475355 1.8254641 2.0874505 3.6576598 -0.05607681 0.86556095
0 5 0.056419503 -5.3977766 2.0650456 55.232334 4.338374 1.5722773 1.5968451 2.2860956 -0.084489636 -5.79869
0 5 0.054974083 -0.62739897 1.5931104 126.821556 11.461428 3.434009 3.055658 4.826322 -0.06333834 2.2784069
0 6 0.054703914 -45.40866 3.1701307 58.413292 4.5795193 1.6949096 1.9769919 2.6840243 0.029501067 0.0928844
0 5 0.0536319 -8.291285 1.6777898 41.731422 1.4678217 1.5912375 0.8894561 4.8890696 0.09089869 -0.54823685
0 5 0.05359788 -5.6263595 2.0844014 54.13356 4.432321 1.4889121 1.8580356 2.6622143 -0.079171136 -3.012277
0 5 0.05352588 21.668854 1.7437849 43.85107 4.56966 1.5414162 1.9517728 4.9109907 0.07262008 10.153164
0 6 0.053486336 -45.38909 3.2396455 58.14801 4.6637983 1.72116 1.9910278 2.713001 0.023489544 0.07952279
0 5 0.051657736 -9.618907 1.7337525 48.12138 3.7678163 1.5234635 1.626599 4.94705 0.053183325 2.4771779
0 5 0.051585283 -5.4362397 2.0840087 55.829807 4.42294 1.5296553 1.8576068 2.4991996 -0.036687694 -4.4097433
0 5 0.05146462 -0.26183602 1.5930097 125.89194 10.737851 3.3380613 2.944023 4.8152 -0.0016922895 3.7607734
1 5 0.057881605 -0.62739897 1.5931104 126.821556 11.461428 3.434009 3.055658 4.826322 -0.06333834 2.2784069
1 6 0.051994458 -43.57014 2.201923 51.202805 9.667714 3.8702085 2.8637393 1.3485256 0.043843932 -4.8152037
1 6 0.050360925 -45.2112 2.381385 53.456375 8.501077 3.6517954 2.7692184 1.397351 0.020834984 -4.2829366
3 5 0.19995514 -11.538304 0.87520933 59.48447 11.808328 4.3056235 2.9118352 1.6300988 -0.006923897 -4.3342013
3 5 0.18685701 -11.340984 0.9291593 58.57769 11.873437 4.517225 2.8406494 1.6182365 0.0041736923 -4.398556
3 5 0.15842442 -10.583818 0.9857621 57.99289 11.9453945 4.355379 2.9516704 1.6987222 -0.009247472 -4.945458
3 5 0.13932237 -12.031356 0.90796685 59.32375 12.047277 4.5991483 2.8076222 1.4538648 0.010254759 -4.384203
3 5 0.12903075 -12.898272 0.7879003 63.497616 12.350985 4.4662423 2.9284968 1.5881431 0.025868492 -4.8378196
3 5 0.096204855 -9.186092 0.84076977 64.242584 9.786275 3.8679547 2.6448624 1.7335333 -0.027348023 -3.4474742
3 5 0.08626411 -11.80864 0.6011213 69.25566 12.595373 4.4975634 2.9299185 1.833724 -0.038325258 -5.406619
3 5 0.07602527 -11.822605 0.7264966 69.92473 10.80701 4.230877 2.712647 1.7316911 -0.03256559 -3.5314333
3 5 0.0756259 -11.433176 0.89240265 57.0951 11.682783 4.622266 2.7138903 1.5501461 0.030772926 -4.623982
3 5 0.07307787 -9.488802 1.1485605 56.805935 12.218039 4.4453793 2.894124 1.6086278 -0.00361282 -4.9770575
3 5 0.06738613 -14.411714 0.35405135 69.34945 11.332668 4.047078 2.814649 1.3403131 0.06629474 1.3655548
3 5 0.06574844 -12.692553 0.8672997 60.650177 12.393815 4.6647124 2.792957 1.2703329 0.031912804 -4.71472
3 5 0.06492636 -9.82512 1.3026338 61.658146 12.385512 4.301372 3.0601087 1.7818632 -0.03139545 -4.035374
3 5 0.06438879 -10.612318 0.84504986 57.002335 11.612666 4.5575194 2.7151427 1.6557629 0.012566097 -4.6629567
3 5 0.06389047 -11.309789 0.90645814 67.735245 11.915018 4.2984643 2.8270304 1.7823216 -0.02335217 -5.048868
3 5 0.061235275 -15.004855 0.2549337 72.155045 11.3152485 4.03593 2.730725 1.3160387 0.0451056 0.8409566
3 5 0.056117766 -13.009938 1.048141 67.27129 11.7628565 4.50567 2.9294057 1.1906216 -0.0058352025 -4.3023067
3 6 0.05605242 -49.382362 2.6698775 59.567608 12.511374 4.297231 3.508361 1.7987998 0.01327478 -0.08680075
3 5 0.055838376 -11.781325 1.4597893 61.051613 11.254819 3.5983753 2.9367654 1.6469402 0.0056710355 -3.8503292
3 5 0.05385479 -12.060399 0.88030696 58.273968 11.886296 4.6860566 2.7040162 1.297821 0.080694 -4.826814
3 5 0.053218525 -10.537615 1.3066247 56.335205 10.269632 3.3860755 2.7809212 1.7144867 -0.017421922 -4.5601883
3 5 0.053147018 -10.656731 0.90736055 64.028145 11.884024 4.50241 2.9128678 1.3184394 -0.028006244 -3.8828132
3 6 0.05140473 -46.78354 2.7907066 64.4366 13.23884 4.183672 3.3685157 2.1163445 0.02621468 -0.057073504
3 6 0.050287444 -51.4397 2.861068 71.39144 13.52167 4.0812974 3.2231138 2.049372 0.026490001 -0.0324004
6 5 0.05907397 -7.821355 1.6933126 39.227818 1.4816107 1.6550065 0.90693665 4.93042 0.112698816 1.2086629
7 2 0.092703275 12.75107 1.7810667 29.088808 0.58573073 1.627336 0.5504909 4.936474 0.0022969712 1.0149031
7 2 0.08434973 -6.812457 1.6556494 34.222557 1.0124341 1.68466 0.9041168 4.738241 0.12574244 0.10075393
7 5 0.08404632 -7.821355 1.6933126 39.227818 1.4816107 1.6550065 0.90693665 4.93042 0.112698816 1.2086629
7 2 0.08148988 15.783949 1.7635942 26.415806 0.6387788 1.6800255 0.6432301 5.039419 0.040753886 0.7030085
7 2 0.07637152 12.909269 1.7728906 29.25974 0.60026175 1.6395528 0.5568787 4.8854284 -0.03379868 0.8027534
7 2 0.0741917 15.642198 1.8552912 26.145 0.65394616 1.6933084 0.6400623 5.0783963 0.05026816 0.7110528
7 3 0.07099621 12.673703 1.8254862 28.923407 0.60708046 1.634079 0.5590263 4.903154 -0.057438724 2.1226852
7 2 0.06440416 10.199033 1.5605091 17.143936 0.76150346 1.7815405 0.7156662 4.830506 0.04422784 0.47750896
7 2 0.06370435 15.832737 1.8665884 26.505003 0.65864176 1.6882197 0.6242175 5.0660405 -0.00786849 0.6597713
7 2 0.06118412 10.052375 1.5751162 16.882757 0.7617891 1.7732701 0.7097906 4.861529 0.05795721 0.575029
7 2 0.06007596 12.78852 1.7937272 29.537075 0.60473263 1.6327801 0.56234676 5.0835266 -0.016615564 1.8614846
7 2 0.05793804 16.945269 1.7113252 28.412363 0.6151608 1.7265306 0.616192 5.020779 0.034861237 0.95302767
7 3 0.057881776 12.666576 1.7951882 28.724081 0.6125823 1.6333649 0.56305355 4.807042 -0.08799514 1.6568145
7 2 0.05531484 9.653141 1.5789251 16.247995 0.78319097 1.8078752 0.7223992 4.8777227 -0.01137375 0.57322824
7 2 0.05076915 16.9215 1.7132622 28.337515 0.6161247 1.7018832 0.6335841 5.042761 0.05033227 0.8503355
7 2 0.050731514 12.9977455 1.7192748 29.537987 0.5967508 1.6145135 0.56789964 5.2005324 0.024140505 0.6311557
