0 5 0.43740204 5.575365 2.0687125 19.001957 4.6495614 1.5272554 1.8700705 4.788418 -0.013256343 4.1546054
0 5 0.20920958 -19.771341 2.7227519 72.50462 4.653239 1.5567514 1.9414775 6.032854 0.07023163 -2.5905588
0 5 0.19832362 3.3027196 2.0128553 73.33862 4.686773 1.6610764 1.9820795 2.8258662 -0.054349333 -5.0314612
0 5 0.19579895 34.80816 1.613287 62.641342 4.5029564 1.641141 1.9558753 3.4437852 0.021632114 0.17394838
0 5 0.18997744 45.34368 1.0615851 52.928123 4.988698 1.7582835 2.048642 3.376688 -0.025328033 -0.14209853
0 5 0.18989785 -19.698566 2.6928048 72.26095 4.6097565 1.5413378 1.935596 5.9824414 0.08387987 -2.1649187
0 5 0.17753935 46.574112 1.1931181 53.928787 5.0134287 1.7754524 2.0628312 3.2339709 -0.05229515 -1.9190643
0 5 0.17474973 6.120744 2.2080011 20.877876 4.5332713 1.5548539 1.8507276 4.8023787 -0.005605365 3.7872024
0 5 0.16500436 5.9957695 2.1319232 20.521393 4.5636926 1.4907904 1.8512305 4.7790084 -0.006909444 5.08746
0 5 0.14497624 3.3510163 2.0224726 73.87827 4.670697 1.6426568 1.9604026 2.8302968 -0.09236742 -4.0690656
0 5 0.142565 5.45938 2.0422525 18.591806 4.648681 1.4989556 1.8782243 4.752076 -0.09611881 4.9717107
0 5 0.12644216 34.39034 1.6804595 61.547115 4.5536876 1.6726091 1.967864 3.3418083 -0.071735986 0.9891739
0 5 0.12616698 -44.55173 3.6407685 59.00169 4.686622 1.5828705 1.9707623 1.4655843 -0.008113791 -0.8015387
0 5 0.1259399 3.3372304 1.9882658 73.67107 4.65674 1.6222466 1.9652916 2.817993 -0.0726232 -4.914569
0 5 0.124578 -44.961815 3.5908172 59.33133 4.696583 1.5874019 1.9780871 1.4898045 0.014940323 -1.5192449
0 5 0.111838005 4.44206 2.156902 86.20018 4.8084645 1.6874136 2.0253139 3.1336143 -0.06588835 -2.8371325
0 5 0.10864813 36.60354 1.7217083 66.06049 4.52677 1.6840168 1.9371228 3.2745643 -0.01648507 0.26810575
0 5 0.105062865 34.981262 1.5964332 62.88294 4.5819054 1.6378977 1.9712965 3.4469285 -0.0069620386 0.026811168
0 5 0.10397469 3.518785 2.0349324 73.88052 4.7108517 1.689586 1.9880072 2.5913186 -0.069490455 -5.1299
0 5 0.1013074 51.790188 1.0426817 74.088776 7.2185664 2.355458 2.3693953 2.2304466 0.029528888 -0.009923429
0 5 0.10100595 3.5599732 2.0130985 74.33386 4.722329 1.6787567 1.9915903 2.65337 -0.033696547 -4.151416
0 5 0.09963852 -35.440117 3.2790248 80.24815 4.4071145 1.6035542 1.9078707 1.6631885 0.011150537 -0.5912656
0 5 0.099102296 -44.23526 3.5877187 59.19326 4.6778107 1.5996623 1.9653836 1.517214 -0.023599006 -1.3526874
0 5 0.09321698 -20.089045 2.706196 73.536156 4.6111836 1.5486703 1.9249287 5.963669 0.032323524 -2.4603927
0 5 0.092529476 36.310963 1.7253854 65.86102 4.4622693 1.6751986 1.9181051 3.2969217 0.010759188 0.3477909
0 5 0.092482 3.152736 2.1736715 82.93395 4.8073745 1.6857778 2.046186 3.1184733 0.0497353 -3.8983893
0 5 0.09233642 -35.553535 3.246759 79.95916 4.401591 1.5896261 1.909078 1.6313671 -0.007403629 -1.6696377
0 5 0.09224972 -44.52619 3.7021976 59.730045 4.669516 1.605797 1.9664397 1.4883165 -0.04668994 -0.49826828
0 5 0.0885747 5.857209 2.1007175 20.207964 4.7202415 1.4712683 1.8697896 4.8293314 -0.12041088 4.5634108
0 5 0.08679886 35.548454 1.6040127 63.55784 4.4745116 1.6311933 1.9403415 3.4324527 -0.0058031846 -0.43576255
0 5 0.080426455 24.365824 1.4074228 74.477974 4.80979 1.6220204 1.9842697 5.229184 0.0467636 9.598711
0 5 0.07881461 -47.208458 3.798264 63.18236 4.4969077 1.6187981 1.9262437 1.3660672 -0.031948835 -2.4241436
0 5 0.07818129 -43.430008 3.610665 58.29429 4.6707644 1.5648323 1.950067 1.4053738 -0.006257779 -1.1612868
0 5 0.076385826 -35.05579 3.2524934 80.36495 4.3950963 1.6230614 1.9049232 1.6991036 0.0067697577 -0.025480267
0 5 0.07505017 4.194008 2.1432066 84.0979 4.808129 1.6861197 2.0240326 3.1586409 -0.021302698 -4.8794026
0 5 0.07451386 -49.01028 3.8662603 64.65297 4.541688 1.6562785 1.934308 1.3640201 0.003965853 -3.355442
0 5 0.069617614 -46.201424 3.7802958 62.568707 4.4697075 1.5965407 1.9197959 1.3390989 -0.04468728 -2.0310009
0 5 0.06842356 -50.496273 3.934163 65.307144 4.620396 1.6991252 1.9544251 1.3536143 0.0065171253 -3.25253
0 5 0.067644686 23.245728 1.4291842 71.31754 4.6049876 1.59852 1.9505069 5.177628 -0.021248976 8.402566
0 5 0.06707055 -50.919044 4.0041523 65.05561 4.631456 1.7041255 1.9590752 1.3671278 0.061808944 -2.157026
0 5 0.065894045 34.47208 1.5343165 61.786884 4.556219 1.6394938 1.9785261 3.27981 -0.054012887 0.3314386
0 5 0.065467715 3.9284134 2.173511 83.32392 4.7082877 1.6770421 1.9839803 3.094598 -0.008857153 -4.0942025
0 5 0.06520684 50.811867 0.9235808 72.93634 6.754243 2.2818754 2.30467 2.2084305 -0.029157858 -0.036123056
0 5 0.06516735 -35.777115 3.2335494 78.990685 4.3923903 1.5827465 1.9095902 1.6131542 -0.033835255 -2.215049
0 5 0.064713664 44.704174 1.0053513 52.25021 4.957259 1.7327868 2.029156 3.3526316 -0.052347854 -1.7577242
0 5 0.06454417 36.069527 1.7008762 65.45851 4.394269 1.6437026 1.8913742 3.258827 0.022883357 0.7097293
0 5 0.06407795 -47.790348 3.836942 63.890263 4.522051 1.640328 1.9364967 1.3362054 -0.0025026798 -1.8140334
0 5 0.0632529 45.52806 0.897957 53.447655 5.039183 1.7019995 2.049896 3.4567027 -0.04357913 -2.0071852
0 5 0.061391186 53.02045 1.0949768 76.10019 7.282625 2.4278023 2.3797624 1.8921248 -0.015201099 0.19824487
0 5 0.060530752 45.143867 1.3448782 64.110695 4.450387 1.548585 1.9303194 5.4759274 -0.034688253 2.096541
0 5 0.060192984 3.43811 1.8922302 75.89476 4.706456 1.7009325 2.0073082 2.7304113 -0.03691086 -3.0675106
0 5 0.05940214 -35.564957 3.2992926 80.73844 4.381134 1.6014386 1.901776 1.6543336 -0.03525674 -0.33359542
0 5 0.059034713 -45.988373 3.815445 62.796165 4.423506 1.588736 1.9047557 1.3453983 -0.057665706 -1.4003849
0 5 0.05894366 -19.794582 2.6998596 72.748085 4.6091585 1.5559262 1.9206394 6.0021496 0.07037009 -2.1176248
0 5 0.058727175 -49.70061 3.8989587 65.565346 4.5358276 1.6628894 1.9467567 1.3163846 0.033765137 -2.888655
0 5 0.057373304 -51.604908 4.083614 65.84774 4.596201 1.7042797 1.970218 1.372549 0.094146304 -1.0839076
0 5 0.056994874 46.807945 0.9119297 54.52135 4.997524 1.6603589 2.0313337 3.4277616 -0.047796026 -2.1799006
0 5 0.056707952 3.297115 2.0214038 72.94875 4.65594 1.6208018 1.9767631 2.858719 -0.050146006 -4.1107187
0 5 0.056486513 -51.033142 3.9980643 66.04354 4.584395 1.6841191 1.960752 1.3388495 0.056700163 -2.3949459
0 5 0.05634861 -23.537092 3.0739574 85.5462 4.77431 1.5933032 2.0089645 5.986312 0.16822316 -0.82171863
0 5 0.055813637 46.151333 1.4049293 53.368744 4.892802 1.800948 2.0478954 3.2673674 -0.02517969 -0.6585919
0 5 0.055763304 45.668945 1.2795331 64.094124 4.4801855 1.572574 1.9451509 5.674202 -0.024586538 1.886378
0 5 0.05573935 6.2228036 2.2195299 21.230265 4.57525 1.5621033 1.9060413 4.7062187 -0.06078046 5.0961733
0 5 0.0556786 -23.854416 3.0976532 86.6518 4.7030997 1.6233851 2.005918 6.0543256 0.17587987 -0.25692877
0 5 0.05553167 -35.356945 3.2634728 79.42083 4.3798194 1.5832154 1.9056181 1.6281465 -0.036066327 -1.2555991
0 5 0.054452598 51.556812 1.0167128 74.23769 6.7024684 2.274407 2.2982833 1.9987091 -0.033236995 0.7397428
0 5 0.05361952 52.2459 0.8079361 61.10969 4.638845 1.7663398 1.9847666 3.1385791 -0.055009946 -0.08388403
0 5 0.053300563 21.885805 1.2065033 68.26784 5.9466734 1.7400585 2.2355864 5.265215 0.1107349 5.4471645
0 5 0.05300633 -23.52228 3.0486205 86.80738 4.6223 1.5644764 1.9548737 5.9667287 0.063106194 -0.6347771
0 5 0.05245973 25.051878 1.3694552 76.07222 4.7768497 1.629042 1.9814852 5.243576 0.07299486 9.941548
0 5 0.052395836 34.789505 1.6906004 63.246597 4.609603 1.6930732 1.9650604 3.2289436 -0.046980478 0.40777752
0 5 0.0522088 -23.644995 3.1872315 87.348045 4.689096 1.5555067 1.9687017 5.952666 0.056819163 -1.6749933
0 5 0.05106369 -48.58828 3.9773335 67.07322 4.3540144 1.5706587 1.8826617 1.3201802 -0.05653254 0.057356335
0 5 0.05077531 53.2272 0.7198948 61.519913 4.6122065 1.7776214 1.9757099 3.204129 -0.06809071 -0.054048758
3 5 0.11157086 -48.05009 2.935267 69.99305 11.898662 4.297092 2.7875588 1.0127966 0.035329513 -0.14475894
3 5 0.10915119 46.69359 1.3341007 67.91585 7.5401564 2.1695051 2.330512 3.2652159 -0.024126533 -0.91203475
3 5 0.094964184 -47.78785 2.835561 71.2869 12.173859 4.250052 2.784997 0.96462387 0.042112656 -0.3289913
3 5 0.082225084 51.790188 1.0426817 74.088776 7.2185664 2.355458 2.3693953 2.2304466 0.029528888 -0.009923429
3 5 0.07868771 -52.52873 3.2620018 73.940155 11.267658 3.9164097 2.7960763 1.1415658 0.03698135 0.11725003
3 5 0.07677729 33.551308 1.6063468 58.642868 5.9848166 1.795565 2.1094573 3.2057216 -0.038902152 -1.1661688
3 5 0.06552147 -48.635857 2.979849 70.85671 11.921815 4.433502 2.6909895 1.139045 0.06545394 -0.5387245
3 5 0.063479766 -47.87426 2.9476438 71.5612 12.120133 4.386617 2.6890578 1.1040815 0.061615646 -0.8779487
3 5 0.06339314 50.581238 1.4250861 72.907234 9.165079 2.4038408 2.5204766 3.3502069 -0.015732868 -0.20527223
3 5 0.057369847 -50.406887 3.1436372 73.13074 12.217197 4.097138 2.9111407 0.95715433 0.030195886 -0.24330032
3 5 0.055684913 -49.279892 2.8416657 75.50643 12.317196 4.1917377 2.8023028 0.93635243 0.046083055 -0.44377342
3 5 0.054945964 27.556347 0.69567096 50.54307 8.398895 2.9228806 2.4389443 2.763255 -0.012295514 -1.9031045
3 5 0.05360535 -44.83985 3.4888096 61.956818 6.0714445 1.9559762 2.1391237 1.2275105 0.030032227 -0.008292238
3 5 0.053088877 -44.961815 3.5908172 59.33133 4.696583 1.5874019 1.9780871 1.4898045 0.014940323 -1.5192449
3 5 0.0525343 46.14454 1.4763542 69.809296 8.467497 2.3315964 2.504538 3.333094 -0.02827821 -0.10415761
3 5 0.051839758 23.150507 1.0130646 54.4441 12.21942 3.9292417 3.079079 1.7576032 -0.024401665 -2.816284
7 2 0.3802991 -6.820199 1.8978014 44.40285 0.8215738 1.7845849 0.71694803 6.438041 0.15290658 0.09074457
7 2 0.15920234 -6.774641 1.8988483 44.07045 0.83755535 1.7727394 0.7362745 6.357665 0.10807138 0.05300778
7 2 0.14949755 -6.879388 1.9138716 44.822853 0.884505 1.8100283 0.7061476 6.270479 0.13126053 -0.0061268006
7 2 0.136961 -6.7211003 1.8795935 43.910526 0.7977717 1.8097343 0.71678454 6.432391 0.03298983 -0.12727007
7 2 0.09438008 -6.760554 1.9034345 44.18826 0.83341044 1.7929244 0.7382574 6.4303255 0.027809994 -0.11147301
7 2 0.08135837 -6.6819143 1.8635929 43.621853 0.83959675 1.8014015 0.7114177 6.303162 0.010000056 -0.049205903
7 2 0.053822156 -6.1280584 1.820086 40.120174 0.9109143 1.8353788 0.7637071 6.2655783 0.03589046 0.017051429
7 2 0.05161475 -6.2398586 1.7752637 40.969513 0.91372097 1.8172808 0.7905442 6.1475706 0.04828126 -0.045124296
7 2 0.050942723 -7.032741 1.9138759 44.75421 0.85055166 1.7888885 0.6946479 6.393475 0.0979496 -0.00038096122
