0 5 0.36558574 6.7765822 2.309481 31.452806 4.7597065 1.5435284 1.9349471 4.802724 -0.025257278 6.6924014
0 5 0.1936694 49.66964 1.2010813 60.95181 4.858308 1.7430805 2.0438123 3.2488756 -0.01744993 -2.6860187
0 5 0.18303816 48.683422 1.1583393 59.77851 4.8420224 1.7846376 2.033322 3.2579808 -0.03541282 -2.845788
0 5 0.14238389 51.066193 1.2288738 62.708668 4.8701367 1.7684832 2.0472457 3.204306 -0.058044203 -4.34228
0 5 0.14097147 49.985023 1.090389 61.49824 4.808684 1.7951204 2.013495 2.8646739 -0.07545549 -3.8027406
0 5 0.13281487 49.974052 1.1511441 61.415188 4.850053 1.8043734 2.0324607 3.2247143 -0.07172144 -5.1887107
0 5 0.12900172 6.0391097 2.1288214 28.360413 4.6608543 1.5482652 1.8868057 4.72317 -0.069335185 4.9323645
0 5 0.120714664 6.506675 2.2663841 30.235863 4.7118783 1.5360211 1.9197347 4.7897854 -0.1449955 6.719375
0 5 0.11704774 6.6511145 2.2778602 30.900093 4.7340217 1.5287683 1.9085612 4.7938566 -0.14196475 8.10877
0 5 0.11243663 6.2411585 2.1954827 29.277397 4.650711 1.5374814 1.8690503 4.732889 -0.072608344 5.8641086
0 6 0.11118137 -32.48201 2.876315 40.772285 4.387974 1.5606803 1.8989017 1.7243301 -0.037584417 0.00552338
0 6 0.11096179 -31.396465 2.8417144 39.399307 4.433682 1.5529535 1.9148093 1.7968919 -0.053965665 -0.047672763
0 5 0.10772703 50.734325 1.102889 62.805656 4.7440476 1.790032 2.0066202 2.8859665 -0.06588228 -4.1832905
0 5 0.10039627 49.7194 1.0422238 61.207294 4.783969 1.7646259 2.019474 2.8478992 -0.030304642 -2.210055
0 5 0.10003595 -25.530748 2.7355642 82.04466 4.751083 1.767544 2.0045505 5.2945733 0.02426214 -0.011343429
0 6 0.09657377 -32.26265 2.8683102 40.42866 4.385011 1.5608783 1.9010459 1.7240341 -0.032593552 -0.00082993694
0 5 0.09407697 47.428215 1.1078951 58.40138 4.7981277 1.7393194 2.0054774 3.1897311 -0.06907482 -4.552198
0 5 0.09094052 51.052162 1.0574334 63.288467 4.707768 1.7597502 2.0072062 2.8529313 -0.02462904 -2.9334464
0 5 0.09045865 28.97877 1.5748327 72.56809 4.582905 1.6268479 1.9439567 5.7775717 0.03330802 7.0265594
0 5 0.08506277 -25.17302 2.722373 80.496956 4.747909 1.7708545 2.0005825 5.2723284 -0.029822396 -0.9296817
0 6 0.08416785 -31.219156 2.8202364 39.278297 4.402763 1.5489634 1.9105811 1.79158 -0.04957106 -0.03137402
0 5 0.08202616 30.965685 1.8531871 75.77207 4.517401 1.6416618 1.9586605 6.0434594 0.0071140137 6.250186
0 6 0.081488006 -33.324936 2.9076715 40.949104 4.382873 1.5617039 1.8987812 1.6152145 -0.06715837 -0.0104118725
0 5 0.07549376 12.302653 1.9829612 78.44114 4.697865 1.5383612 1.9671926 3.1068604 -0.01850884 -1.1021737
0 5 0.075083956 29.260841 1.8172395 75.89382 4.5164537 1.626849 1.9512204 6.035886 0.11687847 5.2525396
0 5 0.07324931 28.728563 1.6157436 72.16867 4.594119 1.6127936 1.9443177 5.7725706 -0.016414829 7.153505
0 5 0.073073864 50.666893 1.0238131 61.89761 4.728139 1.7641995 1.9912002 2.9012504 -0.06304477 -3.2013319
0 6 0.06913926 -33.170788 2.8952413 40.77567 4.3915734 1.5677423 1.8939894 1.6372578 -0.03212437 -0.016755216
0 5 0.06632766 12.433631 1.9697145 79.30476 4.738498 1.5170345 1.9649214 3.1037357 0.014698198 -1.3432899
0 5 0.060902122 30.706877 1.8408201 76.53678 4.4632487 1.6200317 1.9231129 6.017067 0.08459141 7.1004634
0 5 0.05904337 -27.837769 2.613863 76.413086 4.6678147 1.6893252 1.9948322 4.614574 -0.024943218 5.1871824
0 5 0.05889074 52.121162 1.1296763 65.21242 4.645637 1.774157 1.9898126 2.9318748 -0.08148876 -3.7299645
0 5 0.05785679 12.494626 1.9549413 78.805626 4.651927 1.5423479 1.940559 3.1051936 -0.029452302 -1.1545497
0 5 0.057850897 49.49123 1.1854489 60.146984 4.840566 1.7557986 2.030679 3.264414 -0.08947597 -4.0566573
0 5 0.057702407 6.903508 2.264973 32.975777 4.748159 1.523188 1.9168601 4.6547832 -0.098212644 3.8270068
0 5 0.054740753 49.907135 0.99130106 60.914852 4.7842345 1.7781508 2.0187383 2.8651042 -0.022168018 -1.8235106
0 5 0.054114234 48.45531 1.0487725 58.840702 4.8626976 1.7912788 2.0351853 3.2518313 -0.10127426 -5.8528385
0 5 0.05114584 50.660778 1.4016278 62.216957 4.8204784 1.7746222 2.0498443 3.2203963 -0.014280138 -2.6934233
0 5 0.050609812 30.846188 1.8457037 75.29631 4.5056877 1.6330438 1.9453928 5.988025 0.07272326 6.2401686
0 6 0.050266277 -41.630524 3.063735 67.66129 4.456927 1.6712654 1.9377577 4.996344 0.022010123 -0.055618104
3 6 0.102872886 -46.398464 3.1642728 95.73208 11.630782 3.5820005 2.903384 1.5649706 0.038915843 -0.04819554
3 6 0.09924131 -47.1514 3.1770277 96.5317 11.653076 3.5656352 2.8809924 1.4734296 0.023423554 -0.053532265
3 6 0.0757944 -44.240604 3.1397529 94.14647 11.876651 3.5298104 2.9197428 1.6135856 0.0694282 -0.02654388
3 5 0.0682738 3.071812 1.7945427 140.3671 11.865025 3.051971 3.090508 1.4930313 -0.029112102 -0.8317452
3 7 0.066623434 -47.940887 3.2494817 96.48278 11.543769 3.5639813 2.8295348 1.3412744 -0.013565827 -0.061633334
3 7 0.060815085 -46.87656 3.034531 96.15806 11.675847 3.6240392 2.842971 1.4753475 -0.010285087 -0.08192983
7 2 0.19420156 -6.744673 2.124311 56.95381 0.7405025 1.7937055 0.6540559 4.6490254 0.071219236 0.47328353
7 2 0.1215603 -6.813492 2.1330798 56.860493 0.757607 1.7637486 0.6692816 4.6704645 0.01888463 0.34974176
7 2 0.1166961 -6.8940315 2.1220315 57.796333 0.7272663 1.7873341 0.6673615 4.699906 0.07398902 0.32868826
7 2 0.11350098 -6.620962 2.0947797 56.17241 0.7384651 1.8105236 0.6496207 4.632753 0.086294726 0.04457534
7 2 0.10789363 -6.7501135 2.1380653 57.50354 0.7344511 1.7615199 0.661804 4.6169915 0.009352896 0.3052139
7 2 0.103493996 14.990031 1.7608678 48.21323 0.70653665 1.7080477 0.60764945 4.764254 0.03397716 0.3961341
7 2 0.08691426 -6.97019 2.134275 57.94985 0.7060675 1.7703228 0.649044 4.7333226 0.09309617 0.31132728
7 2 0.076491304 -6.607172 2.1029825 56.857704 0.7485466 1.7777548 0.65628725 4.632971 0.0038634446 -0.3815378
7 2 0.06344468 15.315146 1.8289732 49.207233 0.71648663 1.7146142 0.5985916 4.761437 -0.0044124266 0.25725847
7 2 0.05751191 -6.874819 2.1380475 57.47484 0.79120475 1.7564032 0.6785102 4.6413713 -0.03769307 0.2829332
7 2 0.052682508 14.874323 1.7620628 47.752693 0.71072006 1.6887283 0.61756945 4.7440977 0.03114128 0.42695585
