0 6 0.27995077 -25.694496 2.3297963 37.062817 4.3365016 1.5488231 1.8546532 1.7227994 -0.049289964 0.01131982
0 5 0.21368535 -21.371666 1.9013737 43.124775 4.3890953 1.6190016 1.8810719 4.937772 0.048111558 0.01976218
0 6 0.19535367 -27.078075 2.5161982 39.074863 4.2854486 1.5576609 1.8555092 1.6219746 -0.04308121 -0.012045014
0 5 0.19120006 -21.220934 1.8726496 42.844566 4.412781 1.6306136 1.893069 4.9231334 0.013981769 0.008524463
0 6 0.18270655 -25.840935 2.3310885 37.249565 4.3241158 1.5366799 1.8531607 1.7348802 -0.055213936 0.0016487446
0 6 0.17158543 -25.40118 2.2813919 36.687622 4.310384 1.5389897 1.8468556 1.7046701 -0.035422854 -0.004358193
0 5 0.16064556 -21.480087 1.9188671 43.432587 4.395859 1.6167922 1.8846214 4.9225473 0.06510267 -0.032856297
0 5 0.14174154 17.378826 0.97916853 102.12512 4.491119 1.6588615 1.9150472 4.923336 0.011757625 12.442488
0 6 0.12054252 -27.219145 2.48478 39.28389 4.2995467 1.5591701 1.8486983 1.6239569 -0.021235997 -0.009376096
0 5 0.118386514 -19.621784 1.8856702 65.04407 4.632455 1.7443038 1.9655714 5.76961 0.13044553 0.10662017
0 6 0.11433287 -25.214155 2.272545 36.3636 4.3386707 1.5310578 1.8483899 1.7053355 -0.02549904 0.0020181201
0 5 0.10864684 16.845106 0.9101838 96.446075 4.489748 1.693334 1.9176029 4.9943633 0.051480412 11.878658
0 5 0.09762064 17.933687 1.0257561 107.47287 4.5399966 1.6449702 1.9280677 4.8710976 -0.00566882 12.624966
0 6 0.096032 -26.365957 2.4442697 38.208347 4.331152 1.5513844 1.8464657 1.6410465 -0.094898485 -0.02585463
0 5 0.0943788 16.63446 0.81635165 88.8899 4.5005474 1.718892 1.8968109 5.2246823 0.07113471 9.558677
0 5 0.09065811 17.361456 0.9506788 103.00028 4.5150375 1.6515124 1.9205709 4.9404645 0.020631587 10.787571
0 6 0.0777583 -27.411177 2.5569854 39.832657 4.4299226 1.5770524 1.8875657 1.6268148 -0.057166733 -0.0069130417
0 5 0.07511045 16.453669 0.76573086 85.51737 4.5543303 1.7163205 1.9121671 5.296756 0.07048783 8.254519
0 5 0.07445854 17.96907 0.99369633 107.9037 4.542879 1.6490711 1.926219 4.921513 0.009512423 10.985794
0 5 0.06873443 16.92455 0.88418496 97.6152 4.5085874 1.6672603 1.9186438 4.9731474 0.02546624 10.867793
0 5 0.065934755 -19.281733 1.9208177 64.325966 4.6078753 1.7336676 1.916041 5.776115 0.12980099 0.14145854
0 5 0.062766775 17.232742 0.9250481 100.396324 4.52903 1.6697752 1.909537 4.9135346 0.043058164 11.418686
0 5 0.061211605 16.561316 0.8070587 88.01868 4.520097 1.6799438 1.9086213 5.1828704 0.05485478 7.573955
0 5 0.060040884 -19.699432 1.9098759 65.43848 4.6757617 1.7419528 1.9609463 5.754535 0.13210322 0.16466177
0 5 0.0589517 16.782745 0.86620605 95.53982 4.5619555 1.7051438 1.9005535 5.01347 0.08959014 11.018534
0 5 0.055801712 -19.753777 1.9065936 65.76982 4.601594 1.7424412 1.9558195 5.7151675 0.09654871 0.06528602
0 5 0.054433197 -24.288683 2.0107582 47.3791 4.4254417 1.5873972 1.920732 4.946473 -0.004235332 0.0061989166
0 5 0.053131875 17.00381 0.78143656 91.47739 4.5652466 1.7489107 1.885271 5.2005415 0.0731475 10.190663
0 6 0.051950872 -26.717834 2.5181346 38.82636 4.466006 1.5345595 1.8603147 1.6497782 -0.06642272 -0.0038756207
0 5 0.050787434 -24.4786 2.0200558 47.303783 4.4414525 1.5833641 1.9242346 4.9195633 0.021474214 0.032929268
0 5 0.050695233 -24.176296 2.086455 48.54245 4.3970957 1.5848143 1.8944844 4.922308 -0.0053101256 0.030520495
7 3 0.14157093 -7.7256517 1.6813693 33.15665 0.5686332 1.7393153 0.5581462 1.4846917 -0.1391995 -0.19676027
7 3 0.13071726 -7.644048 1.6916652 32.771255 0.56719166 1.7426715 0.5497783 1.5240706 -0.14073801 -0.5883558
7 3 0.09499703 -7.892179 1.7028823 33.853077 0.5711553 1.7279197 0.5535916 1.4341187 -0.14024512 -0.1066964
7 3 0.091263324 -7.819262 1.6967137 33.553524 0.56607807 1.7464383 0.5416721 1.4720405 -0.10675448 -0.39415994
7 3 0.08096489 -14.522782 1.9393744 32.947826 0.49997088 1.5946413 0.51841897 4.8212223 -0.014906782 0.052359946
7 3 0.07766988 -14.469457 1.9202023 33.355133 0.48678565 1.587802 0.513943 4.827969 -0.004360118 0.09421016
7 2 0.07255235 -7.775917 1.4453697 49.388023 0.5867655 1.7315707 0.6081614 4.8009543 0.028894087 0.45323023
7 3 0.070542134 -14.589132 1.8922896 34.720024 0.4592516 1.6106304 0.5061251 4.848068 -0.012298322 0.096248716
7 3 0.06291353 -7.7262306 1.6484196 33.274925 0.5806921 1.7350264 0.56689745 1.5944086 -0.104968995 -0.19909987
7 2 0.06162582 -6.876496 1.543353 46.42122 0.5635811 1.7191452 0.58986753 4.752081 -0.057529606 0.23948127
7 3 0.060338866 -7.5975714 1.6538088 32.96963 0.5536893 1.7400751 0.5406433 1.4494638 -0.12946646 -0.29543224
7 3 0.057897836 -14.466616 1.9399157 32.483063 0.4751254 1.6172924 0.5067262 4.8461757 -0.03960888 -0.010883485
7 2 0.056623764 -6.5669894 1.4756848 45.165054 0.5703015 1.678934 0.56804806 4.6938562 -0.071458735 0.2755117
7 2 0.055410083 -7.149899 1.5554333 30.598694 0.56039673 1.7922467 0.55673987 1.9898689 -0.117044345 -0.65670794
7 3 0.053096525 -14.254525 1.9265163 32.311543 0.49040827 1.6308497 0.5155647 4.8048754 -0.022339677 0.09346106
7 3 0.051060233 -7.5525837 1.6583123 32.515705 0.5729464 1.7321535 0.56900823 1.657148 -0.15015905 -0.15162018
