0 5 0.26665848 -9.580709 2.052749 65.08658 4.6344895 1.5092679 1.9115237 1.6081097 -0.12484063 -0.28096887
0 5 0.2251848 12.231416 1.8961535 74.99149 4.352951 1.6332157 1.9005084 4.9325805 -0.01964216 9.740715
0 5 0.18687893 12.1535845 1.8550766 74.54023 4.373844 1.6467202 1.8879257 4.9251795 -0.06027005 8.617035
0 5 0.102819294 -9.7614765 2.0874648 65.99324 4.6423635 1.49647 1.9115413 1.6082482 -0.18172273 0.5878377
0 5 0.100602776 -9.630618 2.0317442 65.49763 4.6368113 1.5028988 1.9180585 1.6237471 -0.10852171 1.5252469
0 5 0.08396512 -4.8033886 1.0134419 108.70837 4.929859 1.8896122 1.9873149 4.6903296 -0.009771194 5.641053
0 5 0.08203115 29.770775 0.8047836 63.016037 4.66748 1.6820676 1.9705012 2.7748394 -0.071673654 4.038081
0 5 0.077958256 -5.0086584 1.0036418 107.622406 4.9239135 1.8667816 1.956948 4.6065817 -0.048633203 6.7966657
0 5 0.07746631 29.76117 1.044407 63.270123 4.641984 1.6615326 1.9518499 2.681476 -0.06835652 3.6313636
0 5 0.075544536 30.598148 0.81324154 63.02577 4.675614 1.6987957 1.9864378 5.823994 -0.020053519 3.927218
0 5 0.072109446 11.900861 1.8625747 73.03696 4.357935 1.5962319 1.8668493 4.923632 -0.046410058 11.695949
0 6 0.069840245 49.761967 -0.104418874 62.636707 4.544073 1.6418117 1.8896612 6.676216 -0.0013739895 0.017951611
0 6 0.06608287 50.140244 -0.06748605 64.491196 4.5390415 1.6361986 1.8882508 6.66191 0.012826059 0.0056878086
0 5 0.06574932 30.533825 0.9775766 63.489563 4.6685376 1.6998031 1.9675468 5.758946 -0.021415442 4.066568
0 6 0.06509214 50.402176 -0.16101694 63.456783 4.5628047 1.6603456 1.898525 6.6709356 -0.011528401 0.012688439
0 6 0.056803823 52.27933 -0.034740627 66.61341 4.4960995 1.633367 1.8899821 6.620026 -0.0021654451 0.0012159105
0 6 0.055854116 50.781 -0.08115238 65.35777 4.5300865 1.6440213 1.8939927 6.5956225 -0.017758822 -0.00021296553
0 5 0.05563491 -10.636114 2.1840348 69.755585 4.504249 1.5085651 1.8709258 1.5247779 -0.02319904 -1.4641005
0 5 0.05153964 28.705397 1.1552368 63.27773 4.608159 1.6045339 1.9390929 2.8214517 -0.067590035 2.3599122
0 6 0.05134228 50.025024 -0.37710512 57.140938 4.4707117 1.6511793 1.9290104 6.727658 -0.065883055 0.008036476
0 6 0.051313683 49.675938 -0.15861791 60.99667 4.5235615 1.6434065 1.890514 6.67904 -0.0008396059 0.023841888
0 5 0.051292423 -4.2004466 1.0557749 110.20224 5.0630817 1.9089928 2.0180724 4.8441467 0.01699047 3.9922671
0 6 0.05031005 50.11122 -0.24619478 61.5691 4.5482574 1.661745 1.8978276 6.700411 -0.015040346 0.023729797
0 5 0.05004936 -20.81131 2.3209953 77.92997 5.010888 1.7697046 2.0229816 1.597004 0.031119267 -4.3689213
6 0 0.09900326 15.499181 0.7716614 63.768852 0.5589483 1.7496076 0.5618814 5.079195 0.10147746 0.56438106
6 0 0.079955846 15.416733 0.7484218 62.852993 0.5398721 1.7689772 0.57046247 5.046236 0.13081951 0.5404905
6 0 0.068130635 15.6797 0.8088374 66.57896 0.6348922 1.7149532 0.55826646 5.157325 0.08737511 0.41990077
6 0 0.052109506 15.306122 0.79636645 62.97845 0.5563978 1.7488064 0.57380706 5.11972 0.09356361 0.54399985
7 0 0.06319628 15.416733 0.7484218 62.852993 0.5398721 1.7689772 0.57046247 5.046236 0.13081951 0.5404905
