0 5 0.11901562 15.885806 1.4292419 98.60022 4.400085 1.5864381 1.9087726 4.9211836 0.016576117 6.366616
0 5 0.09751401 21.818087 0.52133834 54.048435 4.0722857 1.6162183 1.784612 5.236949 0.07401234 2.3772051
0 5 0.0885685 3.244669 2.8226624 9.668591 4.347419 1.4938837 1.8385082 6.85838 0.06790522 -0.0037180744
0 5 0.08208344 3.086457 2.6375692 8.789659 4.3205833 1.4845558 1.8108289 6.929056 0.09187373 0.010334153
0 5 0.07743874 22.518847 0.6159023 55.78861 4.067693 1.6351368 1.797679 5.385917 0.07594241 2.5193105
0 5 0.07591005 3.027878 2.750619 9.447095 4.366129 1.4798689 1.828807 6.937474 0.02809695 -0.030349992
0 5 0.07413699 15.359413 1.5018506 96.898415 4.402868 1.5690958 1.8869628 4.8843946 0.05926638 7.330576
0 5 0.07375545 15.680833 1.3671765 98.088745 4.3627443 1.5703001 1.8790978 4.907809 0.0637798 7.4483976
0 5 0.07287978 0.82299966 2.6186173 27.173449 4.6422434 1.5308629 1.9478863 2.1143517 0.025709799 1.8797305
0 5 0.07259212 1.7832118 2.6783664 27.424765 4.590147 1.5213573 1.9335469 2.109881 0.02406201 2.1226366
0 5 0.0669602 1.1775832 2.541685 27.436947 4.5293236 1.529632 1.9264591 2.179643 0.025116658 0.74808306
0 6 0.062414933 22.221397 0.47222933 55.09505 4.120194 1.6376164 1.8028324 5.344449 0.05514691 3.1681013
0 5 0.0554987 1.8156121 2.3250024 98.458664 4.6107745 1.6956533 1.950204 4.7853923 0.014051741 11.924988
0 5 0.05331888 22.720018 0.57461536 56.258533 4.1464067 1.6430653 1.8213075 5.4210563 0.046994664 2.8123388
0 5 0.05279115 21.892452 0.5139421 54.523857 4.025867 1.6097499 1.7776867 5.10513 0.047854804 0.6935538
0 5 0.05250168 1.9805818 2.3099456 97.922615 4.631981 1.6821151 1.9832528 4.7530804 0.023308104 11.682639
0 5 0.051921364 16.39419 1.3994958 101.48976 4.4090595 1.5665768 1.9074514 4.900372 -0.04952404 7.5064535
0 5 0.0515736 1.079687 2.277416 101.03992 4.6049247 1.7129829 1.9446694 4.759251 0.017698253 9.905146
0 6 0.050516646 0.63282096 2.2437274 7.7947917 4.846236 1.560922 2.0033433 6.5876985 -0.0018547857 0.01869157
