0 5 0.24675494 11.835201 2.0203168 75.05724 4.447803 1.5833601 1.9170693 4.8797493 0.03144724 9.445895
0 5 0.23191711 -11.839868 2.459209 64.52011 4.433369 1.4948702 1.9025517 5.113454 0.031016959 2.87659
0 5 0.21013212 -11.824578 2.4568408 64.19071 4.470527 1.5048602 1.8984808 5.0428014 0.01833496 2.8290207
0 5 0.14672606 11.787015 2.0088253 74.40007 4.426712 1.5683606 1.8961622 4.870554 -0.082215205 14.391113
0 5 0.11250475 -12.108015 2.518119 65.36126 4.4408674 1.4782354 1.9039267 5.101057 -0.03196401 4.2696476
0 5 0.104026526 11.59551 2.0192056 73.80056 4.396338 1.5893364 1.8731717 4.8833294 -0.035319053 11.353508
0 6 0.0841536 49.923676 -0.35407615 62.768772 4.437435 1.645375 1.9154228 6.477843 -0.0049678953 0.0069463328
0 6 0.07860765 51.6592 -0.33251935 64.09467 4.428861 1.6222097 1.9135958 6.482662 -0.033565745 0.0081986375
0 6 0.077670865 49.590748 -0.29500574 62.37502 4.414165 1.6250728 1.8938758 6.4068503 -0.0030225776 0.0021968521
0 6 0.07282493 51.024384 -0.27882487 63.422817 4.422419 1.6218861 1.8975329 6.32634 -0.017639805 0.0016143117
0 6 0.06588166 50.05723 -0.3639701 61.786823 4.4476304 1.6698433 1.907308 6.4910393 -0.011781498 0.0142041445
0 5 0.065382734 -13.307692 2.5003963 70.55456 4.511462 1.4786185 1.8983732 5.384589 0.035151787 1.9444534
0 5 0.063023716 -13.417346 2.513188 71.06948 4.4598026 1.5173073 1.9069537 5.3233147 0.016472517 1.6776227
0 5 0.060559265 -13.246053 2.5842495 72.268394 4.4253464 1.4780861 1.8953254 5.2757783 -0.0035116402 1.4962031
0 5 0.059298817 -13.431223 2.5829575 69.42353 4.4612217 1.4931551 1.8967797 5.0721493 -0.019058654 4.5314865
0 6 0.058653034 49.52248 -0.30056602 61.16552 4.403183 1.6459335 1.8910741 6.485168 -0.0022085477 0.006465791
0 5 0.05861477 -13.212239 2.5713997 72.554016 4.3945923 1.4998726 1.8819214 5.226821 -0.04134138 2.1497302
0 5 0.053311944 -13.19523 2.5785565 68.50151 4.4960294 1.489572 1.8910793 5.0297756 -0.065263584 4.5788584
7 3 0.07218677 42.998146 0.23976725 48.7789 0.5750433 1.6936187 0.5570787 6.2203875 -0.023599423 0.015722156
7 3 0.067896485 43.29324 0.19455612 49.511017 0.5177276 1.666919 0.5444795 6.2652464 -0.09465205 -0.0059943143
7 3 0.058612112 43.01611 0.10144985 49.199284 0.52182597 1.6755984 0.53627294 3.091421 -0.09954746 -0.023779323
7 3 0.050105184 43.166664 0.1457172 48.940624 0.59809077 1.7039042 0.5700367 6.223256 -0.039805703 0.0025874767
7 3 0.050085194 42.962154 0.16461271 49.718746 0.518326 1.6721065 0.53923 3.0478985 -0.11270636 -0.0014286041
8 8 0.067596614 12.376959 1.4287908 24.1063 0.37917793 0.92862105 0.41551778 4.733025 -0.06379661 0.10113044
8 8 0.054956976 12.181037 1.425457 23.673939 0.3902889 0.9574884 0.41069922 4.7441554 -0.08719335 0.11519126
