0 5 0.13116428 14.708419 2.2722998 98.55364 4.42882 1.6211516 1.9274973 1.7579572 0.0055815075 1.8063987
0 5 0.12831923 -31.012352 2.641808 59.199158 4.876617 1.8803618 2.0238492 6.2333 0.118865155 0.09062258
0 7 0.121730685 -34.680244 2.7501512 46.36158 4.227052 1.5346535 1.8002881 6.160243 0.14099026 0.15832105
0 5 0.109100804 -31.24598 2.607067 59.52749 4.9517913 1.8987565 2.0525212 6.230399 0.14222255 0.20034495
0 7 0.083584026 -34.30552 2.7154536 45.58116 4.293707 1.5421182 1.8177832 6.1169577 0.1309514 0.15754816
0 5 0.08333966 10.374501 2.5005608 90.976006 4.4170675 1.5370678 1.9250618 1.675553 0.092085615 2.5361543
0 5 0.07790533 -30.854841 2.6301856 59.024906 4.853556 1.88682 2.0180671 6.2201552 0.087581635 -0.014140051
0 7 0.070645474 -34.71904 2.7603087 46.768753 4.179621 1.5289851 1.7916329 6.203454 0.11686695 0.09872177
0 5 0.06390247 10.233703 2.4377656 89.593185 4.437921 1.5425562 1.918565 1.696904 0.11504575 1.31002
0 5 0.06314307 14.864801 2.2917373 100.550354 4.4728208 1.6358204 1.9378207 1.7232984 -0.024044584 -0.16965508
0 5 0.06251116 10.736538 2.6305008 93.6983 4.3714895 1.5481386 1.8968011 1.7054886 -0.012972202 3.65705
0 5 0.057986412 10.231058 2.509483 90.34786 4.3847256 1.5398597 1.922804 1.7164063 0.049327366 4.962853
0 7 0.05675567 -34.46708 2.6889305 45.81635 4.213492 1.5300728 1.8035549 6.103411 0.1013518 0.09364163
7 2 0.066518836 -6.763996 1.7982295 9.407641 0.5210064 1.6345322 0.5558976 0.46885204 0.06752066 0.107974015
7 2 0.059160795 -7.1692357 1.827301 10.031268 0.5120829 1.5698043 0.54724246 4.1269603 0.034714416 0.075291134
7 2 0.058239125 -10.2878895 2.2037075 14.365942 0.5466164 1.7093105 0.5449085 6.0675426 0.07436158 0.10804952
7 2 0.053140473 -5.843327 1.712655 8.156924 0.48502523 1.7117318 0.521713 0.89770764 -0.027465355 0.06627556
