0 6 0.20952092 -26.543348 2.3986506 47.900894 4.889719 1.5772038 1.899167 1.6591728 0.010464596 -0.013538806
0 6 0.20920262 -22.42175 2.154309 32.123604 4.4519806 1.6613685 1.8732376 1.6385875 -0.02044722 0.02634048
0 6 0.16953492 -24.234186 2.191568 34.969833 4.5516186 1.663365 1.8960996 1.5854225 -0.052054875 -0.024447141
0 5 0.16310115 -21.861095 1.9978509 50.957397 4.3637114 1.6750957 1.841605 4.8311653 -0.13103178 1.6002555
0 6 0.15736121 -25.955091 2.4131033 46.9361 4.6321 1.5389155 1.9195181 4.831604 -0.031568855 0.00025056675
0 5 0.1506461 -22.318329 2.021822 51.18079 4.5115495 1.6238751 1.9197521 1.653664 0.043957666 -1.1716686
0 6 0.14464419 -24.64873 2.1758578 34.995712 4.678502 1.6381682 1.9563137 1.609816 -0.045538746 -0.010846261
0 6 0.114846565 -24.057323 2.1551375 34.67724 4.555414 1.6807085 1.8848861 1.5870526 -0.03477207 -0.016338965
0 5 0.11302643 -22.717632 2.0615306 52.195053 4.4632344 1.6230016 1.8941921 1.6449524 -0.028734952 -1.9581462
0 5 0.1093471 -19.419512 1.9149227 67.59747 4.4994345 1.5867493 1.8974137 5.662311 0.1418949 -0.057299986
0 6 0.10720787 -31.237848 2.743959 57.143906 8.469271 2.361175 2.2835054 1.5705287 0.038749397 -0.12557629
0 6 0.10492183 -22.126923 2.1281695 31.706425 4.4567103 1.6361271 1.8617921 1.6306112 -0.02074844 0.03961417
0 5 0.104609355 -22.069231 2.0220075 50.956123 4.4371934 1.6443744 1.893167 1.631103 0.046253063 -1.3706026
0 5 0.10321471 19.404501 1.0304314 107.08762 4.5593166 1.6936464 1.9292179 4.986486 0.046867415 10.7723465
0 6 0.09806005 -23.461473 2.1846116 34.303677 4.4782624 1.6788086 1.8638928 1.6669221 -0.049473986 -0.006816048
0 6 0.097129785 -22.730536 2.1478212 32.120583 4.425004 1.6670544 1.8788804 1.6354735 -0.02210703 0.011013005
0 6 0.096365966 -25.624563 2.3706057 46.266617 4.6462584 1.5222195 1.9028437 4.8259344 0.0034238808 0.010181673
0 5 0.093292825 -21.611568 1.9565585 50.31121 4.3819613 1.6446668 1.8230671 4.78728 -0.06356258 2.6937833
0 6 0.09312784 -26.377605 2.378778 47.679474 4.93699 1.5462911 1.8711196 1.627224 -0.047320142 -0.046432413
0 5 0.088662654 -22.545187 2.0459518 51.789734 4.4965405 1.6211345 1.895928 1.6398939 -0.0013532322 -1.7773021
0 6 0.08837574 -25.855322 2.3576384 46.663967 4.5969863 1.4802492 1.8987132 4.839881 0.0019943006 0.009855673
0 6 0.08328441 -23.86923 2.0817504 34.428455 4.5606666 1.66885 1.8730398 1.5992644 -0.11665306 -0.04647797
0 6 0.07229275 -25.555677 2.1714559 29.893917 4.336075 1.5215955 1.8121862 4.7822795 -0.083322674 -0.010163652
0 5 0.07168056 -18.536715 1.9540372 66.639656 4.5230594 1.5799905 1.9043709 5.666153 0.087822154 -0.0211605
0 6 0.06985839 -25.04395 2.196958 29.316273 4.367543 1.4974073 1.8184184 4.7877007 -0.039163362 0.015048891
0 5 0.06885434 19.82612 1.0903164 110.546814 4.581886 1.6774338 1.9234842 4.925716 0.034256533 10.310651
0 5 0.06799796 -21.948803 1.9796586 50.60373 4.4293575 1.6352501 1.9051104 1.6030422 0.08235011 -1.1954986
0 6 0.06741345 -25.006516 2.1884146 30.002691 4.405807 1.5432906 1.868716 4.8487377 -0.049006417 -0.018898856
0 5 0.06577205 19.15683 0.9324478 104.62489 4.571629 1.7097977 1.9556971 5.046706 0.061664462 8.854447
0 5 0.06568198 -18.745062 1.8922787 67.73224 4.43774 1.5848825 1.8848189 5.7380133 0.096353345 -0.64356714
0 5 0.065372944 -22.072239 1.9634852 51.84853 4.3268657 1.6477938 1.83546 4.797432 -0.11266663 2.0690224
0 6 0.05991103 -27.653515 2.378485 50.233994 5.1859636 1.5849724 1.8931501 1.5716906 0.032693535 -0.042153683
0 5 0.058949787 -23.390783 2.0572693 52.551388 4.343569 1.6614863 1.8314488 4.8882008 -0.09157511 2.1120517
0 5 0.058736507 -19.57445 1.883443 67.82778 4.500097 1.5792625 1.8805014 5.590051 0.122217305 0.11644133
0 5 0.058647994 17.771603 0.9244935 77.22536 4.7492547 1.7481757 1.9724289 4.8585043 0.03148783 8.656192
0 5 0.058596462 -22.446539 2.0389345 51.57078 4.4592423 1.7298837 1.8788023 1.7262303 -0.05599398 0.19313121
0 6 0.058210414 -24.513172 2.183407 29.38444 4.4255333 1.5380437 1.8790809 4.8331 -0.0044413684 0.031339973
0 6 0.056086406 -24.361092 2.1269405 34.629963 4.6171007 1.6529522 1.9300871 1.5964704 -0.05539912 -0.03844557
0 5 0.055524975 -19.204323 1.9073536 68.37352 4.483862 1.5873263 1.9062883 5.648295 0.10474774 0.05723822
0 7 0.05507663 -41.951675 2.254707 78.739815 11.594693 3.5172727 2.6637657 1.5280131 0.0442343 -0.12523477
0 5 0.054761562 12.019199 1.0263016 132.17108 5.1872587 1.6821682 1.9982288 1.6638138 0.115317695 -0.4458819
0 5 0.054738145 -21.21106 1.7246801 68.84777 4.365012 1.6265736 1.8830409 5.9738674 0.048895754 -0.7165362
0 5 0.052310124 19.200659 1.1374686 114.68048 4.6526175 1.708698 1.9095172 4.8666725 0.040194243 9.313016
0 5 0.05143514 19.040573 0.9195338 103.92883 4.5888953 1.6817026 1.9503258 5.0147257 0.075552665 7.9899197
0 6 0.0503277 -22.849607 2.1445942 32.408985 4.4513264 1.6380115 1.8675498 1.6303728 -0.08646337 -0.027639957
3 7 0.108958304 -41.951675 2.254707 78.739815 11.594693 3.5172727 2.6637657 1.5280131 0.0442343 -0.12523477
3 7 0.10038189 -41.807343 2.5221703 79.41571 11.255715 3.5742545 2.7276886 1.4200525 0.06298927 -0.039937794
3 7 0.08482086 -41.611897 2.6109467 78.59918 11.37083 3.606772 2.6950634 1.3507445 0.060168445 -0.073893644
3 7 0.079522215 -41.570145 2.0914342 79.85187 11.412694 3.6185417 2.7717695 1.4120826 0.0031831805 -0.6620317
3 5 0.07507721 -46.11389 1.4678397 84.82007 11.512392 3.45771 2.8381217 1.0654693 -0.011318402 -0.7498122
3 7 0.06934106 -35.31724 2.7123678 64.39532 9.088555 2.7939234 2.4121332 4.6836143 0.07506636 0.092146516
3 6 0.068135954 -31.237848 2.743959 57.143906 8.469271 2.361175 2.2835054 1.5705287 0.038749397 -0.12557629
3 5 0.06448202 -44.356422 1.5164365 82.94882 11.685734 3.4970539 2.8608513 1.1492767 -0.0037416583 -1.1305528
3 5 0.060502786 -47.88519 1.4515454 86.681595 11.572144 3.5009272 2.8484504 1.0105348 -0.0010353848 -1.2744724
3 7 0.055716205 -35.919647 2.7881322 65.852036 10.447407 3.068404 2.5789287 4.7006793 -0.035279054 0.028512385
7 3 0.06414207 -5.055096 1.4562888 29.304031 0.5208069 1.7266238 0.5560711 4.59083 -0.027717523 0.39506736
