0 5 0.37655208 -17.2602 2.4098325 29.241846 4.5100384 1.6217206 1.8870534 1.6355743 -0.06337434 -6.5319686
0 5 0.3523446 8.081672 2.1388376 55.31095 4.3584676 1.5178533 1.8898376 4.8213744 0.033264056 6.9070973
0 5 0.25961468 7.9654 2.1227405 54.587513 4.359764 1.540717 1.8805085 4.8112893 0.0018985905 8.41784
0 5 0.14466181 -17.541815 2.485534 29.725597 4.5332613 1.630123 1.8875515 1.6793373 -0.116076276 -6.5265775
0 5 0.13858387 36.3923 0.5765513 53.118824 4.4563003 1.6195073 1.9054443 3.3751593 0.0043107197 0.008206267
0 6 0.1353737 38.45148 0.5483892 57.005543 4.44056 1.6111704 1.9050727 3.349563 0.01079498 0.026857134
0 5 0.1294868 -16.687704 2.3860173 28.33784 4.578401 1.6511667 1.8326019 1.7105774 -0.14348322 -7.0752125
0 5 0.12289532 27.872849 1.1514252 63.713444 4.5363145 1.5608041 1.9241673 3.3216355 -0.016123882 -0.024150621
0 5 0.110309556 28.422049 1.2154645 64.14632 4.5470805 1.5692228 1.9297296 3.31786 -0.04304 0.014046337
0 6 0.108109795 41.650185 0.57576853 63.100315 4.213707 1.4502008 1.8745399 3.3762012 -0.04415728 0.010678619
0 5 0.1036612 28.308828 1.2109573 64.40794 4.5943265 1.5523211 1.9390254 3.3611636 -0.054479472 -0.01526243
0 6 0.09119374 37.80521 0.5686759 56.054493 4.464571 1.6041152 1.9099936 3.3373044 -0.045349933 0.02066096
0 5 0.091079846 7.8421555 2.1102586 54.25733 4.352146 1.5242414 1.8638546 4.810295 -0.02203364 8.414151
0 6 0.089577615 -28.59481 2.491492 69.304886 4.638664 1.6626265 1.9713854 2.0792232 -0.02503868 -0.5891291
0 5 0.08792952 -16.587206 2.3843029 27.764334 4.523063 1.6482339 1.8394393 1.7324703 -0.10122322 -6.368859
0 5 0.08685039 28.653057 1.2454319 64.56068 4.619641 1.5690119 1.9525006 3.3380265 -0.042691324 -0.044956982
0 5 0.080911435 32.45654 0.8227314 46.397163 4.276366 1.6874923 1.8653946 6.1006565 -0.026234835 0.024882037
0 5 0.07902892 32.073677 0.73775905 43.979813 4.3240576 1.6874591 1.878842 6.2416835 -0.024966938 0.01504017
0 6 0.07857851 30.813982 1.2086761 71.56905 4.2999034 1.545328 1.892269 3.1557183 0.00031188875 0.0061483756
0 6 0.076936215 -29.19585 2.5446217 69.988914 4.5332484 1.6353718 1.9285939 2.0728538 -0.029464588 -0.4928372
0 5 0.07614256 22.449354 2.0796738 77.39788 4.281822 1.4942889 1.8555286 6.26622 0.015502008 0.17392853
0 5 0.07452638 31.371128 0.5808349 44.77368 4.455472 1.672962 1.9043678 3.402017 0.007877242 -0.017868675
0 5 0.07387429 31.437954 0.62386715 46.28267 4.280542 1.6613039 1.8612283 6.2661285 -0.015149705 0.027176298
0 6 0.07324515 37.452282 0.49671072 55.56406 4.4112134 1.5933372 1.8917171 3.286319 0.054584175 0.00842423
0 6 0.0726121 31.182709 1.261972 72.991104 4.3091073 1.5538357 1.8901792 3.1439102 -0.02186213 0.0066894013
0 6 0.06726132 40.590492 0.50965065 61.392147 4.235723 1.4445853 1.8760228 3.3698404 -0.0064411843 0.012859795
0 6 0.06567146 31.084236 1.2551409 72.09565 4.3211455 1.5366058 1.9020034 3.2252252 -0.053760223 -0.008174516
0 5 0.06508673 22.552456 2.0976152 77.80555 4.2658663 1.5062895 1.84911 3.193737 -0.023682594 1.1367326
0 6 0.0648959 42.005215 0.5798273 63.921314 4.170164 1.4342501 1.8572779 3.3310459 -0.02893385 0.03642926
0 5 0.06462377 32.411083 0.37054977 39.743156 4.26219 1.5954723 1.839003 6.4052963 0.011787461 -0.00054120645
0 5 0.06359437 34.6686 0.6435165 50.595734 4.460707 1.6317253 1.9151142 3.481099 0.0008275155 0.009221807
0 5 0.062729165 34.606987 0.26978707 39.400913 4.2774105 1.6235639 1.8645631 6.467925 0.029745014 -0.018005671
0 6 0.062352248 41.041916 0.53743 62.215652 4.2319117 1.4567268 1.8672583 3.368162 -0.01675075 0.03173322
0 5 0.062123396 33.952347 0.31489182 39.61244 4.234529 1.6117553 1.8258494 6.368606 0.01608198 -0.018753245
0 5 0.061681323 32.820747 0.33258846 39.526474 4.245675 1.6057281 1.8376782 6.3833656 0.020670252 -0.0076474547
0 5 0.06104007 8.0612335 2.1415086 55.691463 4.3724303 1.5042186 1.8475369 4.7930827 -0.032273155 7.93622
0 5 0.060253527 27.753635 1.0782825 62.014927 4.537549 1.5792332 1.9163882 3.3104353 -0.026534565 0.01567879
0 5 0.058858734 33.340435 0.83011544 47.592022 4.2470217 1.6494706 1.8743469 6.1651087 -0.029320903 0.08190321
0 6 0.05763566 39.239883 0.48857117 59.51906 4.415973 1.5896906 1.8998218 3.32943 -0.04028158 0.025674872
0 5 0.05722035 30.671606 0.34488308 97.28662 5.252765 2.207011 2.1322258 4.6897945 0.016087772 6.8194613
0 5 0.056802582 28.251652 1.0750464 62.90861 4.5806346 1.5903828 1.9295673 3.3267493 -0.04369832 -0.0033311378
0 5 0.056054894 29.00774 1.2486515 66.393524 4.4996243 1.5550065 1.9201152 3.27249 -0.04567154 0.024535216
0 5 0.055828463 -12.967875 1.9414811 105.889435 5.104767 1.7366675 1.9816065 1.5769548 0.07793296 2.3479016
0 6 0.054533895 -29.054924 2.5344658 70.61036 4.5661297 1.653961 1.9544492 2.1198146 -0.018837374 -0.3920287
0 6 0.053955223 31.307362 1.2734073 73.30355 4.3223624 1.5473841 1.902558 3.20207 -0.06850373 -0.01409214
0 5 0.05370283 32.38112 0.89308184 44.387325 4.3538537 1.6762955 1.8980156 6.126965 -0.033771433 0.030401364
0 6 0.053624168 36.923862 0.5975122 54.74301 4.413693 1.5793644 1.8822203 3.286022 -0.0034084683 0.050576515
0 5 0.05349516 32.201786 0.4027575 40.33082 4.3154726 1.606396 1.8542895 6.372247 0.009156212 -0.0025813524
0 5 0.052645136 29.421223 0.51669073 40.85339 4.4474792 1.676014 1.8921523 3.3790548 0.015422875 -0.013406446
0 5 0.050874695 22.569994 2.0683932 78.28402 4.2835217 1.5095551 1.8495513 6.395138 -0.038108442 1.1544329
0 5 0.050380565 38.81203 0.55986667 57.450806 4.4953947 1.6010047 1.9229167 3.4506845 -0.02007925 0.019851815
0 5 0.05011876 34.140015 0.2910763 41.140354 4.3051176 1.6086515 1.8422662 6.399233 -0.010881497 -0.023232121
7 2 0.17222539 -4.3299046 1.6386259 74.28723 0.6787724 1.7689271 0.61496526 4.806672 0.05673141 0.15504438
7 2 0.14568108 -4.2293234 1.674498 74.10757 0.71664494 1.7608111 0.597682 4.8106847 0.10464857 0.50403035
7 2 0.090400316 -4.4103937 1.6955128 74.92433 0.68326616 1.7557704 0.60574394 4.8842 0.007620869 0.78345704
7 2 0.08233763 -4.41281 1.5862846 75.419785 0.6729087 1.7599092 0.6178179 4.792294 0.04114955 0.67289597
7 2 0.078653164 -4.3485084 1.696804 74.74905 0.7162579 1.7461997 0.6111994 4.892927 0.025098795 0.85436475
7 2 0.07543704 -4.3202543 1.6238152 75.28673 0.71098137 1.7467214 0.61807644 4.7375484 0.0789479 0.6579832
7 2 0.056816228 -4.4050727 1.6393092 74.317665 0.6970852 1.7869163 0.5921814 4.7895374 0.094908476 0.4883827
