0 5 0.17001954 14.268182 1.406296 85.66278 4.4625506 1.6679692 1.9132763 4.9016395 0.06572422 10.378643
0 5 0.08181571 14.377345 1.4837129 86.21683 4.359887 1.6478511 1.8742665 4.9187365 -0.011011068 10.48237
0 5 0.077828266 14.138422 1.4109716 84.70662 4.4589963 1.6520783 1.8920492 4.8963337 0.07327322 8.143869
0 5 0.065780036 14.02381 1.4502726 84.1852 4.501763 1.6323565 1.8860104 4.8992944 0.047317676 9.854189
0 6 0.061314907 27.020687 1.2430246 32.977398 4.3436127 1.5083543 1.8489006 3.1995256 -0.01379453 0.003552338
0 6 0.056571823 21.442362 1.4263247 24.70334 4.362441 1.5663732 1.8525226 3.5693278 -0.01602252 0.0014184732
0 6 0.05651546 27.22318 1.2391531 32.713295 4.3431716 1.5149378 1.8473104 3.2285728 -0.008439591 -0.0071844924
3 5 0.07616391 16.106787 -0.33244944 87.80527 12.036879 3.7370243 2.6759002 4.866486 -0.065203585 9.39859
3 5 0.07561053 16.302721 -0.14270306 89.978035 11.87094 3.833352 2.618081 4.86361 -0.058305174 10.345505
3 5 0.05558108 15.817291 -0.37776077 86.54205 11.615209 3.6730626 2.6597998 4.8289638 -0.04870659 8.541992
7 2 0.11168231 -24.357868 2.0062313 40.50178 0.5621228 1.7540138 0.5749192 1.9413466 -0.14777175 0.03470349
7 2 0.105725646 -24.288166 1.9745774 40.33403 0.5631487 1.7440485 0.5537385 1.8998184 -0.09830778 0.0927712
7 2 0.101547316 -21.628073 2.377809 42.790627 0.52280575 1.6629919 0.5422624 1.7817404 -0.12558065 -0.03925584
7 2 0.10006042 -21.968555 2.497556 43.354958 0.5399725 1.6441507 0.561208 1.8185222 -0.0914462 -0.044272088
7 2 0.09843191 -24.060446 2.0460308 39.98131 0.5453374 1.742683 0.55780387 1.971731 -0.15035471 0.06476415
7 2 0.094586566 -24.167953 2.01503 40.066387 0.55942845 1.7366353 0.547864 1.911936 -0.098454565 0.11327643
7 2 0.078899756 -21.356794 2.3615408 42.43852 0.5239984 1.6416482 0.5317886 1.7672871 -0.10995546 -0.05280198
7 2 0.07523727 -22.357924 2.500461 44.011353 0.54633623 1.6619519 0.5828062 1.8332983 -0.12661631 -0.049986012
7 2 0.07249295 -21.739902 2.466125 43.140266 0.55273634 1.6273124 0.5629732 1.8150585 -0.06810259 -0.046466462
7 2 0.067360856 -21.91835 2.3763437 43.24992 0.5303412 1.6788075 0.56837296 1.8044733 -0.14134434 -0.03528773
7 2 0.054581344 -24.644333 2.1194036 40.97219 0.58647335 1.741444 0.58366066 1.8315295 -0.16830239 0.054445945
7 2 0.05271318 -24.533821 2.0220652 41.006737 0.5819577 1.7550416 0.570647 1.8358673 -0.0678857 0.049815454
7 2 0.051315837 -22.796669 2.4024215 44.904907 0.55619407 1.6296461 0.5614836 1.753093 -0.117506064 -0.053038143
8 8 0.05818591 11.732185 1.530293 18.975473 0.3809124 1.1146694 0.3990789 4.9228816 -0.09237876 0.028651226
8 8 0.053118974 11.776186 1.5022881 19.12818 0.35924986 1.0507116 0.38990676 4.966796 -0.0774564 0.02526014
8 8 0.052711576 11.795937 1.4938344 19.057867 0.3783952 1.130435 0.4011304 4.8995667 -0.0874908 0.012981955
