0 5 0.56250745 5.8711033 2.1726952 22.888094 4.605729 1.5166656 1.8800123 4.808503 -0.09546727 6.912665
0 5 0.2447653 22.996597 1.5001318 66.04087 4.442343 1.5634284 1.9137623 3.3532867 -0.009618399 0.54807705
0 5 0.22065264 7.5238805 2.0294886 81.60459 5.57386 1.7691162 2.1102998 2.7640238 -0.07244366 -1.6995305
0 5 0.16160573 7.5006843 2.0577664 81.295746 5.328402 1.7556069 2.0698767 2.746758 -0.039290838 -2.1122146
0 5 0.14791536 -23.10416 2.8939145 79.66197 4.6830406 1.620128 1.9666334 6.2415257 0.024239732 -2.6617224
0 5 0.14071354 22.318298 1.4535036 64.23536 4.384809 1.562371 1.897701 3.2151492 -0.063321635 1.6969506
0 5 0.13785876 21.567476 1.4695687 62.03365 4.415546 1.6246425 1.9312971 2.8665972 0.011631526 -0.31606212
0 5 0.13617572 21.540663 1.5639405 62.800446 4.337309 1.6271684 1.90836 2.8144631 0.027151873 -0.021452278
0 5 0.13245225 6.154306 2.1643515 24.194147 4.544605 1.5333598 1.8548787 4.7679744 -0.07652289 4.6101065
0 5 0.12643202 21.888525 1.4339223 63.465954 4.295588 1.5846002 1.8924301 2.7774396 -7.086247e-05 -1.699003
0 5 0.12542723 34.523 1.2099181 39.46044 4.552743 1.7028551 1.9305887 2.948577 -0.03299547 -0.86219007
0 5 0.11997328 -23.42737 2.9038553 80.52118 4.692535 1.6252838 1.9825107 6.2278347 0.057219766 -1.5270653
0 5 0.10774303 22.992481 1.4743028 66.26964 4.4236617 1.561736 1.9019569 3.4465733 -0.032227613 0.20943794
0 5 0.10751348 33.33109 1.1885906 38.64047 4.575178 1.7204636 1.9373077 2.9037144 0.027503738 -0.9362513
0 5 0.09937634 21.38572 1.5267404 62.336487 4.347838 1.6165851 1.9126048 2.8900921 -0.0007654652 -0.018058695
0 5 0.09828921 7.9403358 2.0172486 86.374306 7.198656 2.0247383 2.3533785 2.6777813 -0.017690068 -0.34107193
0 5 0.094266444 -23.378225 2.8466458 80.30745 4.6753883 1.6138599 1.9806983 6.1573305 0.058594413 -1.3964528
0 5 0.0936592 38.146515 1.0555753 43.89807 4.598508 1.7091762 1.9353617 3.0593638 -0.048727036 -1.7360936
0 6 0.09024245 -35.902164 3.244888 52.316364 4.5459156 1.5661639 1.9215084 1.3265498 -0.038249135 -2.5121822
0 5 0.08983423 7.576139 1.9702269 81.33906 5.261929 1.7738795 2.076967 2.521242 -0.05373177 -1.4160558
0 5 0.08968662 7.4419866 2.0094025 80.988266 5.094759 1.6976113 2.0513601 2.7336423 -0.052836575 -3.3635054
0 5 0.08967816 9.309629 2.1424 95.449844 5.088752 1.8109959 2.0808594 2.998146 -0.08975016 -0.82040197
0 5 0.08829767 22.294037 1.479634 64.69501 4.3575263 1.5971869 1.8856686 2.801151 0.007870555 -1.0646629
0 5 0.08807451 35.869175 1.1046994 41.64732 4.600563 1.6993319 1.9423641 2.9758658 -0.013263522 -1.8221245
0 5 0.08467693 -39.223076 3.4958344 56.76917 4.802458 1.5162418 1.9584326 1.3844509 0.02517703 -1.1938272
0 5 0.08219469 -39.349957 3.3617651 56.566776 4.7830596 1.5166444 1.971954 1.3760147 0.00025372393 -1.4487056
0 5 0.08170965 -38.809216 3.3570979 56.047115 4.738943 1.532092 1.9734719 1.4034166 0.051766433 -1.1762578
0 5 0.08008399 21.425114 1.5178796 61.531853 4.4491568 1.6293288 1.9356693 2.9627225 -0.003318184 -0.047201008
0 6 0.07885949 -36.709255 3.31036 53.08794 4.59047 1.569821 1.9285893 1.328188 -0.028401263 -2.4648974
0 6 0.073970795 -36.631813 3.3385234 53.39127 4.592633 1.5837408 1.9401163 1.3184832 -0.0064780163 -2.0660143
0 5 0.073171936 41.625637 0.93359804 62.830845 4.8215537 1.6057307 1.9953101 4.794836 0.03330043 1.7982901
0 5 0.07164221 22.421991 1.3999615 64.375824 4.3631997 1.5404932 1.8826809 3.0548809 -0.070035115 1.2313749
0 5 0.070729 8.692926 2.2790294 94.19574 4.9734383 1.7544141 2.0499077 3.0132687 -0.022572396 -2.0850642
0 5 0.07001836 29.667408 1.3965471 33.814034 4.5779314 1.7671111 1.9099617 2.8932848 0.008740276 -0.43118992
0 5 0.067728706 7.3629675 2.0025623 80.191124 5.1079135 1.7046669 2.066361 2.7052343 -0.01968273 -2.6835358
0 5 0.06578947 21.522663 1.439032 62.582195 4.3577013 1.5826573 1.9159157 2.912198 -0.03629926 -0.5939602
0 5 0.06544644 9.005582 2.1340814 94.03727 5.0695605 1.7769649 2.067412 3.0110636 -0.034018937 -1.3692881
0 5 0.06531745 22.271034 1.4467205 63.98142 4.3675566 1.5315089 1.8765073 3.247525 -0.016722305 -0.04670511
0 6 0.06319689 -38.04045 3.361327 55.823658 4.463871 1.5502483 1.8985038 1.3077317 -0.06413178 -1.8010486
0 5 0.062820636 21.1156 1.5449545 61.810986 4.3620744 1.639723 1.911202 2.7890644 0.00013226643 -0.39241785
0 5 0.062768586 22.475727 1.452137 64.78264 4.387983 1.5731281 1.8971043 3.3052049 -0.044323795 0.9289694
0 5 0.0625355 23.183783 1.5159423 66.737755 4.395329 1.5347993 1.8907231 3.4293268 -0.019929066 -0.02950843
0 5 0.062119525 29.80784 1.388417 34.44319 4.547013 1.758665 1.9076082 2.8860922 0.034326956 -0.0039052945
0 5 0.059599675 46.69365 0.85553235 55.763504 4.453986 1.6660227 1.9252822 2.802175 0.017536463 -2.0200016
0 5 0.05834692 41.194736 1.0652435 62.64367 4.725542 1.6240786 1.9866556 4.76459 -0.0031104842 1.7391951
0 5 0.0583059 44.031548 0.8819658 51.95475 4.40921 1.6856054 1.907064 2.7517579 0.045898646 -1.2877734
0 5 0.057698272 21.158249 1.4408181 61.60002 4.4329534 1.6539015 1.935822 2.8003254 0.030675909 -0.73836017
0 5 0.05385625 -34.183178 3.242816 83.7459 4.5237484 1.6490376 1.9258102 5.6800985 0.031902194 2.5692258
0 5 0.052919377 34.64996 1.0969872 40.63601 4.635256 1.746721 1.958351 2.9082303 -0.029419895 -2.6555676
0 5 0.052467022 32.30747 1.1831973 37.883514 4.615657 1.7656152 1.9572631 2.871323 0.0076007396 -2.0819829
0 5 0.051997818 8.405471 2.2657187 92.1129 4.9902687 1.7582294 2.0319982 2.986716 -0.009886734 -3.4176512
0 6 0.05136173 -39.04553 3.4338527 55.843918 4.5936 1.5678968 1.9240841 1.335159 -0.013219889 -2.4187531
0 6 0.05043037 -37.608364 3.3922713 55.153168 4.5259542 1.5746356 1.9055545 1.245017 -0.019027278 -1.3916185
0 5 0.05034402 7.9269776 2.0155168 85.907974 6.7571325 2.0441575 2.3111022 2.3883784 -0.0083145555 -0.15714502
3 5 0.06256656 -39.349957 3.3617651 56.566776 4.7830596 1.5166444 1.971954 1.3760147 0.00025372393 -1.4487056
7 2 0.27526528 -7.004894 2.1024668 48.773228 0.791935 1.81098 0.7044602 4.5934176 0.07227316 0.7411613
7 2 0.18448453 -7.0563893 2.1194496 49.238007 0.7984408 1.8087451 0.71500427 4.6263113 -0.0073183225 0.5336261
7 2 0.16074377 -6.9735756 2.1172805 48.422245 0.7830636 1.8223788 0.71581835 4.606419 0.05849588 0.6364013
7 2 0.13138813 -7.126593 2.1326134 49.82701 0.75828815 1.8141857 0.70759255 4.633399 0.0815608 0.54319656
7 2 0.104922675 -6.9939976 2.117197 48.624134 0.8357901 1.8415936 0.69392174 4.5926857 0.07025311 -0.12079307
7 3 0.08078792 11.970249 1.8766007 42.635357 0.58393383 1.7310842 0.5800987 4.9592795 0.0064640716 0.16240707
7 2 0.080470905 -6.978672 2.089967 48.898533 0.8344389 1.8094441 0.73779947 4.60601 -0.012608543 0.5252913
7 2 0.07820436 -7.0408726 2.1149237 48.87141 0.8195182 1.8307793 0.7121677 4.5929303 0.104211025 0.3584165
7 3 0.07239168 11.8873205 1.9139096 43.26854 0.5945776 1.7330029 0.57733816 4.932174 -0.01648779 0.13104919
7 3 0.06422794 11.63315 1.82564 40.518723 0.56660074 1.7143615 0.5815483 5.3547626 -0.04635779 0.034504857
7 2 0.06180617 -6.8303266 2.0252862 47.783794 0.8091268 1.7876459 0.72035223 4.6088204 0.0129503235 0.24443144
7 3 0.056334656 12.822174 1.7192578 45.630997 0.59105814 1.6601157 0.56015575 4.8170276 0.016489508 0.19057757
7 2 0.05520745 -7.5897684 2.1596894 51.81951 0.80718035 1.8065052 0.7341189 4.5970154 0.1867198 0.82370204
7 3 0.055045694 11.5081625 1.7626386 38.50144 0.6580415 1.6800685 0.62097675 5.9869347 -0.05545698 0.057074934
7 3 0.0550023 11.575703 1.9513115 43.889904 0.603281 1.7365825 0.57912034 4.839429 -0.018008463 0.24221602
7 2 0.0549049 -7.2002296 2.2555916 50.16161 0.81054336 1.7854351 0.70978576 4.6711683 0.099653 0.41365525
7 3 0.05381414 11.182815 1.9617493 40.040966 0.61414284 1.7585574 0.6130831 5.3895755 0.02569977 0.22667399
7 3 0.05381281 12.852037 1.7523942 46.95433 0.5823232 1.6701423 0.55366623 4.8160386 0.017871356 0.17734665
7 2 0.052695293 -7.0337644 2.265479 48.973354 0.85505635 1.8022535 0.7385736 4.6465707 0.055439867 0.442503
7 5 0.052126106 22.996597 1.5001318 66.04087 4.442343 1.5634284 1.9137623 3.3532867 -0.009618399 0.54807705
7 2 0.051747374 -7.2654805 2.113567 49.79099 0.84541017 1.8190434 0.7485877 4.591629 0.12710445 0.81046814
7 5 0.050817493 22.318298 1.4535036 64.23536 4.384809 1.562371 1.897701 3.2151492 -0.063321635 1.6969506
