0 5 0.37888488 6.337845 2.2054374 28.598671 4.6841407 1.5168899 1.9112369 4.7786126 -0.05184079 4.283045
0 5 0.26345202 25.139194 1.6210974 68.254036 4.380486 1.5737731 1.9041343 3.1519294 -0.12374566 1.1695014
0 5 0.16096206 10.653231 1.7564107 74.67053 4.7446637 1.600069 1.9885453 3.0871727 -0.08666394 -0.17405495
0 5 0.15128918 25.786358 1.9602176 70.622345 4.4563684 1.7318034 1.9334313 3.1724613 0.05862932 -1.2699591
0 5 0.14704931 25.359814 1.9553416 69.45154 4.370679 1.779636 1.8783003 3.1142404 0.024746472 -1.0315452
0 5 0.14082912 52.591778 1.2270042 64.08612 4.885221 1.7295984 2.0597115 3.0332258 -0.04486517 -2.4293916
0 5 0.13524936 24.948496 1.589669 67.85327 4.3956246 1.5743237 1.9088492 3.0896719 -0.11546475 1.4596161
0 5 0.13385332 10.597344 1.7471858 74.0017 4.7496104 1.6197575 1.9756072 3.1733322 -0.0861943 -0.17637116
0 5 0.12996429 51.621445 1.1903917 62.89925 4.8785505 1.7631098 2.047069 3.0268867 -0.048682682 -2.8203614
0 5 0.1276146 50.78348 1.2581967 61.631546 4.8569684 1.7183787 2.0418727 2.9891827 -0.016337022 -2.960345
0 5 0.1240305 24.642942 1.5810366 67.125435 4.3823586 1.5911303 1.8896229 3.0567224 -0.17885584 1.8458946
0 5 0.12106366 49.988052 1.1968851 60.673176 4.8684125 1.7549504 2.0330796 3.0321522 -0.050231613 -2.986194
0 5 0.11811036 52.222824 1.1522083 64.1628 4.790051 1.7482727 2.0267522 2.9069228 -0.0789416 -3.7881181
0 5 0.11513913 26.08451 2.0285265 70.91015 4.4295206 1.7006593 1.9151518 3.1373632 -0.0682533 -1.0023223
0 5 0.11232648 51.983025 1.1191509 63.92851 4.789917 1.7360537 2.0368931 2.8801084 -0.041759603 -3.4430828
0 5 0.1040742 6.2173157 2.1979904 27.890135 4.641033 1.5067382 1.8739274 4.7511435 -0.05099722 2.6682963
0 5 0.10081143 51.383347 1.1130002 62.6279 4.786348 1.7036935 2.0163484 2.9123702 -0.075366154 -2.9692187
0 5 0.09825362 24.953882 1.608253 67.55974 4.2976427 1.5911791 1.8740261 3.1142182 -0.13777025 1.2770554
0 5 0.09453449 25.18324 1.9298713 68.51042 4.4678082 1.7349997 1.939394 3.0944855 0.032147005 -0.9143999
0 5 0.093689285 25.222237 1.885775 68.71809 4.359498 1.7325525 1.9176557 3.0570824 -0.04234034 -0.8309806
0 5 0.08285418 52.107174 1.1185316 63.048916 4.879053 1.7734312 2.0486572 3.0378466 -0.093270406 -5.05769
0 5 0.08239051 53.11926 1.1344959 65.801186 4.708687 1.7523206 2.0253026 2.8970518 -0.057207175 -4.54282
0 5 0.0821636 52.669613 1.2115911 63.880547 4.8573856 1.7389405 2.0457723 3.0166123 -0.07816543 -3.6300058
0 5 0.08076337 51.148926 1.0946692 62.288914 4.818348 1.709149 2.0317843 2.8724608 -0.042697895 -2.422471
0 5 0.0796672 52.897118 1.1661355 65.49941 4.719561 1.7661967 2.0139694 2.9097157 -0.09007231 -4.7719417
0 5 0.078317985 -24.939466 2.7605665 80.376175 4.6458225 1.6144339 1.9664053 6.139675 0.096644714 0.16442636
0 5 0.07752391 25.229244 1.9251693 69.27957 4.5152197 1.7383647 1.9416919 3.204147 0.019872991 -1.2125039
0 5 0.076532386 -0.5474689 2.4820204 120.80746 5.040806 1.558238 2.027361 1.415584 0.044433936 -6.2090826
0 5 0.07306584 26.166952 1.9153752 71.24487 4.417423 1.6911744 1.9173043 3.0770323 -0.025257502 -2.0427127
0 5 0.07291961 6.1812563 2.2019553 28.413944 4.5155835 1.5248303 1.8744874 4.7722826 -0.016446648 3.80125
0 6 0.07084164 -37.50934 3.167291 58.70526 4.559948 1.5189661 1.9360584 2.9708304 -0.008277604 -0.31029165
0 6 0.06901696 -37.597084 3.1194353 57.83002 4.5802493 1.5130973 1.9438033 2.9881544 0.002411982 -0.45673525
0 5 0.068452306 -25.174805 2.8230362 80.4213 4.650329 1.6369146 1.9690804 5.98865 0.069082476 -0.04802773
0 5 0.06803418 10.843757 1.7677453 75.61892 4.737449 1.5954995 1.9873866 3.161918 -0.062209353 -0.49852318
0 5 0.06466181 24.445232 1.5697803 66.64315 4.4010634 1.5815456 1.8921757 2.991875 -0.1842609 1.7427464
0 5 0.06452932 12.518542 1.8316395 83.18624 4.8238144 1.8059149 2.0163405 3.1843255 -0.08073515 0.2875757
0 5 0.061916098 -0.6870629 2.5462303 124.71055 5.0944037 1.6020327 2.039231 1.3518647 0.003906954 -5.8754964
0 5 0.060387902 50.38952 1.4660969 61.21042 4.830033 1.7310982 2.0471404 2.9803271 0.013659552 -1.4936001
0 5 0.059859503 50.469917 1.283655 61.796932 4.823137 1.7458827 2.0288832 3.0272954 -0.037820876 -2.9699724
0 5 0.058514524 -1.0007211 2.5510757 122.40327 5.082951 1.5277694 2.0152998 1.6124338 -0.023195084 -6.144123
0 5 0.05692269 12.92804 1.9547755 82.94598 5.015122 1.8661427 2.0786023 3.3594253 -0.064437814 0.82210696
0 5 0.056897562 -0.31555226 2.348862 121.40833 5.3283086 1.6764315 2.088888 1.3997637 0.07670871 -5.033529
0 6 0.05640622 -49.68262 2.7167466 61.446827 4.4512978 1.7428553 1.9710047 5.8237867 -0.00038287416 -0.03029135
0 5 0.056099284 10.783666 1.7649207 75.127106 4.7273235 1.6186407 1.9820508 3.189668 -0.053174928 -0.98132765
0 5 0.055664554 12.2736225 1.8063171 81.9792 4.7911067 1.8025137 2.0222368 3.243312 -0.054461353 0.30843428
0 6 0.055621628 -51.961487 2.6267369 63.02457 4.437708 1.741375 1.9845529 5.8124733 0.0029566772 -0.028221475
0 5 0.055300772 10.921418 1.8084402 76.13595 4.7457957 1.5794007 1.9715195 2.889003 -0.06961051 1.1522448
0 5 0.053229652 49.45714 1.1632563 60.59109 4.8490987 1.7568597 2.0206697 3.0644317 -0.08140956 -4.495197
0 5 0.053222742 -0.81295204 2.4775217 118.05003 5.0037847 1.4691511 2.005372 1.6543039 -0.012900997 -6.7179356
0 5 0.05320383 5.828341 1.9795111 26.448019 4.400417 1.4773457 1.7991049 4.736184 -0.00037664175 1.8168219
0 5 0.051834613 6.455015 2.2174609 29.135303 4.689834 1.452091 1.8848346 4.7476716 -0.09565029 4.165554
0 6 0.051333513 -51.208767 2.8313425 64.02888 4.637481 1.7818009 2.0104113 5.8216305 0.036992542 0.010783091
0 6 0.05027045 -52.45622 2.430443 63.39246 4.6528416 1.8214966 2.060536 5.5242133 -0.010103328 0.024181202
3 5 0.10158231 -45.25682 2.805759 91.949486 12.704487 3.8057334 3.0679252 1.2632108 0.044069335 0.8647183
3 5 0.09895284 -43.951504 2.8039927 91.21609 12.75585 3.7517745 3.0725675 4.450717 0.06999559 1.0784031
3 5 0.08510275 -46.58978 2.7680888 92.520836 12.578541 3.872871 3.0203743 1.2487292 0.026230322 0.37276208
3 5 0.08365101 -42.328552 2.836261 90.86562 12.8193865 3.6993396 3.077234 4.4809837 0.07607555 1.4581714
3 5 0.0714217 -44.38277 2.820693 92.29607 12.509967 3.7549646 2.9193456 1.32833 0.042461246 0.60448194
3 5 0.06332658 -41.081272 2.9211118 91.80018 12.847877 3.6185846 3.0516677 4.55202 0.075580694 1.8688436
3 5 0.0579754 -47.24744 2.6367033 90.4624 12.37057 3.949315 2.9786732 1.2849565 0.014064858 -0.02500651
3 5 0.050685063 -47.566437 2.7731032 91.344666 12.269863 4.0255265 2.946854 1.332973 0.03420449 -0.099022
3 5 0.050283376 -42.9588 2.802961 92.572296 12.519219 3.6749854 2.938808 4.5145764 0.059918903 1.0053111
6 0 0.06623278 14.705303 1.6519262 46.63197 1.5748299 1.62665 0.5623189 1.7220494 -0.08222326 1.0039704
7 2 0.21902764 -6.5304947 2.0478935 52.015743 0.72578305 1.7673299 0.64571744 4.657178 0.015496952 0.576632
7 2 0.16953614 -6.567718 2.0384765 52.337574 0.73612636 1.7562227 0.64562005 4.623618 0.056493625 0.44783935
7 2 0.1238035 -6.706737 2.047729 53.449924 0.6961905 1.7763468 0.6321708 4.6881123 0.045232393 0.46128145
7 2 0.10396405 -6.5857306 2.0465274 52.550663 0.7293012 1.7503734 0.6554258 4.628797 0.007621322 0.4158678
7 2 0.103705436 -6.6898465 2.0575676 53.219406 0.70706415 1.7588167 0.6371233 4.6482253 0.015182106 0.35678154
7 2 0.102669194 -6.5434976 2.0089297 52.238865 0.7369061 1.7570148 0.6472618 4.6389556 0.018649863 0.39636314
7 2 0.07860517 -6.437439 1.9924846 52.781956 0.77925384 1.7908351 0.65086925 4.604903 0.031104797 -0.32779625
7 2 0.07615571 -6.378492 1.9881015 51.252567 0.70399225 1.7643725 0.6623131 4.6923075 0.052094012 0.48898166
7 2 0.058748916 -6.4028387 1.9969116 53.13894 0.7845851 1.7402437 0.6722755 4.708192 0.007321829 -0.22108826
7 0 0.05669035 14.705303 1.6519262 46.63197 1.5748299 1.62665 0.5623189 1.7220494 -0.08222326 1.0039704
7 2 0.052170772 -6.6319613 2.0084589 53.012028 0.74276626 1.7630898 0.64943665 4.7656403 0.06615069 0.24492499
7 2 0.050622523 -6.552658 2.0387173 53.64531 0.75610435 1.7933118 0.6362151 4.7140665 0.00061714463 -0.12962279
8 8 0.0761486 13.445468 1.6990604 20.21555 0.42637166 0.8689209 0.43567213 4.9285865 -0.019081162 0.08689282
8 8 0.0747412 13.337322 1.6892532 20.166256 0.41126916 0.8952251 0.4123663 4.893331 -0.037846997 0.100972235
8 8 0.06339872 12.89992 1.6375748 19.517395 0.3971366 0.89867663 0.39687327 4.862097 -0.0526584 0.08322106
8 8 0.06267449 12.940912 1.6312226 19.485168 0.41041088 0.8629089 0.41950718 4.8795815 -0.058992736 0.0691182
