0 5 0.33456188 6.786501 2.0697079 36.21009 4.5071807 1.5397143 1.8639597 4.7736955 -0.05303371 6.3703613
0 5 0.33238718 44.051548 0.6965094 56.230698 4.71905 1.7211881 2.0094216 3.186906 -0.0051747374 -0.96609503
0 5 0.24493556 6.9171605 2.113857 36.92062 4.5185556 1.5543554 1.8569291 4.820784 -0.0163462 7.03368
0 5 0.19976065 7.2815523 2.206356 38.888905 4.7387443 1.4967995 1.953212 4.7911205 -0.09339872 7.9276886
0 5 0.18036914 43.83818 0.589038 56.03183 4.725258 1.7062639 2.0184336 3.1117415 -0.036101706 -0.36121064
0 5 0.16507958 43.486652 0.662805 55.24864 4.716122 1.6935538 1.9971256 3.1526618 -0.08296987 -2.0775719
0 5 0.15690352 43.76447 0.66358346 55.806515 4.7214985 1.7164707 2.0118978 3.140969 -0.07640323 -0.36076868
0 5 0.11707624 7.1797156 2.2271166 39.245274 4.6063805 1.5738736 1.930241 4.7442775 0.012292087 10.675276
0 5 0.11425761 32.08017 0.9487935 76.24017 4.465485 1.6759212 1.9431156 2.765016 -0.010009509 -1.9019125
0 5 0.10898749 31.706839 0.92285323 75.72283 4.448953 1.6575253 1.9298911 2.8204098 -0.06802047 -1.4154327
0 5 0.10790265 -27.746286 2.6857657 93.577255 4.6304474 1.6632171 1.9727794 4.3065143 -0.014246756 10.58913
0 5 0.10749243 51.743046 0.26284528 68.56808 4.280276 1.6035061 1.8761021 3.2600515 -0.04386773 -0.032185808
0 5 0.10468888 50.455505 0.24356204 66.03325 4.3493567 1.6152921 1.8978446 3.2584915 -0.0452369 -0.03853552
0 6 0.10443763 -36.600758 2.7731922 65.51087 4.5305142 1.5916812 1.9426398 5.450854 0.009245014 -0.023117455
0 5 0.098358534 43.595062 0.599897 55.528492 4.6920166 1.7049093 2.0098248 3.1073208 -0.07771229 -1.0187079
0 5 0.0917258 46.710587 0.30078197 59.899803 4.430249 1.6103758 1.935107 3.175834 -0.07883739 -0.02640405
0 6 0.09134025 -36.357853 2.8047516 66.093636 4.475724 1.5708089 1.9384615 5.4413447 -0.00041608885 -0.2893268
0 6 0.09015943 -36.824226 2.7431295 65.92813 4.5276747 1.5544167 1.9444944 5.566879 -0.023764852 -0.014649586
0 5 0.08894269 52.07984 0.3159734 69.47698 4.2371035 1.617617 1.8756049 3.222355 -0.067293435 -0.04797461
0 5 0.08001659 52.606766 0.2508495 69.76603 4.324715 1.6391841 1.8932633 3.2094278 -0.060073145 -0.049157448
0 5 0.07816629 43.30053 0.5604855 54.943676 4.7497234 1.6932173 2.0144904 3.1895952 -0.13554782 -1.8671367
0 5 0.07373731 -27.983963 2.700484 94.770836 4.604829 1.66085 1.9781262 4.336283 0.007381901 9.801959
0 6 0.07361826 -36.65664 2.7785559 66.64877 4.527856 1.559652 1.9395566 5.5102673 -0.041225728 -0.07135638
0 5 0.07335319 45.790943 0.3027804 58.111835 4.473338 1.6091805 1.9512105 3.1383724 -0.08388319 -0.023151513
0 5 0.0731445 37.414112 1.3380959 47.66818 4.3024955 1.6112754 1.8755599 2.422124 -0.04887706 1.5075963
0 5 0.07103314 53.28991 0.2727549 71.08094 4.300341 1.6337551 1.8947858 3.1751957 -0.05809509 -0.1660699
0 5 0.0698094 -17.504032 1.9379262 104.21188 5.1230483 1.7455955 2.0145564 4.6622353 0.033554457 5.930796
0 5 0.06875971 31.811749 0.8289381 75.96228 4.411381 1.6452277 1.9296607 2.7610283 -0.08119839 -0.68338865
0 5 0.0673328 7.0646343 2.091505 38.51431 4.4856057 1.5752457 1.8833674 4.7816195 -0.09785912 6.7855763
0 5 0.062041108 50.74198 0.21104479 66.52539 4.3688354 1.6490681 1.9113755 3.2120237 -0.06443764 -0.056490056
0 5 0.061635893 32.498398 0.91542494 76.58384 4.4509525 1.6837978 1.9363266 2.6796095 -0.02426988 -2.287576
0 5 0.061437655 53.104084 0.33170128 71.30999 4.187376 1.6131655 1.8642733 3.2092385 -0.09835765 -0.047577634
0 5 0.060655776 42.47796 0.581697 73.34083 4.696747 1.7278559 2.0027766 3.0496678 -0.019124605 -0.9161698
0 6 0.05984357 -36.573105 2.758918 66.87126 4.4950013 1.5625461 1.9207329 5.6991863 0.008255979 0.016086832
0 6 0.059439585 -42.924877 2.9559875 65.00587 4.4098425 1.5926983 1.9103512 5.3420267 -0.027054314 0.003985958
0 6 0.058823865 -42.348736 2.934578 63.9051 4.430651 1.5986377 1.9058422 5.4456587 -0.03750985 -0.0015196297
0 5 0.0582499 -27.342886 2.6628363 91.831085 4.6359134 1.6622863 1.9603742 4.287113 -0.11490911 8.139242
0 6 0.057480402 -37.08743 3.009687 67.52058 4.3710275 1.6280954 1.8941729 1.9610941 -0.010761134 -0.0910646
0 6 0.05609776 -43.289722 2.987709 67.89023 4.423096 1.573036 1.9065689 5.332853 -0.019929232 0.003639441
0 6 0.055795185 -36.270992 2.9919057 67.17673 4.3668056 1.6267178 1.8960154 2.0389552 -0.016590165 -0.07549818
0 6 0.05550803 -36.960686 2.729507 67.40618 4.522896 1.540803 1.9234886 5.726474 -0.014784369 0.0011096951
0 5 0.055471316 41.03872 1.0409364 51.30586 4.508466 1.6264565 1.9307704 2.9959388 -0.0658671 0.052221075
0 6 0.05492003 -41.366512 2.9029033 68.389755 4.451232 1.5825424 1.9188117 5.3175793 -0.022379342 0.014125876
0 5 0.054545708 7.560601 2.1321726 39.650475 4.7599 1.5790057 2.0109742 4.7655754 0.036484264 7.3197947
0 5 0.05389978 45.629692 0.32494536 57.939846 4.4872136 1.6272142 1.9684572 3.1092055 -0.050034568 -0.005889861
0 6 0.05338621 -37.65185 2.8344014 66.86941 4.4666986 1.5776454 1.925664 5.3597674 -0.028775183 0.0050155167
0 5 0.053186547 7.5129943 2.1015134 42.395588 4.48826 1.5858818 1.894842 4.807581 0.035187036 11.446132
0 5 0.052023407 42.79369 0.44491446 73.83591 4.678455 1.713679 1.9869347 2.9899158 -0.017699102 -0.53282034
0 5 0.05170205 40.60128 0.55133355 72.02229 4.746852 1.7485071 2.0098276 3.0395231 -0.04029585 -1.4941636
0 6 0.051645674 -38.153683 2.968493 67.849686 4.367375 1.6220971 1.894301 1.8508596 -0.013460893 -0.095681876
0 5 0.051395804 -17.462313 1.967283 105.2419 4.988236 1.7342595 1.9982983 4.574904 -0.011180455 7.246007
0 5 0.051171716 53.821617 0.29645187 72.22107 4.2395506 1.6142714 1.8801228 3.1819644 -0.08105516 -0.5175419
0 5 0.050995994 38.029232 1.039287 48.414776 4.4154716 1.6097031 1.9136577 2.6779253 -0.06294494 1.6273528
0 6 0.050559085 -36.500137 2.7721603 65.35235 4.526868 1.5912211 1.9341518 5.5927887 0.03352897 0.020723578
3 5 0.05287751 20.270098 0.12841964 62.805687 12.282781 3.9051836 2.864617 1.7588596 0.06228541 -1.7800921
3 5 0.05112781 19.635614 0.8266851 64.31634 8.553441 2.9252362 1.930617 4.9878535 0.049194343 3.277343
6 2 0.05084713 14.030802 1.3787389 50.598434 0.6956237 1.6834642 0.5764814 4.8300705 0.038724586 1.3043329
7 2 0.13120522 -6.072247 1.8149596 63.48799 0.81009775 1.7573345 0.64718586 4.6399245 0.014413586 3.2006125
7 2 0.114398874 14.030802 1.3787389 50.598434 0.6956237 1.6834642 0.5764814 4.8300705 0.038724586 1.3043329
7 2 0.10001489 -6.124584 1.8925132 64.20271 0.78739125 1.7475481 0.66806644 4.640086 0.03035122 3.783882
7 2 0.094119996 13.973788 1.4016037 50.398262 0.697471 1.6664679 0.5775442 4.826427 -0.017083265 0.95235264
7 2 0.07085119 -6.0724087 1.8539884 62.850323 0.82563215 1.7503461 0.6362976 4.6238203 0.04335046 4.6019897
7 2 0.06919765 -6.128248 1.8001428 63.761585 0.863497 1.7546265 0.6589353 4.655381 0.023520032 2.1851425
7 2 0.060974896 14.138413 1.3781509 50.929256 0.69128805 1.6892893 0.5792648 4.7906322 0.0147735085 1.8716333
7 2 0.05905554 -6.00087 1.8593643 62.807392 0.8035863 1.764332 0.6607191 4.6316 0.007857259 3.0612912
7 2 0.05255364 13.885109 1.3551002 50.47656 0.6700364 1.7111354 0.58303416 4.8193116 0.014362609 0.34861064
7 2 0.051616244 14.080025 1.3732679 50.63473 0.66302156 1.654396 0.57334197 4.7763996 -0.027718157 2.3347738
