0 5 0.37451184 6.8216615 2.150831 37.41558 4.5839105 1.5898366 1.9118717 4.7942963 -0.04705707 8.064197
0 5 0.35421717 46.471 0.71870315 60.476963 4.7232156 1.7632439 2.0106418 3.205926 -0.054531023 -1.1826262
0 5 0.21273845 7.3310103 2.264063 39.60906 4.7003036 1.591713 1.9668975 4.817282 -0.043796957 8.934623
0 5 0.2116396 46.77413 0.7159181 60.81069 4.701301 1.7439063 1.9822899 3.2275171 -0.06230849 -1.6792262
0 5 0.18771726 6.9529734 2.1928518 37.958103 4.603198 1.580021 1.9120438 4.7909293 -0.06631649 8.150018
0 5 0.16971895 46.082714 0.6924064 59.94821 4.7269983 1.7353419 2.0020456 3.1229584 -0.082972795 0.9630892
0 5 0.14207949 7.0530224 2.2788548 38.986767 4.585447 1.6523541 1.9337407 4.7442255 0.022896336 10.723225
0 5 0.13702261 49.575478 0.3399409 65.48058 4.5865517 1.6840857 1.9716789 3.4275057 -0.08410168 -0.014512733
0 5 0.13431898 47.41941 0.68413275 61.64048 4.6954803 1.7359674 2.0013123 3.1408212 -0.0844184 0.56973267
0 6 0.1337395 -34.64919 3.112151 62.084694 4.668054 1.6836853 1.9819212 1.8234702 -0.026011067 -1.7455772
0 5 0.12392527 48.986416 0.37157923 64.21258 4.616611 1.6833357 1.9845145 3.4637558 -0.06990187 0.008562997
0 5 0.12211409 6.984843 2.1665576 38.59577 4.5442324 1.6023221 1.9175864 4.7985644 -0.09891042 7.422994
0 5 0.1000178 45.69294 0.65962744 59.539097 4.7430634 1.7183473 2.0071833 3.2473612 -0.073939905 -1.6106917
0 5 0.09922261 7.2162595 2.2667162 39.217514 4.732836 1.5887948 1.9809885 4.7959585 0.046454735 9.580805
0 5 0.09432733 30.98298 1.1022407 72.73126 4.383774 1.6153499 1.9057387 2.747048 -0.081309445 -0.73927414
0 5 0.09199503 48.437046 0.31659526 63.54529 4.59492 1.7050062 1.9890721 3.4779212 -0.052706376 0.036444534
0 5 0.09175269 46.129677 0.59969044 60.204056 4.693692 1.7061621 1.9816556 3.06158 -0.16830689 2.2589417
0 5 0.09132409 49.697136 0.2742163 65.65899 4.546769 1.7057673 1.9741747 3.4365094 -0.054608844 -0.015218279
0 5 0.09036983 30.809618 1.0688143 72.28842 4.4046454 1.6314176 1.9128261 2.713296 -0.06555222 0.8892875
0 5 0.08884528 7.4007835 2.1263227 42.06805 4.557925 1.5906656 1.9201194 4.8299255 0.017446859 10.440511
0 5 0.07860364 7.636736 2.2454464 41.307747 4.755102 1.6479288 2.000781 4.7829328 0.06946815 8.548099
0 5 0.07548586 50.475006 0.31946123 67.18439 4.4913936 1.675876 1.9434704 3.3986564 -0.07839555 -0.020281218
0 6 0.07392096 -35.166107 3.1268287 62.377308 4.634318 1.6861334 1.9696423 1.7470376 -0.037805915 -2.3751204
0 5 0.073046744 47.10377 0.68201005 61.23237 4.7374835 1.7208905 2.006501 3.2885737 -0.1310847 -1.1974771
0 6 0.0716464 -34.871185 3.1002235 62.355717 4.6662397 1.6779528 1.9895875 1.7908198 0.011957832 -2.1207116
0 5 0.06837288 31.185986 1.1872629 72.33828 4.5674944 1.6384687 1.9382254 2.9042926 0.030098164 -1.4339966
0 6 0.06707164 -34.726654 3.065162 61.598816 4.632745 1.651111 1.9739168 1.8576779 -0.03367047 -1.7369227
0 5 0.06586415 29.632332 1.2585051 66.76529 4.60891 1.6498889 1.9534968 2.9079704 0.030259246 -2.9725559
0 5 0.062769465 29.453417 1.231919 66.57236 4.662413 1.6268251 1.9705969 2.9162214 -0.002313708 -3.89053
0 5 0.06250973 30.553461 1.0735712 71.237564 4.3998184 1.6368158 1.9227542 2.6979642 -0.072043456 -0.505339
0 5 0.060499933 31.256605 1.0498964 73.76193 4.34188 1.6212317 1.8837237 2.7710204 -0.117114134 0.19961116
0 6 0.06010296 -37.537724 3.3192601 72.796875 4.4911203 1.6789702 1.9372396 1.6133404 -0.031808287 -1.8957499
0 5 0.05861887 30.769867 1.1245996 71.746765 4.390545 1.6176826 1.9133683 2.7275968 -0.085937865 -1.4574227
0 5 0.05779531 30.462982 1.210354 70.66587 4.6220646 1.6040124 1.9404907 2.904064 -0.08124291 -3.0636346
0 5 0.056979213 51.19302 0.250587 68.23256 4.443721 1.6762238 1.9422514 3.374447 -0.029137477 -0.032402076
0 5 0.055074558 44.848404 0.7240256 57.518154 4.7302465 1.724317 1.9876767 3.233541 -0.08854396 -2.9366124
0 6 0.05448838 -38.371902 3.364201 75.688866 4.526332 1.6898286 1.9373327 1.5798568 -0.02637429 -0.91628677
0 5 0.052798808 49.006577 0.37043825 63.62009 4.569341 1.660872 1.9688494 3.4030278 -0.057024874 -0.011400756
0 5 0.051877588 49.23158 0.33385986 64.5411 4.613504 1.7039526 1.9929962 3.4510283 -0.069774 -0.01727645
0 5 0.051201973 8.429685 1.8695819 52.33308 4.3504553 1.6618176 1.6162729 4.867917 0.06541674 11.784131
0 6 0.051165786 -35.41182 3.1560426 62.763832 4.6363854 1.6757693 1.9740045 1.7448301 -0.025108382 -2.711219
6 2 0.06484787 14.293564 1.5404814 52.972622 0.605098 1.6573604 0.53413826 4.8721337 -0.0076830797 1.6432581
6 2 0.056867372 14.101717 1.5423908 53.85194 0.5926072 1.6333892 0.5209848 4.8351903 -0.032073908 0.8442364
7 2 0.22317533 -5.8892794 1.990901 63.22407 0.7735263 1.767293 0.62927264 4.6639986 0.050876275 3.1385415
7 2 0.16057971 -5.896909 2.0142295 62.92778 0.7304901 1.7685199 0.6043521 4.6559477 0.08629861 2.9766498
7 2 0.14496928 -6.014799 2.0609832 64.58694 0.73307 1.7564415 0.6056304 4.6607513 0.017295713 3.1627004
7 2 0.12395566 -5.941135 2.091426 64.22951 0.71931154 1.7504163 0.6051213 4.637237 -0.008194717 0.91399
7 2 0.10345899 14.293564 1.5404814 52.972622 0.605098 1.6573604 0.53413826 4.8721337 -0.0076830797 1.6432581
7 2 0.09757525 -6.030721 2.0877476 64.659355 0.7638886 1.7506129 0.6133585 4.705068 0.07694869 2.26842
7 2 0.080440596 14.101717 1.5423908 53.85194 0.5926072 1.6333892 0.5209848 4.8351903 -0.032073908 0.8442364
7 2 0.0773233 -5.8492627 2.030831 62.604607 0.84032995 1.7607428 0.64857733 4.687337 0.07111916 2.354667
7 2 0.07065279 -6.0355086 2.0685453 64.08349 0.75220096 1.7390223 0.6172925 4.707099 0.06261639 1.5201595
7 2 0.069574445 14.534151 1.5198019 53.821022 0.611832 1.6479942 0.5358791 4.8633566 0.014367787 1.8067356
7 2 0.06725912 14.263012 1.5272093 52.391647 0.6268708 1.6806302 0.5458042 4.8705425 0.030945035 1.5093465
7 2 0.05837445 14.223557 1.5616523 54.499527 0.57984924 1.6161319 0.52129704 4.812218 0.012605425 0.9548007
7 2 0.051100314 -5.8059444 2.0558372 62.263374 0.7949507 1.7475612 0.6278304 4.6518536 0.0094058495 2.5728881
