0 5 0.35928497 5.711565 2.1804924 17.953503 4.4283457 1.4801698 1.8359542 4.766067 -0.031935323 5.224788
0 5 0.2686096 18.201809 1.4095268 62.09932 4.6148167 1.636746 1.970313 3.2148015 -0.016813193 -0.80298424
0 5 0.24396297 32.37432 1.5940068 58.59242 4.2674937 1.5921798 1.8730681 3.6929126 -0.07059116 1.2030457
0 5 0.2379486 -17.565105 2.3270075 68.35438 4.63343 1.6110853 1.9479905 6.128564 -0.009839508 -0.8845523
0 5 0.22742727 -17.312378 2.3441653 67.209854 4.6329803 1.6181283 1.9491202 6.131075 -0.018951472 -1.2753551
0 5 0.22019474 17.675638 1.2657673 60.60525 4.4943223 1.6074927 1.9388931 3.2100894 -0.07586177 -0.035261497
0 5 0.1929923 32.08335 1.5805857 58.30307 4.261041 1.5639825 1.8734097 3.6707695 -0.0029493943 0.0021399837
0 5 0.18487795 17.93433 1.3337376 61.527805 4.6056995 1.594902 1.9758372 3.2743013 0.00249804 -0.60036564
0 5 0.17639211 -41.742233 3.4783525 54.500282 4.7812557 1.5070045 1.9581438 1.5317727 -0.022711014 0.0009012483
0 5 0.17138156 0.7835514 1.6983308 67.861626 5.35172 1.9077067 2.1534076 2.2378392 -0.053601652 -2.6029885
0 5 0.16010334 43.86649 1.2072994 50.625443 4.7506676 1.6709272 1.9965793 3.2189164 -0.025736958 -1.2976784
0 5 0.15086569 0.8943981 1.9703873 68.911194 4.717076 1.6999621 1.9981943 2.7842019 -0.034380052 -4.7670145
0 5 0.1479795 42.26776 1.1699785 49.028343 4.7857227 1.6714255 2.0198374 3.216454 -0.017654492 -0.41793838
0 5 0.14365192 18.881077 1.3975458 64.20697 4.5370536 1.592394 1.9249568 3.2720056 -0.035670437 -1.6644863
0 5 0.13689393 32.6157 1.5758123 59.041573 4.310828 1.5813143 1.8987571 3.5911994 -0.03560824 1.0091773
0 5 0.13379526 17.856527 1.4084702 60.33683 4.549482 1.5772579 1.9616777 3.2019672 -0.0055970196 -1.3506871
0 5 0.13346122 17.755892 1.3262216 61.004177 4.4360704 1.6007619 1.9190009 3.2151508 -0.073034056 -0.032848887
0 5 0.13312592 -41.365658 3.4385142 54.189632 4.7057557 1.507199 1.9364617 1.5008317 -0.03017946 -0.016848238
0 5 0.13180235 5.5569277 2.1035786 17.692602 4.426395 1.5186863 1.8350414 4.7614493 -0.10371584 5.6385465
0 5 0.12933713 42.869896 1.1535599 49.808933 4.8206644 1.6801028 2.009238 3.2458045 -0.019018821 -0.29319307
0 5 0.12871806 44.110954 1.1856285 51.06075 4.782304 1.6494497 1.9920274 3.2852335 -0.0047209077 -1.9534762
0 5 0.12855843 33.112602 1.5266649 60.388004 4.181683 1.5849445 1.8331665 3.3863454 -0.025114603 -0.006352717
0 5 0.1278492 0.7081725 1.7763704 64.73345 4.8133883 1.6886096 1.9992422 2.306274 -0.055008873 -4.3661017
0 5 0.11931591 18.716898 1.4288676 63.673443 4.5507216 1.59169 1.9489958 3.2585235 -0.0073985253 -1.1730717
0 5 0.11924477 -17.740726 2.3014865 68.83428 4.618532 1.6092451 1.9522228 6.0895925 -0.0020122658 -0.45840323
0 5 0.11914561 16.995798 1.2896607 58.19206 4.425934 1.5789281 1.9182814 3.1989055 -0.044679936 -0.03867334
0 5 0.11321885 31.664808 1.552169 57.229282 4.271299 1.5713695 1.8836552 3.6989417 -0.009153433 1.3710974
0 6 0.110298894 -48.814228 3.7874708 64.0254 4.390411 1.5329093 1.8753492 1.4698629 -0.0051748874 0.035816878
0 5 0.10670477 5.1894536 1.9873432 16.324516 4.4728065 1.4903388 1.7852296 4.739262 -0.10940338 7.806756
0 5 0.106153324 0.9919889 1.9772203 70.47181 4.7372417 1.6946864 1.9937706 2.6517437 -0.063265264 -3.216649
0 5 0.10243322 -19.748667 2.5451403 77.38637 4.7736216 1.6960692 2.016269 3.0738854 0.032614484 -2.2011173
0 5 0.10105894 0.839253 1.6771332 74.70953 7.276241 2.660476 2.615052 2.0249753 -0.022683347 -0.733967
0 5 0.09947029 46.677505 1.2365501 64.83177 4.6363955 1.6520026 1.9982785 6.186796 -0.016851956 0.9206935
0 5 0.09913984 0.8416993 1.9323871 69.6784 4.8618765 1.759952 2.0765018 2.7336755 0.0022751652 -2.0464766
0 5 0.09818935 18.092852 1.4591144 60.656223 4.65128 1.6578395 1.9214553 3.264135 0.028909722 -0.7584247
0 5 0.097667046 31.702406 1.4854411 57.523808 4.2741885 1.5702053 1.8789155 3.70047 0.072587706 -0.008007695
0 5 0.096441254 0.6931315 1.7954441 66.10999 4.833639 1.6513132 1.9796474 2.37223 -0.06043405 -4.897117
0 5 0.09584688 45.949005 1.0739993 64.05847 4.6411667 1.6115416 1.9980977 6.159776 0.056858085 0.4022355
0 5 0.09567937 32.97282 1.5304546 59.86166 4.1799846 1.574721 1.8364153 3.3891468 -0.039602507 -0.013508002
0 5 0.093678676 -20.16044 2.585718 79.57458 4.7549105 1.6581317 1.9668546 3.018168 -0.023590386 -2.019959
0 5 0.092667796 -47.908108 3.737543 62.277245 4.451454 1.5489929 1.8975575 1.478637 -0.037311256 0.017669026
0 6 0.0878262 -49.200314 3.8080332 64.924484 4.3178325 1.5269433 1.8515971 1.444741 -0.053515144 -0.021965917
0 5 0.08536974 -19.717863 2.4812865 77.73342 4.727627 1.6612573 1.9475056 3.013585 -0.010212716 -2.1026013
0 5 0.08390166 17.657942 1.5700192 59.627712 4.589474 1.6004965 1.8953451 3.0917377 -0.02153242 -1.6808356
0 5 0.08338704 -41.081417 3.37913 53.755424 4.746518 1.5164169 1.9592695 1.5892224 -0.07584468 -0.015002378
0 5 0.08281062 -19.68833 2.4969707 77.140816 4.731079 1.7147495 1.9873626 3.0838525 0.0048907623 -2.0332994
0 5 0.08104781 17.41872 1.2239753 59.699375 4.4815497 1.5829802 1.9247044 3.3572712 -0.06470868 -0.01884013
0 5 0.07916184 5.5554504 2.0885973 17.256863 4.59569 1.4638904 1.8105747 4.825041 -0.08908591 7.05412
0 5 0.078166485 -47.34673 3.6771188 60.869877 4.4702034 1.566588 1.9100755 1.4582922 -0.062247656 -0.04136659
0 5 0.07782081 -17.768484 2.30547 69.85221 4.5833025 1.6077486 1.9269645 5.8565583 -0.04837116 0.54380524
0 5 0.07738566 0.870716 1.7711074 73.565544 6.869297 2.6323283 2.5910125 2.1266432 -0.024726141 -0.8766289
0 6 0.07600719 -48.900364 3.7775438 65.80539 4.2148128 1.5230852 1.8282892 1.4149972 -0.10681536 -0.06070202
0 5 0.07551721 46.644764 1.1036284 64.99564 4.639441 1.6938521 1.9989815 5.9384503 -0.060930647 1.3146249
0 5 0.075426 17.303787 1.3226902 59.11366 4.3627844 1.5619361 1.8980693 3.2318041 -0.07123566 -0.02586478
0 5 0.074225456 -48.54791 3.7870548 63.13035 4.4755726 1.5797063 1.9166539 1.4581133 0.001242647 0.05649905
0 5 0.070998244 0.83079964 1.9002832 70.138016 4.9417124 1.7669685 2.1265597 2.7512062 -0.058190204 -4.55556
0 5 0.0686983 32.642635 1.5545101 58.717266 4.2564697 1.553515 1.8766266 3.7008271 0.016999142 0.006449165
0 5 0.067114346 1.0962322 2.0079575 70.89672 4.6916895 1.6972158 1.9786276 2.6220138 -0.05058255 -3.3985312
0 5 0.065542266 -40.853245 3.4645305 54.584576 4.667138 1.5071722 1.9241157 1.5140233 -0.021900527 -0.036615442
0 5 0.06477793 -19.525154 2.5966058 76.77689 4.8416877 1.6953624 2.0253727 3.0921144 0.054841504 -1.039396
0 5 0.06462426 -17.293785 2.3379488 66.59207 4.613293 1.585021 1.9409767 2.7250862 -0.057540804 -1.4302171
0 6 0.06458749 -50.443047 3.8636336 59.604088 4.4812903 1.6077838 1.937778 1.0665405 0.0032695718 0.013846591
0 5 0.06456273 -48.42836 3.7773 62.287663 4.497774 1.5946983 1.931566 1.458978 -0.008950012 0.009270053
0 5 0.06289814 20.127012 1.4729828 68.30085 4.6516137 1.6516734 1.9287866 3.0842466 0.0006134901 -0.7190586
0 6 0.062271394 -48.84833 3.800457 64.43691 4.3601017 1.5541642 1.8568591 1.3795447 -0.06029298 -0.019418247
0 5 0.062022608 -41.127537 3.4460843 55.00627 4.6659765 1.4973089 1.9325335 1.4996833 -0.0120468885 -0.045099463
0 5 0.060365476 42.68044 1.3819613 49.201595 4.6705713 1.680989 1.9840723 3.22435 0.009285133 -0.057046644
0 5 0.06014093 -47.25879 3.6567864 60.159405 4.440754 1.5852671 1.9036514 1.4556959 -0.023178661 0.03455854
0 5 0.059133094 8.613094 1.2051532 123.37276 5.7726016 1.8055485 2.2022681 4.7691026 0.0009032171 10.134369
0 5 0.058564283 41.569603 1.3316412 48.32076 4.7285905 1.6814928 2.011324 3.208209 0.029492585 -0.82507163
0 6 0.05606708 -48.05675 3.7091544 65.99532 4.1686397 1.5356584 1.8090539 1.5606704 -0.12209795 -0.07295481
0 5 0.055208296 0.67867893 1.9166805 63.826897 4.7341356 1.5755205 1.9549693 2.3766234 -0.026937064 -3.11656
0 5 0.054373194 45.523655 1.0793514 63.50812 4.6465707 1.61845 1.9933894 6.1317973 0.058703013 0.87193316
0 5 0.05404201 -40.77815 3.5879838 53.494236 4.690993 1.5277668 1.9477551 1.5643399 0.010822669 -0.026369922
0 5 0.053843424 0.8843215 1.7278086 66.86712 5.0417743 1.7729702 2.051555 2.1293864 -0.07053485 -3.0146897
0 5 0.05298109 -17.772482 2.3054185 69.946205 4.5987115 1.6390392 1.9323599 2.545158 -0.075830854 0.7457585
0 5 0.05256273 -19.131025 2.584549 74.96078 4.771992 1.6571705 1.9784107 3.0662599 -0.008365086 -2.5170274
0 5 0.05182094 46.48183 1.2904241 63.006298 4.565524 1.607871 1.9749181 6.2802486 0.024932547 0.105787955
0 5 0.05161453 0.8587147 1.8283017 65.26954 4.82174 1.6836948 2.0119202 2.1847734 -0.060055457 -2.8297606
0 5 0.050831657 -48.51088 3.813559 61.824722 4.458229 1.6130197 1.9206511 1.4580219 -0.0021516671 0.087355256
0 5 0.050566845 41.68092 1.1825154 48.61967 4.755658 1.6621028 2.0021367 3.2067702 -0.025435124 -1.2913429
1 5 0.06283401 0.839253 1.6771332 74.70953 7.276241 2.660476 2.615052 2.0249753 -0.022683347 -0.733967
1 5 0.053050604 0.7835514 1.6983308 67.861626 5.35172 1.9077067 2.1534076 2.2378392 -0.053601652 -2.6029885
3 5 0.079616316 0.839253 1.6771332 74.70953 7.276241 2.660476 2.615052 2.0249753 -0.022683347 -0.733967
3 5 0.06013672 0.7835514 1.6983308 67.861626 5.35172 1.9077067 2.1534076 2.2378392 -0.053601652 -2.6029885
3 5 0.051106263 0.870716 1.7711074 73.565544 6.869297 2.6323283 2.5910125 2.1266432 -0.024726141 -0.8766289
7 2 0.36121786 -6.6223955 1.9554148 40.288868 0.8583759 1.8343245 0.72734064 4.6676054 0.2309523 0.67021304
7 2 0.21534407 -6.583322 1.94855 40.62521 0.91270417 1.8268152 0.7585165 4.6729684 0.21770418 0.6286209
7 2 0.20701294 -6.4804564 1.9315414 39.140965 0.84689355 1.8416396 0.7284379 4.6155615 0.15411712 0.6764137
7 2 0.19179642 -6.584936 1.9275553 39.742813 0.8149539 1.8150376 0.695492 4.689333 0.19081523 0.7892718
7 2 0.16317692 -6.5828342 1.9389969 40.412403 0.8967353 1.81868 0.7437212 4.630023 0.14636156 0.73952115
7 2 0.08558147 -6.3755403 1.9319768 41.192463 0.9122532 1.829102 0.75272703 4.754227 0.13311651 0.5710274
7 2 0.08264709 -5.438118 1.7468088 34.952362 0.938824 1.8170792 0.760741 4.2061205 0.079516545 0.08988815
7 2 0.07236985 -5.7015333 1.7612612 35.550205 0.91481924 1.8084824 0.7517955 4.1939516 0.08250492 0.44906136
7 2 0.072271064 -6.3345532 1.9054937 40.6028 0.9442709 1.837707 0.7584378 4.6237354 0.122544385 0.5964475
7 2 0.068747014 -6.2128787 1.8904164 37.82088 0.8873983 1.8402086 0.7602314 4.7059546 0.13695467 0.91598845
7 2 0.06738161 -6.7637434 2.025125 40.746895 0.81173563 1.806962 0.6932489 4.692796 0.10616598 0.454563
7 2 0.065681964 -6.7227807 2.0312667 40.82778 0.8539891 1.7918189 0.713088 4.624884 0.054110177 0.5899266
7 2 0.057832316 -6.1811604 1.8908823 38.392365 0.9148849 1.8306745 0.78931177 4.7794313 0.13464364 0.9573805
7 2 0.0543326 -6.634563 1.8789692 39.220722 0.814744 1.8132281 0.6979414 4.606957 0.16742353 0.91808426
7 2 0.050829973 -6.1193166 1.8678579 37.088005 0.84963906 1.8369433 0.73396754 4.5773883 0.15580542 1.1487952
7 2 0.050377 -6.5625005 1.9156268 38.765614 0.81163514 1.8316525 0.69127625 4.5161314 0.10620272 0.94029105
