0 5 0.28593868 10.065816 2.0794797 66.77127 4.3644786 1.5423578 1.8953291 4.8620286 0.002333695 9.878759
0 5 0.26630443 -14.744796 2.5211613 50.29016 4.5297813 1.4666564 1.8738463 1.718857 -0.030596945 -9.18185
0 5 0.25747684 21.667719 1.1137642 48.9496 4.6388545 1.6483861 1.9514415 3.723774 -0.04981497 -0.009352839
0 5 0.24978031 21.907671 1.1145632 49.300087 4.633603 1.6604526 1.9521912 3.7014344 -0.044965442 -0.12830365
0 5 0.17564908 -14.438173 2.5414772 49.36692 4.586416 1.5080044 1.86625 1.9032664 -0.060348906 -6.469459
0 5 0.15665342 -14.210406 2.4830928 48.651695 4.638533 1.4809121 1.8670926 1.8933558 -0.062437393 -5.4956846
0 5 0.14231943 -14.882789 2.5437343 50.89283 4.5482473 1.4544076 1.8790427 1.7215767 -0.10587211 -8.817642
0 5 0.13735007 9.87276 2.1036768 66.045654 4.393901 1.5441113 1.8709923 4.82974 0.016420497 9.368331
0 5 0.10502883 -15.0543165 2.583799 51.29003 4.5493107 1.4843949 1.8627366 1.7157075 -0.05614587 -8.139296
0 5 0.08416067 24.634596 1.2223244 55.18426 4.435149 1.6260835 1.9278787 3.3382149 -0.032583915 -0.0888612
0 5 0.08310206 21.704115 1.0640031 48.65693 4.6381793 1.6436075 1.9386302 3.6655855 -0.055111133 -0.0027721915
0 5 0.08095638 21.934126 1.0609263 48.972702 4.670131 1.6231513 1.9418964 3.751819 -0.04628193 -0.051671866
0 5 0.07981069 -14.573873 2.5446398 49.990074 4.580315 1.5045766 1.8493334 1.8817949 -0.101335555 -5.8117356
0 5 0.07920777 21.804123 1.0952638 49.725067 4.6033015 1.641185 1.9498662 3.6010773 -0.050505914 -0.19604796
0 5 0.07671293 -14.641548 2.5432174 49.50076 4.5884748 1.5055615 1.8483871 1.8901193 -0.06400604 -5.0349264
0 5 0.071636885 24.67639 1.2666765 53.454727 4.6319404 1.6525191 1.9600028 3.3161175 -0.042911768 -0.42383516
0 5 0.071331345 -14.435458 2.5064373 48.938408 4.639799 1.4890044 1.8530774 1.8949943 -0.053742602 -4.2938685
0 5 0.06934048 21.710388 1.1039922 49.484974 4.6119604 1.6441108 1.946433 3.554016 -0.038729973 0.00031331368
0 5 0.06574016 10.201956 2.1598012 67.30713 4.37961 1.5275058 1.8518966 4.851766 -0.018546851 10.166578
0 5 0.064583994 -8.765852 1.9168391 111.05179 5.159105 1.7074891 2.0372164 4.6839123 0.04666333 7.6884456
0 5 0.06216146 -8.8979 1.9641913 111.57664 5.1307416 1.7221656 2.0175722 4.626568 -0.011303227 7.7241015
0 5 0.061722416 24.484486 1.0972836 54.535362 4.4622464 1.6412727 1.9290184 3.32296 -0.083771765 0.038840428
0 5 0.06163146 22.02666 0.940729 49.932156 4.7363405 1.5997674 1.9770111 3.6349943 -0.03502991 -0.008942836
0 5 0.05675477 -14.816318 2.470111 51.653336 4.571415 1.4519944 1.8477135 1.6946478 -0.040382784 -8.412213
0 5 0.05554343 24.324438 1.1647851 52.55922 4.5108585 1.6578794 1.9489913 3.360444 -0.033089034 -0.10087554
1 5 0.050457783 21.907671 1.1145632 49.300087 4.633603 1.6604526 1.9521912 3.7014344 -0.044965442 -0.12830365
8 8 0.14421944 10.048573 1.2600706 14.217309 0.3742717 1.2924039 0.3502863 7.644552 -0.0069173574 0.006132534
8 8 0.13106292 9.837625 1.2555541 13.948226 0.3638867 1.3018912 0.3556633 7.6174 0.03298755 -0.014046102
8 8 0.09196945 10.089776 1.2470453 14.280777 0.38078856 1.3142785 0.36257857 7.654778 0.051023275 0.0053283535
8 8 0.088276654 10.361588 1.2578374 14.6689825 0.37784714 1.31535 0.36015204 7.6478643 -0.0011006203 0.017115816
8 8 0.057115708 10.013255 1.2673538 14.179233 0.36065143 1.3170042 0.3692604 7.5481353 0.048155986 -0.006655449
