0 5 0.5094722 4.963538 2.0056002 13.853365 4.469497 1.5189406 1.8330843 4.8109226 0.017282004 7.2358336
0 5 0.23108752 16.741598 1.5364614 65.28959 4.5645695 1.5476967 1.9481136 3.274405 -0.016734181 -1.0861125
0 5 0.21317479 4.821326 1.9551351 13.445047 4.438157 1.4848764 1.8167315 4.816779 -0.09575931 4.934749
0 5 0.20507531 -13.329861 1.9657278 57.681496 4.487722 1.4842018 1.867791 5.738487 0.018114658 -0.50420815
0 5 0.20148042 16.933723 1.5770707 64.76201 4.7174597 1.6011893 1.9887608 3.0101123 -0.048206475 -2.6991909
0 5 0.19191833 17.490349 1.5647311 67.55471 4.688932 1.6185704 1.9826096 3.0364015 -0.028550744 -3.4681218
0 5 0.18769366 -31.555836 2.815248 66.61163 4.538261 1.7484815 1.9524133 6.333439 0.016678182 -0.049114563
0 5 0.18312402 -2.3108473 1.9190595 57.409866 4.681144 1.52366 1.932784 2.685826 -0.08488999 -7.9497123
0 5 0.16939317 5.254873 1.9974205 14.330905 4.448473 1.5183688 1.8286496 4.806222 -0.026810732 3.1221523
0 5 0.16924427 46.416584 1.309906 53.77323 4.8544145 1.7333101 2.0282226 3.1084495 -0.05966551 -1.46486
0 5 0.1679908 -2.3089254 1.9782498 56.340034 4.5574365 1.5258747 1.8853127 2.4453146 -0.09216316 -8.057432
0 5 0.14727217 45.44838 1.2406385 52.67472 4.8715625 1.71213 2.0454535 3.1370478 -0.027647056 -0.5785055
0 5 0.14510451 -34.485706 3.1213384 72.971054 4.7061687 1.7480199 2.017715 6.3006496 0.068783194 -0.79814124
0 5 0.1291897 -2.2457042 1.9760073 57.83242 4.711496 1.5322084 1.9338475 2.706241 -0.077537194 -7.585852
0 5 0.12868324 45.889343 1.2316705 53.425945 4.8985405 1.7336968 2.0324056 3.1579957 -0.0356735 -0.026027206
0 5 0.12546962 -31.219877 2.823962 65.87333 4.5231 1.7511152 1.9478867 6.312779 0.01882887 -0.022036256
0 5 0.12111871 46.9915 1.2768756 54.614216 4.882228 1.6999387 2.0140526 3.126864 -0.0567433 -1.0726608
0 5 0.11979269 29.765049 1.5386505 56.008564 4.4372478 1.5875018 1.8971683 6.897576 -0.019450936 2.2956533
0 5 0.11879086 17.002993 1.5492761 66.15704 4.679208 1.5968263 1.9694065 3.0926437 -0.015426721 -3.222566
0 5 0.11514139 29.228512 1.5445702 55.63933 4.453121 1.5803872 1.8964058 6.890753 0.082099386 4.0292034
0 5 0.11228876 -34.39275 3.0743384 73.25215 4.756934 1.7382667 2.0235598 6.3013663 0.016394397 -0.8604886
0 5 0.11200128 17.153921 1.5716331 65.74156 4.711861 1.581426 1.9440026 3.0168712 0.019765208 -2.9103982
0 5 0.109934 -34.360607 3.0187767 72.69326 4.743389 1.7349929 2.027331 6.312117 0.049860634 -0.87300134
0 5 0.10700097 -31.782148 2.8437905 67.142525 4.490289 1.7062279 1.9340373 6.3067417 -0.0034129852 -0.28193787
0 5 0.104785144 -2.476793 1.9596632 58.174908 4.6963434 1.5570779 1.957391 2.7040572 -0.03296651 -6.642535
0 5 0.10184237 -2.2021825 1.9884368 56.625042 4.5800586 1.5359302 1.9131877 2.5924675 -0.048147216 -8.228701
0 5 0.09918752 17.465458 1.5742869 67.2608 4.728556 1.6221572 1.9764538 2.9878836 -0.019222638 -2.3182511
0 5 0.097314514 -13.970589 1.9660425 60.752323 4.5121717 1.4890904 1.8917042 5.5041933 0.0037343707 -0.21625844
0 5 0.097272 -13.376645 1.996259 57.984787 4.494744 1.4918545 1.8665477 5.6964226 0.054860093 -0.71865904
0 5 0.09581398 16.991388 1.5520515 65.26842 4.671422 1.574806 1.9549934 3.0984383 -0.040244255 -2.851669
0 5 0.09248065 29.459465 1.3256886 56.051952 4.3871813 1.5860492 1.874665 5.763299 0.16918775 7.5875936
0 5 0.087062135 16.530415 1.5516524 64.4417 4.5240216 1.5450184 1.9160148 3.287299 -0.05562786 -0.5114195
0 5 0.08526354 -2.2781117 2.0092082 59.846336 4.5098 1.5177529 1.8705732 2.2092628 -0.07571224 -7.248437
0 5 0.08500157 -2.4364872 1.9107814 56.78706 4.6676493 1.5313704 1.9426402 2.6854725 -0.03879766 -7.445034
0 5 0.082250856 -2.302371 2.0024235 58.10851 4.5671134 1.54395 1.8947366 2.57248 -0.061993748 -8.505373
0 5 0.07794582 29.874529 1.3628784 56.54307 4.3496327 1.5882422 1.8578688 5.9193287 0.1329222 6.630153
0 5 0.07648904 17.02251 1.5038998 64.38866 4.7053943 1.6010989 1.9764446 2.9482055 -0.005430744 -3.2563772
0 5 0.07298772 47.708244 1.428277 65.00261 4.526792 1.6244427 1.9637694 6.8919225 -0.0010871682 0.66327256
0 5 0.07143509 29.302797 1.5282357 55.240284 4.4441743 1.5671753 1.8904474 6.878082 0.088623814 2.1579115
0 5 0.06950554 46.052258 1.4779241 62.859978 4.2989902 1.4896998 1.8799924 6.159679 -0.007254036 1.6810602
0 5 0.069081865 29.69778 1.5203273 56.340034 4.426665 1.562909 1.9185157 6.872357 0.10297699 2.7088563
0 6 0.06894897 -39.64033 2.887971 49.859093 5.6374187 2.0481596 2.1854851 4.672222 0.08321482 0.9186919
0 6 0.06871098 -39.15846 2.8585453 50.21049 4.957392 1.7729683 2.0343184 4.743519 0.08676912 0.4515373
0 6 0.06849551 -39.462524 2.8863258 49.45432 5.1019135 1.8844573 2.0762095 4.6302347 0.056909926 1.6648246
0 5 0.066963844 29.27372 1.5105667 55.901226 4.4229827 1.5547615 1.8923765 6.8982954 0.021675589 3.2420664
0 5 0.0669336 -31.672512 2.8858151 66.85347 4.462179 1.7314537 1.9249377 6.284786 0.0054051466 0.008274086
0 5 0.066545494 -32.079384 2.8847296 67.50436 4.5417004 1.7645931 1.9693621 6.3170176 0.020876704 -0.03511016
0 5 0.06548812 28.913275 1.5380137 55.14486 4.453218 1.5593919 1.8900448 6.907949 0.116990335 2.7568154
0 5 0.06516883 1.608581 1.5505149 105.00559 4.878045 1.7940075 2.1195555 4.8049707 0.062530026 6.1997333
0 5 0.064696126 5.5028296 2.059852 14.838871 4.4047227 1.5377809 1.8415078 4.7436714 -0.014873594 3.9379282
0 6 0.06465 46.71463 1.473566 64.59707 4.546461 1.595007 1.966245 6.797173 0.050045572 0.42869762
0 5 0.06391766 -11.984812 1.9249051 53.67226 4.830607 1.663702 1.9259801 5.753086 0.04156792 -2.728802
0 6 0.063227035 -40.30361 2.819998 52.662655 4.6228476 1.6949211 1.9640785 2.3683233 0.07886069 0.058848523
0 5 0.062198326 45.77021 1.4913194 52.867245 4.7446513 1.740435 2.0116804 3.102167 -0.022953259 -0.11586905
0 5 0.06219162 30.151697 1.5937011 56.577488 4.414954 1.5679872 1.9169917 6.8702936 0.005323263 2.214371
0 5 0.061916545 43.791935 1.3480947 50.89003 4.8024254 1.7237285 2.0390923 3.1224287 -0.0004029721 -0.9491139
0 5 0.061568704 1.9722033 1.6417373 105.35226 4.928177 1.8447198 2.1384344 4.822198 0.08683889 5.543983
0 5 0.06112926 -32.767715 2.9019775 68.0544 4.4658217 1.6862704 1.9274188 6.253677 -0.018163588 -0.0016596913
0 5 0.06105657 46.272823 1.4591461 63.2295 4.218164 1.4924997 1.8593528 6.1264706 -0.0379423 1.9190592
0 5 0.06045144 -13.43135 2.013462 58.23994 4.48547 1.4802339 1.8731407 5.7150583 0.0352182 -0.27749708
0 5 0.059402835 -34.98255 3.1771786 74.12386 4.678698 1.7258049 1.9975097 6.2692575 0.023990592 -1.0179751
0 5 0.058352098 -13.135376 1.9694829 57.209312 4.4978747 1.519234 1.8763454 5.5240283 0.09382613 0.39988983
0 5 0.05790027 -34.796246 3.1245718 73.624084 4.685508 1.7146714 1.9942237 6.289459 -0.036312755 -0.5452376
0 6 0.057832725 -40.020473 3.095154 50.253616 5.0239153 1.838181 2.0641015 4.6435194 0.08626637 1.2999572
0 5 0.057607416 -14.282087 2.029732 62.04267 4.503102 1.4821349 1.8833922 5.5379715 -0.025744818 1.0922132
0 5 0.057054732 28.971523 1.2771022 55.700943 4.4127913 1.5975235 1.8824039 5.6185083 0.17293286 8.474094
0 5 0.0554249 7.816001 2.046185 19.993603 5.652949 1.8210196 2.079106 4.8709145 -0.0040267548 3.122967
0 5 0.054586105 49.225483 0.97036135 56.81862 4.4055414 1.7285821 1.903721 3.1589375 -0.09810172 -0.30735955
0 5 0.05416037 -13.19484 1.9503429 57.37087 4.6497154 1.571202 1.9115545 5.904752 -0.0065057045 -2.211302
0 5 0.05410125 -2.2217681 1.9488868 55.871407 4.554247 1.5203629 1.9241256 2.5529773 -0.050680913 -8.075485
0 5 0.05394236 -13.656205 1.925674 59.549118 4.486428 1.5165792 1.8862007 5.378736 0.048060805 0.26710996
0 5 0.051450383 -34.11986 3.101851 72.21222 4.636706 1.7398689 2.007672 6.331001 0.039179698 0.041158266
0 5 0.051430285 -32.524647 2.9185915 68.43842 4.49388 1.7020833 1.9429905 6.27824 -0.0023394227 -0.5550195
0 5 0.050628413 26.020422 1.4539013 53.64417 4.470113 1.511868 1.9033034 6.337414 0.06540929 6.5693526
0 5 0.05013329 1.6889699 1.5677377 104.686676 4.7564588 1.8651811 2.1397815 4.7953815 0.00377669 5.5184245
0 5 0.050116025 46.838764 1.3561319 64.88228 4.5226207 1.6329213 1.9597996 6.9005814 -0.04635158 1.4138952
3 5 0.15451805 -10.595995 0.9524617 49.989082 12.444941 4.619218 2.8285508 1.4010152 0.007909963 -3.2452812
3 5 0.13530679 -10.712622 0.8409312 52.951153 12.099571 4.408263 2.763574 1.4239539 0.011444544 -3.482455
3 5 0.10519561 -11.203338 1.0419998 50.694675 12.616043 4.905041 2.9189994 1.3314114 0.01673402 -2.954863
3 5 0.10100513 -11.181624 0.82144773 55.2124 11.721267 4.3065214 2.883799 1.5041838 0.014741642 -3.3244581
3 5 0.08118574 -11.976608 1.1656202 54.143253 10.758162 3.7147784 2.728477 1.6983846 0.036586754 -3.64235
3 5 0.0808987 -11.36185 0.97216344 57.730614 11.622802 4.4372253 3.0139484 1.2708807 0.0365329 -4.200786
3 5 0.07937534 26.462751 -0.30846667 78.792854 11.570234 3.5342731 2.9451768 4.975647 -0.041893467 0.0315961
3 5 0.078050956 -12.247503 0.9260243 59.40802 11.720093 4.417936 2.9780204 1.2232168 0.037470356 -5.2301073
3 5 0.072832085 39.3363 1.5264904 57.996094 8.181264 2.2004368 2.3726196 3.1016455 0.002283914 -0.14944363
3 5 0.07011319 -10.617449 0.7488816 56.2492 11.732847 4.385607 2.7544913 1.4556522 0.01750738 -3.3885176
3 5 0.062283322 -12.836047 0.8302307 62.08777 11.559048 4.3248935 2.8613062 1.2729198 0.026736075 -4.4549003
3 5 0.059491623 -10.789068 0.76090014 57.631706 11.502301 4.1918273 2.8474796 1.4897578 0.016298281 -3.172056
3 5 0.057181366 -12.170044 0.8446032 59.31077 11.439116 4.4065795 3.0201406 1.381619 0.042830065 -4.8904505
3 5 0.055797365 -12.725115 0.7723855 63.106842 11.545221 4.3622785 2.8778927 1.4403865 0.034632087 -3.3720849
3 5 0.05362566 -14.851989 1.1187196 63.44287 11.758549 4.026746 2.9990814 1.017759 0.04218903 -5.467698
3 5 0.05342398 -15.234442 0.90258896 64.57718 11.313506 3.892549 2.9099114 1.1694406 -0.003038534 -4.597757
3 5 0.05145678 -10.663704 0.84219265 51.443886 11.902937 4.4913983 2.6717525 1.4243536 0.060142525 -3.8412194
3 5 0.051007915 -9.923611 0.9263562 58.974045 10.854505 4.2290115 2.9134383 1.4994196 -0.03002859 -3.2432046
7 2 0.16322511 -7.1913238 1.9636842 40.607918 0.8111867 1.7348382 0.6692628 1.4783305 0.054679424 -1.2034557
7 2 0.15923174 -7.1754746 1.9246304 40.52622 0.8284955 1.6987649 0.68022764 1.4714108 0.06978063 -0.081758276
7 2 0.136426 -7.273811 1.9257593 40.49947 0.81055814 1.7202866 0.64098006 1.4842087 0.11348299 -0.25553533
7 2 0.12691504 -7.1747084 1.9608111 40.068497 0.8504357 1.7486984 0.6690328 1.4724505 0.018345898 -2.3901434
7 2 0.07291459 -7.1563206 1.9669874 40.981888 0.83465 1.724371 0.6748377 1.4803424 0.026275283 -1.6465325
7 2 0.064680606 -7.229314 1.9717829 41.277126 0.8552248 1.7273396 0.67936426 1.4565989 0.04696369 -0.7522968
7 2 0.05427177 -7.218442 2.0010703 40.874405 0.7991091 1.6836506 0.68252856 4.598359 0.07295149 0.55897754
7 2 0.054241545 -7.2955284 1.9188731 40.24173 0.82912385 1.7471153 0.64730334 1.4927412 0.06812302 -0.7862453
7 2 0.050218876 -7.346453 1.993735 40.790936 0.80039316 1.7110109 0.65760636 4.636418 0.055151477 0.31512424
