0 7 0.41378036 4.8882523 1.9967475 12.234202 4.6017838 1.505426 1.8510361 4.804851 -0.08583261 4.9365454
0 7 0.31748804 5.266349 2.1593451 13.01442 4.4138427 1.5147825 1.8540208 4.836788 -0.08433601 2.7232606
0 5 0.28880197 14.164669 1.5621867 62.386143 4.550944 1.5527838 1.9222734 3.2157161 -0.07645845 -2.6749427
0 7 0.24910839 4.75907 1.9587936 11.959915 4.538677 1.5089291 1.8332922 4.800391 -0.061856337 4.442784
0 5 0.20998469 -4.4725995 1.9766194 53.408524 4.6749306 1.5197918 1.9572113 2.365667 -0.043396704 -6.290129
0 5 0.20294295 -31.353424 2.666088 64.97788 4.755073 1.7357662 1.9673624 5.354726 0.060210124 1.0492836
0 5 0.18366311 -4.393227 2.0218744 54.413166 4.689862 1.5144973 1.9224098 2.3530638 -0.07120608 -8.401224
0 5 0.1744651 15.662776 1.6134439 67.94108 4.7716374 1.6252555 1.9660426 3.0435145 -0.017565435 -3.7646434
0 5 0.17409387 15.577624 1.6003124 67.55871 4.686414 1.6466694 1.9528844 3.0983343 -0.02196256 -3.1938968
0 5 0.16268763 -10.953088 1.7041293 52.453827 4.628434 1.6317195 1.9471964 4.626702 -0.006768898 7.904158
0 5 0.15656818 51.095303 1.8539798 65.92659 4.554654 1.5771979 1.9482561 7.3779054 0.002297407 3.099937
0 5 0.15653574 -31.076603 2.6451066 64.58195 4.775755 1.7094759 1.9807073 5.817258 0.016367981 0.061270438
0 5 0.14773807 14.288625 1.549907 62.8017 4.5123577 1.54315 1.9127992 3.166328 -0.06441356 -2.572729
0 5 0.14556451 14.358647 1.5523705 63.23731 4.5503764 1.5424424 1.9287082 3.2670288 -0.016294673 -0.7953402
0 5 0.14331144 -4.4161534 1.9819908 53.794262 4.660336 1.5075678 1.896308 2.2740445 -0.055270605 -8.319983
0 5 0.12615605 -4.2020044 1.9746919 51.87895 4.48341 1.5193852 1.8436675 2.2085187 -0.09835826 -7.7515793
0 5 0.11348668 15.360743 1.5062271 66.91289 4.6721287 1.5979598 1.9620183 3.1774802 -0.030513685 -3.508513
0 5 0.10729802 -31.145477 2.5966992 64.547714 4.709819 1.6375648 1.9779541 6.1565776 0.028476292 -0.02793852
0 5 0.1068821 51.42111 1.841058 65.72173 4.5444937 1.5897452 1.9593425 7.371154 -0.075758316 2.9019334
0 5 0.105512336 -31.455013 2.623052 65.10327 4.721736 1.6757096 1.982388 5.862102 0.082169384 0.44978464
0 5 0.10130906 36.86711 1.709733 70.34883 4.586501 1.7356051 1.9436795 5.392952 0.09042355 7.6409416
0 5 0.098812826 14.018678 1.5791175 61.800644 4.522679 1.5802473 1.9043866 3.205598 -0.033683103 -2.6481361
0 5 0.09837634 -31.617392 2.6472878 65.270164 4.6720247 1.6859004 1.944487 5.269336 0.066545874 1.4854167
0 5 0.091361955 -4.0602045 1.9153436 52.542316 4.4400043 1.5372539 1.8386728 2.1432211 -0.13443713 -7.413925
0 5 0.08894634 51.282726 1.7787677 65.54609 4.5290074 1.5777823 1.9329295 7.1557436 -0.025452971 2.7484071
0 5 0.08870738 -4.1098146 1.9358346 50.714584 4.4878416 1.487019 1.8344473 2.23193 -0.03315302 -6.81008
0 5 0.0854695 14.457979 1.5660026 63.545475 4.5186377 1.5314041 1.934034 3.1711094 0.003853757 -0.88309044
0 5 0.084746875 5.4089556 2.227158 13.357805 4.294234 1.4980618 1.8302007 4.797316 -0.07035579 3.5196488
0 5 0.08133899 36.926697 1.7506385 70.64306 4.572801 1.6931982 1.9576418 5.372634 0.09860633 7.647977
0 5 0.08112675 -31.61143 2.6115613 65.296715 4.6722207 1.693563 1.9520159 5.571708 0.026843132 0.05683034
0 5 0.07976957 48.498844 1.655417 63.036713 4.439249 1.5111108 1.9290445 6.320147 0.0077673625 1.2086546
0 5 0.07943426 50.685135 1.8593016 65.34668 4.587514 1.6124238 1.94525 7.405158 -0.0066790553 3.528506
0 5 0.079011604 36.50244 1.6447358 69.94617 4.5670214 1.7153263 1.9483407 5.3654523 0.07386655 8.198804
0 5 0.07755301 37.60706 1.7860994 71.39815 4.609517 1.7274086 1.9512092 5.440573 0.09425965 7.603527
0 5 0.07645357 -11.107846 1.7878149 53.3058 4.643019 1.6064357 1.9354478 4.642973 0.03559821 7.0108585
0 5 0.07589942 -34.890457 3.025328 72.52084 4.708111 1.6854067 2.0165198 4.9831314 -0.016391402 3.0483062
0 5 0.07464486 -34.60878 2.9274464 71.75604 4.7202168 1.6597402 2.0230255 4.9850473 -0.009887824 4.5418777
0 5 0.07256991 14.278683 1.5238426 63.0264 4.4948616 1.5399141 1.8824725 3.1717365 -0.07314761 -2.6910105
0 5 0.0717848 48.2764 1.6537688 62.863094 4.3920164 1.5034028 1.9007177 6.259811 -0.0036250362 1.96764
0 5 0.07103042 51.453022 1.7799923 66.32499 4.5664835 1.5690928 1.9539508 7.262514 0.021001754 3.121223
0 5 0.07090574 -35.310257 3.0308046 73.28486 4.765768 1.7867435 2.0253038 4.9087577 0.09820122 3.0302067
0 5 0.07046166 50.580265 1.1709898 57.540047 4.5843687 1.685953 1.9726772 3.3352244 -0.064893514 0.7455101
0 5 0.0656207 21.770828 1.9696484 45.05486 4.449312 1.495627 1.8831221 5.3279643 0.07673319 5.2203927
0 5 0.065475956 47.754807 1.5971851 61.72148 4.446438 1.5192723 1.9378467 6.2013035 -0.008292434 2.291578
0 5 0.06404205 51.037994 1.9186382 65.279434 4.536182 1.6099344 1.9483778 7.4247117 -0.0621235 3.5251465
0 5 0.062770985 -3.9709973 1.9430842 51.687176 4.4586344 1.4888444 1.8393503 2.1978326 -0.065345556 -6.4548826
0 5 0.061995376 -0.42417225 1.3701428 117.96293 10.402275 3.1295102 3.072095 4.867943 -0.04762617 2.8068159
0 5 0.061445784 49.993053 1.1917322 57.01563 4.6095233 1.683239 1.960869 3.3159862 -0.085520655 0.7417891
0 5 0.06137156 -11.053865 1.7269574 52.830463 4.620757 1.620993 1.9328063 4.6703615 0.013972884 9.766626
0 5 0.061246257 -4.1875963 1.8910377 51.285583 4.4502926 1.5997608 1.8609232 2.1458635 -0.08480674 -7.160975
0 5 0.060785186 -34.983242 3.0736687 72.00405 4.754073 1.7423953 2.0365312 5.0244966 0.16664764 3.3535316
0 5 0.059448693 52.0624 1.8128985 66.61271 4.569982 1.5838668 1.957092 7.2709665 0.002935892 2.996761
0 7 0.05910749 5.164042 2.2984324 12.56782 4.300892 1.6176125 1.8213685 4.750276 -0.05154872 3.362651
0 5 0.05902121 23.23939 1.9857501 47.55846 4.502065 1.5250866 1.9156798 5.472103 0.040335894 7.215149
0 5 0.058559414 19.603373 2.0679915 41.127598 4.3186913 1.5376737 1.8475488 5.249441 0.03713362 4.474314
0 5 0.05842 -11.555311 1.5262394 54.715637 6.758059 2.461131 2.353984 1.4363328 0.07266856 -2.6609435
0 5 0.05768112 15.281882 1.4468858 67.38918 4.8792367 1.6440026 2.018212 3.1314588 -0.021165095 -1.5971739
0 5 0.057163287 52.554825 1.7674892 68.18351 4.4876328 1.5742741 1.9465188 7.2322435 -0.108967215 3.9749324
0 5 0.055364188 48.88855 1.6818717 64.00647 4.450909 1.5124292 1.9279957 6.298152 0.017279582 1.2916083
0 5 0.05480804 24.507584 2.0119693 51.825344 4.503147 1.5372247 1.9175069 5.466669 0.038417697 6.178382
0 5 0.05427906 38.823845 1.930657 72.15126 4.5705695 1.6356952 1.9381864 5.4822392 0.08873862 7.4530373
0 5 0.05134244 19.890165 1.954807 41.57808 4.376572 1.50698 1.8607287 5.2173758 -0.019018508 4.404696
0 5 0.05103334 -0.18322587 1.437021 117.96693 9.590449 3.0648723 2.9695554 4.910831 -0.008867481 2.2362764
0 5 0.05057316 23.47212 1.9699224 49.484806 4.4490504 1.5099735 1.8914119 5.4078236 0.06995793 6.114116
0 5 0.05021515 -10.790549 1.0799179 51.002728 5.8589754 2.1710856 2.0814009 1.3230402 0.017318575 -1.6176616
1 5 0.06917443 -0.42417225 1.3701428 117.96293 10.402275 3.1295102 3.072095 4.867943 -0.04762617 2.8068159
1 5 0.05367403 -0.18322587 1.437021 117.96693 9.590449 3.0648723 2.9695554 4.910831 -0.008867481 2.2362764
3 5 0.11002137 -12.472986 0.78477275 56.2503 11.28066 4.4638834 2.8106194 1.3098022 0.013718432 -1.6095545
3 5 0.099956945 -12.453266 0.6348088 57.2393 11.038068 4.3883033 2.7391558 1.2399905 0.008058483 -1.1993339
3 6 0.080020756 -40.16831 2.472513 48.788857 12.62769 4.407836 3.3872364 1.3718796 -0.005109203 -0.6543441
3 5 0.07959156 -0.42417225 1.3701428 117.96293 10.402275 3.1295102 3.072095 4.867943 -0.04762617 2.8068159
3 5 0.07424077 -7.446127 1.2641239 59.835175 8.771671 3.4493413 2.6094162 1.5006974 -0.046284713 -3.552095
3 5 0.06446997 -12.543215 0.9674494 58.082413 11.209601 4.0665436 2.935569 1.3682318 -0.0008427594 -3.2024338
3 5 0.059524395 -11.500413 0.6763607 54.07081 9.384896 3.8016355 2.6063771 1.4402455 0.0053148456 -1.5424248
3 5 0.057758354 -0.18322587 1.437021 117.96693 9.590449 3.0648723 2.9695554 4.910831 -0.008867481 2.2362764
3 5 0.05612428 -12.75519 0.5266249 61.001038 10.737682 4.043594 2.7478495 1.2618122 -0.019594474 4.6857233
7 2 0.1059247 15.607102 1.8499908 26.857746 0.5993689 1.7034403 0.58301646 4.8951006 0.2522529 1.1638579
7 2 0.09009901 10.436057 1.605945 17.887903 0.71937585 1.7430041 0.67279947 4.5883656 0.039094016 0.6087134
7 2 0.07585334 12.9326515 1.831454 30.033659 0.5791605 1.6262715 0.5735055 5.026028 -0.027039964 0.7479504
7 2 0.0733154 15.587093 1.895328 26.74627 0.6129055 1.710466 0.58975744 4.940204 0.15765476 2.5435228
7 2 0.072828636 13.225583 1.8127749 30.686554 0.5996539 1.6088288 0.57164747 4.9951205 -0.0053138984 0.63934034
7 2 0.059505492 13.087865 1.8804276 30.458166 0.59973764 1.6220865 0.5681576 4.9995236 -0.08623509 1.2086204
7 2 0.057825748 -8.408479 1.932394 47.775414 0.9022597 1.7166967 0.5997284 4.571154 0.010319363 1.8996687
7 2 0.05736735 9.027359 1.5412676 15.479108 0.73245126 1.7627949 0.67253697 4.566654 0.039936997 0.5490213
7 2 0.055284765 16.138103 1.7708789 27.81397 0.5310025 1.7014425 0.53619087 4.8610706 0.1456445 1.0851148
7 2 0.05305284 15.993472 1.8201951 27.588053 0.5561435 1.7272358 0.54902387 4.9324775 0.09871362 1.0735093
7 2 0.051280066 10.618736 1.585772 18.153378 0.6593482 1.7642478 0.6083185 4.639702 -0.0011863634 0.62934476
