0 5 0.5286468 5.9547563 2.178492 25.838394 4.643836 1.5420088 1.908997 4.759993 -0.10692636 6.078312
0 5 0.25309026 23.239582 1.4521856 63.46526 4.433771 1.5787048 1.9051068 3.250756 -0.03663134 0.0012657717
0 5 0.1950499 5.8352165 2.1335945 25.212261 4.5855503 1.4867101 1.8671778 4.8204355 -0.006555954 6.08646
0 5 0.1689577 10.373293 1.9905719 78.936424 4.780109 1.5438814 1.9810158 3.0827847 -0.05529712 -1.9311076
0 5 0.16512528 23.932798 1.6551543 65.22903 4.3249855 1.6802409 1.880567 3.183521 0.010093983 -1.9318177
0 5 0.16230513 23.594202 1.6416495 65.38218 4.4549966 1.6497368 1.9223688 3.2272694 0.042671822 -1.199571
0 5 0.15335932 10.64129 2.0222752 79.629234 4.7482123 1.5489618 1.9652156 3.0747871 -0.069224186 -1.8309876
0 5 0.14905901 -24.160166 2.7111692 79.75278 4.7622786 1.6846157 1.9865311 5.9322605 0.06289765 -0.3432655
0 5 0.14899041 24.222069 1.7503347 66.13629 4.36265 1.6241976 1.890512 3.1788554 -0.046498433 -0.46435487
0 5 0.14204492 22.892622 1.4615792 62.714054 4.440654 1.5899768 1.9089315 3.2107406 -0.068753794 1.8602537
0 5 0.12995185 23.240976 1.448777 63.26192 4.371507 1.5952492 1.8916565 3.2099414 -0.08034926 1.6849519
0 5 0.12770307 43.54146 1.113138 51.998894 4.863356 1.666138 2.0362756 2.8352118 -0.0298921 -4.0522175
0 5 0.1259254 42.727207 1.1581295 50.899406 4.88569 1.6887923 2.0409648 2.7163324 0.0013720319 -2.28893
0 5 0.120219365 23.601393 1.6165354 64.676216 4.3636866 1.6714498 1.8749064 3.262075 -0.03354779 -1.5743856
0 6 0.11866176 -36.04875 3.1744385 55.837288 4.544791 1.508321 1.9523847 2.4813178 -0.015137929 -0.48535904
0 5 0.115104705 51.988182 1.0344545 63.73304 4.673698 1.7199795 1.9802006 2.811989 -0.06584652 -3.688637
0 5 0.113342606 43.25928 1.1273168 51.568615 4.8465242 1.6657078 2.0204356 2.8481095 -0.050634913 -4.2760086
0 5 0.11033159 23.769423 1.6868228 65.02206 4.4206486 1.6117094 1.9026477 3.191973 -0.033340015 0.89266366
0 5 0.10958722 42.273262 1.1552088 50.394814 4.8752894 1.716078 2.0236578 2.7679582 -0.04419992 -1.9877659
0 6 0.10090042 -36.669357 3.2424932 56.80992 4.5491967 1.5237141 1.9424255 2.4144974 -0.011351259 -0.37081164
0 5 0.10011964 50.138435 1.0209478 60.93661 4.707559 1.684162 1.971605 2.7389622 -0.055384725 -3.4491518
0 5 0.10008888 23.065895 1.4251187 63.07138 4.349777 1.5718684 1.8704438 3.1851568 -0.09086466 2.6174123
0 5 0.09844062 23.047861 1.5733383 63.964275 4.5068855 1.645385 1.9261738 3.2467217 0.028391043 -1.5427879
0 5 0.09155756 -24.485508 2.6918817 80.800644 4.7943807 1.6911888 2.0059268 5.992972 0.051176533 0.07524194
0 5 0.089408845 23.495584 1.6233423 64.15072 4.3312163 1.6667771 1.9030353 3.104022 -0.058414765 -2.876136
0 5 0.08807734 12.332931 2.075824 87.675735 5.044362 1.73869 2.0513775 3.0892503 -0.043299742 -2.39016
0 5 0.08683433 43.67089 1.1803877 51.36043 4.8172283 1.6690975 2.0007243 2.8613253 -0.04617506 -3.075276
0 5 0.08618209 24.367168 1.7306046 66.544044 4.3628006 1.6350452 1.8915793 3.1740737 -0.052117042 -1.9327761
0 5 0.08564114 46.178635 0.9751725 55.11389 4.703526 1.6296246 1.9656907 2.5882082 -0.117858715 3.444254
0 5 0.083074346 -24.066555 2.6358676 79.40076 4.7492523 1.6693814 1.9862717 5.8326464 0.064128526 -0.96888244
0 5 0.08055051 52.12693 1.0230901 64.256004 4.640992 1.7367728 1.9831958 2.77981 -0.09589799 -2.9225502
0 6 0.07990903 -36.651318 3.2895036 57.238235 4.54783 1.524001 1.9343784 2.2737846 -0.005989559 -0.37459368
0 5 0.07642679 50.304504 0.93854433 61.194687 4.6954885 1.680905 1.9830227 2.7143157 -0.03870205 -1.8436944
0 5 0.0762474 5.9844184 2.040591 26.449402 4.4450936 1.4869314 1.8624489 4.8230486 -0.0008779168 3.6460779
0 5 0.07574394 23.33196 1.5763779 63.837883 4.424418 1.6856674 1.9107411 3.1382513 0.032427482 -1.0271249
0 5 0.07109254 43.415115 1.0865248 51.09197 4.815276 1.6571833 2.0000257 2.858783 -0.058315985 -4.634545
0 5 0.07034214 44.861256 0.92988646 52.883972 4.6873064 1.6067145 1.9686201 2.4944956 -0.08754825 3.4926236
0 6 0.06852893 -36.342033 3.208011 56.998665 4.519648 1.4985396 1.9308513 2.237516 -0.011445011 -0.8931569
0 6 0.065710664 -36.002995 3.2674174 56.554478 4.5135894 1.511609 1.9211577 2.4197764 -0.019847922 -0.6548118
0 5 0.06559158 41.700565 1.0872326 50.017876 4.8223953 1.6960295 2.0025673 2.8232808 -0.08036896 -4.0051513
0 5 0.06494824 12.032584 2.1744244 88.514656 4.933312 1.6806476 2.024544 3.175926 -0.01589279 -2.629738
0 5 0.063886516 7.0459976 2.0934691 28.472317 4.492834 1.4766378 1.8795077 4.691123 -0.022207314 2.6570835
0 5 0.06298477 45.368317 0.9324543 54.087776 4.697759 1.633037 1.9755048 2.603124 -0.07658533 2.6703892
0 6 0.060492124 -38.570484 3.3088505 60.499516 4.3814435 1.6413864 1.8915021 1.5574229 -0.034419578 -0.06906295
0 5 0.05802443 -0.26302496 2.210844 114.93642 5.0786247 1.5424207 2.018732 1.408028 0.019917553 -5.6829967
0 5 0.057907213 40.55501 1.0304953 61.368908 4.701163 1.6379323 2.0091352 5.7145042 0.037258826 5.242483
0 6 0.057752017 -40.863052 3.3841572 63.153114 4.38562 1.6471994 1.896066 1.4925961 -0.02161041 -0.045492657
0 6 0.056737162 -37.46079 3.2602627 57.763657 4.4512153 1.5265929 1.9232713 2.0044634 -0.03429226 -0.9600837
0 5 0.056398366 10.395917 1.9223921 79.42662 4.762884 1.5441902 1.9869964 3.0599046 -0.023201035 -0.7748527
0 5 0.05560122 12.141381 2.1094906 86.98249 4.9412775 1.7019974 2.0257323 3.1038735 -0.024928134 -2.0644457
0 5 0.05508145 39.939587 0.99976194 61.22846 4.6954546 1.6553308 2.0017076 5.597825 -0.03644388 5.471845
0 5 0.054896146 52.584686 0.9479915 64.687225 4.631663 1.7285869 1.9969286 2.7363117 -0.054939486 -2.5102725
0 6 0.05397935 -37.40692 3.1537414 57.756466 4.5515447 1.4986655 1.9412067 2.2386875 -0.030887906 -0.955661
0 5 0.052398793 11.757104 2.1841514 89.511246 5.0779405 1.7332891 2.0688396 3.08622 0.052983806 -1.5657072
0 5 0.052009415 43.910973 0.9195783 51.680992 4.7088556 1.6282123 1.9775044 2.5442882 -0.05186773 2.5850623
0 5 0.051314745 40.13879 0.9811855 61.58387 4.700842 1.6641269 2.0071316 5.5082693 -0.02872787 5.942391
0 5 0.05115474 -24.420118 2.633645 80.35816 4.76449 1.6775408 2.0009654 5.822646 0.08103931 -0.044649094
0 5 0.050807245 -24.264183 2.73658 80.03087 4.7575197 1.6430655 1.977141 6.162343 -0.034245186 -0.09476513
0 5 0.050592083 41.658016 1.2737699 49.77265 4.844318 1.7085401 2.0458293 2.767739 0.029429795 -0.1543409
0 5 0.05044679 -0.031343598 2.0746758 118.37213 5.6840773 1.634733 2.1154652 1.4623756 0.047789156 -4.291456
3 5 0.08750947 -46.5742 3.1140769 93.86546 13.033557 3.7493958 2.9168947 1.6061103 0.085346445 0.026373137
3 5 0.08716538 -48.1256 2.9905686 93.51686 13.056005 3.7933168 2.9497569 1.6479765 0.05296337 -0.05815324
3 5 0.070093565 -45.85596 3.181706 94.54916 12.923784 3.6355927 2.9014945 1.668609 0.0923212 0.029927447
3 5 0.06885603 -47.901505 2.9395187 90.8619 13.027051 3.883918 2.9468536 1.5943296 0.016748076 -0.074637406
3 5 0.06494904 -47.364002 2.9755237 92.5098 12.982372 3.7999985 2.8661356 1.4955728 0.021294476 -0.45849925
3 5 0.058255903 -46.71917 2.8903048 88.81721 12.9079685 3.8667362 2.8418994 1.4677486 0.019551089 -0.42105043
3 5 0.056565944 -46.232365 3.0507188 93.55218 12.869757 3.7493935 2.8624842 1.4905996 0.035141103 -0.05978435
3 5 0.051826138 -46.48425 3.0619483 94.034805 13.111831 3.6381214 2.9371066 1.7328197 0.05482471 0.37927693
3 5 0.0501949 -48.395485 3.0502052 94.5819 13.161646 3.6936927 2.9485848 1.9289787 0.021069394 -0.0120472545
7 2 0.34208775 -6.9312935 2.0892782 54.06123 0.7479893 1.7575856 0.66142076 1.5813615 -0.01923951 0.2531562
7 2 0.2023964 -6.9336867 2.0748987 54.42427 0.7744188 1.7593671 0.6577191 1.4984028 -0.0060808556 -0.30874443
7 2 0.17765579 -7.0870667 2.0919456 55.07504 0.72044396 1.7595619 0.6639414 1.6340021 0.009744301 0.19804984
7 2 0.16234551 -6.964412 2.099308 54.164715 0.78183854 1.755696 0.67991877 1.6148124 0.012761798 0.14547074
7 2 0.12421808 -6.7968554 2.044933 53.818455 0.76213205 1.7589065 0.6706611 1.6435155 -0.06126035 -0.4677017
7 2 0.11746527 -7.049537 2.0862474 55.2253 0.7301248 1.7563704 0.65528876 1.5293932 -0.022692405 -0.10257109
7 2 0.098890394 -7.151156 2.1041965 55.428413 0.7205106 1.7435116 0.654756 1.679595 0.039407745 -0.40203637
7 2 0.08887366 -6.6000514 2.019547 55.343163 0.7712442 1.7959584 0.64989716 1.9114715 0.0029976014 -0.41622052
7 2 0.08239053 -6.9048057 2.0665927 53.74598 0.7681816 1.756293 0.69271374 1.6396705 -0.12462399 -0.17512354
7 2 0.07131551 -6.5876055 2.0181603 55.70254 0.7680568 1.7360507 0.6691163 1.828711 -0.0625459 -0.6343887
7 2 0.056798957 -6.7094197 2.0320807 56.14135 0.76382345 1.7839315 0.66366845 1.9629575 -0.04969649 -0.42492852
7 3 0.052017953 11.917803 1.8629594 48.665306 0.68748623 1.6919237 0.61720467 4.665081 -0.01783999 0.14298621
7 3 0.05082787 12.134096 1.8797872 50.85102 0.6849016 1.7010919 0.6249869 4.7719903 -0.028275963 0.703446
8 8 0.100603625 14.344784 1.6957198 20.36252 0.3843824 0.95777625 0.4156192 5.079774 -0.009785455 0.1201408
8 8 0.08977935 13.424061 1.604125 19.06477 0.37031025 0.9169238 0.39071497 5.494757 0.0072326977 0.07053055
8 8 0.085894674 14.390365 1.7196786 20.422142 0.40477172 0.9380412 0.43098852 5.003548 0.035453573 0.06033311
8 8 0.07058659 13.507249 1.6116002 19.167477 0.37967953 0.8987148 0.3994994 5.315231 0.021228014 0.04096009
8 8 0.0583841 14.013366 1.6370423 19.976358 0.37799898 0.9374032 0.4059113 5.314821 -0.029646384 0.13484699
8 8 0.057816613 13.304383 1.567947 18.970415 0.36778554 0.882485 0.3856039 5.811779 -0.0095145935 0.10452675
