0 5 0.370545 6.6615844 2.1911669 31.848633 4.7780695 1.5387324 1.937628 4.7449303 -0.02426916 3.2077162
0 5 0.23667371 6.512902 2.136445 31.167498 4.7818804 1.510196 1.9103688 4.780516 -0.085206375 5.879481
0 5 0.21146864 5.934889 2.0597181 28.389307 4.511028 1.5106051 1.8557049 4.762363 -0.035605185 4.4563174
0 5 0.20275453 55.505558 0.9545041 69.28955 4.914152 1.8130156 2.0514321 3.2050786 -0.08103968 -0.5525836
0 5 0.19254515 54.547226 0.97826 68.18475 4.7965183 1.808759 2.0473552 3.356984 -0.01261977 -1.2912762
0 5 0.18441689 53.338642 0.97853225 66.19033 4.8037195 1.7621237 2.0235324 3.2996135 -0.085580274 -2.692571
0 5 0.16630593 26.934206 1.4874636 67.67055 4.447315 1.6202327 1.9162085 2.9905515 -0.0735639 1.3476385
0 5 0.15303627 53.93704 1.03257 67.14381 4.7991624 1.7342539 2.0324547 3.2456677 -0.06694561 -2.042678
0 5 0.15128389 27.154884 1.4958274 68.350075 4.4634023 1.6168407 1.9240437 3.056487 -0.035954285 -0.004902633
0 5 0.1422625 5.8565636 2.0246794 27.915709 4.522022 1.5302861 1.8617494 4.7698364 -0.077908576 4.3614416
0 5 0.13194461 55.140846 0.9940345 69.03699 4.7329764 1.7840174 2.0079832 3.1542985 -0.09410152 -1.0816684
0 5 0.12325729 54.359715 1.0748246 67.922356 4.790498 1.7886115 2.0559938 3.3201478 -0.03589094 -1.1722933
0 5 0.11262614 6.06264 2.091647 29.400444 4.4952497 1.5282189 1.8255646 4.7436185 -0.07517765 3.9499145
0 5 0.10857049 27.283506 1.6063008 69.62091 4.588107 1.6282662 1.9628025 3.1392117 0.04694183 -0.71482086
0 5 0.10381046 54.272907 1.0268686 67.632 4.779304 1.8105993 2.0297194 3.300726 -0.05350531 -3.7712555
0 5 0.09698252 27.772192 1.6293889 69.42342 4.5732303 1.6332995 1.9626104 3.1178036 -0.07454753 0.5738854
0 5 0.09282543 54.76536 0.9305982 68.46598 4.833138 1.7934837 2.0406356 3.157579 -0.051341563 -0.3439116
0 5 0.089643724 55.82309 0.8808777 69.59694 4.8946266 1.8293638 2.0308056 3.2287111 -0.08863961 -0.33069238
0 5 0.085073754 56.328453 0.880903 70.08937 4.898091 1.803465 2.0386055 3.2335398 -0.072881855 -0.4934065
0 5 0.07888245 -27.253971 2.7968497 85.39052 4.7590575 1.7713034 2.0119517 4.911726 0.006136706 0.17942297
0 5 0.076026626 35.3477 0.93055797 57.971954 4.4337316 1.6821829 1.9212105 4.9450145 -0.07703473 1.9566426
0 5 0.075932726 6.253976 2.1321592 30.008694 4.5723596 1.4906493 1.8297799 4.754843 -0.0789415 2.87839
0 5 0.07281052 27.349535 1.4555445 68.903046 4.4740167 1.6296673 1.9237558 3.0583482 -0.06893777 1.7727863
0 5 0.070643425 28.188492 1.6151221 70.33128 4.5405087 1.6274682 1.9266775 3.1811204 -0.012811219 -0.59260815
0 5 0.067503005 35.637653 0.96814245 58.759785 4.445746 1.6905361 1.9122909 4.924015 -0.12757014 3.2997873
0 5 0.067365676 27.522429 1.646003 70.09639 4.659718 1.6111673 1.9595255 3.201912 0.0023183096 -0.8586654
0 5 0.063420124 32.04032 0.81536895 53.887688 4.733111 1.7789412 1.9956315 1.5711342 -0.025333319 0.37398773
0 5 0.06337467 -27.2575 2.8267696 86.674736 4.7221293 1.7491461 2.002375 4.8980703 0.0252204 0.5198185
0 5 0.062934496 52.53242 0.951951 65.29189 4.885425 1.7181474 2.0343976 3.3241355 -0.04440244 -2.236759
0 5 0.0626027 27.85315 1.6451447 69.705475 4.643873 1.6102748 1.9620366 3.1816175 -0.0864328 -0.026422864
0 6 0.06016544 -39.69683 3.1144137 65.556435 4.5327573 1.6461668 1.9577296 1.4714366 0.00027162954 -1.7877406
0 5 0.059455004 12.829537 1.9675298 77.453445 4.507672 1.5299498 1.90455 2.8127823 -0.089968756 3.7665288
0 6 0.057690986 -42.82551 2.9805963 70.24612 4.5979323 1.6142308 1.9812273 4.646118 -0.020617027 0.41459584
0 5 0.057516854 28.330345 1.5813262 70.61174 4.614885 1.6337422 1.9476378 3.2199595 -0.051290862 -0.9753489
0 6 0.05465752 -43.109177 2.9082098 70.636154 4.5448103 1.5692188 1.9596885 4.6466417 -0.03454411 0.48939073
0 6 0.05378842 -33.569714 2.6080751 43.455112 4.5415244 1.656861 1.9616005 1.5213505 -0.025745377 -0.01269451
0 5 0.052654013 35.72402 0.9329452 57.825443 4.381562 1.6735437 1.9120189 4.9599195 -0.04298718 0.900579
0 5 0.052651353 27.280046 1.586323 69.303696 4.540286 1.6404985 1.9604857 3.0996792 0.06501134 0.22914267
0 5 0.052565604 -31.969728 2.8201842 88.819786 4.6726103 1.7061814 2.0371115 4.5570297 -0.12683585 10.082829
0 5 0.052472655 13.435188 2.0229979 82.45541 4.4119263 1.5491741 1.886046 2.8779485 0.023174847 2.9742663
0 6 0.052379046 -41.771725 2.939828 68.8201 4.6992965 1.648584 1.9952041 4.6739464 0.009005666 0.10503603
0 5 0.0522862 12.541689 1.9979417 71.99321 4.5267663 1.505173 1.8991044 2.6312656 -0.09771491 2.4825234
0 5 0.052105647 13.046782 2.0716186 79.31071 4.4427433 1.536507 1.9134606 2.9480383 -0.055389076 2.9633152
0 6 0.051486213 -40.34481 3.1172876 65.80772 4.5226693 1.6546609 1.9564567 1.4778721 0.0047078133 -1.6120286
0 5 0.05123868 54.94988 0.93112016 68.71694 4.7320733 1.7967126 1.9921196 3.1592028 -0.09591516 -1.7055267
3 6 0.07539448 -44.088276 2.8352463 94.18199 12.484043 3.8221328 2.9080217 4.379965 0.017409058 0.06834595
3 5 0.06541389 30.30905 0.61528623 55.456516 10.386999 3.5022428 2.682079 1.602978 0.020085657 -4.518169
3 6 0.05973228 -44.525375 2.828261 92.25647 12.152747 3.8289177 2.835435 1.1720458 0.0029577017 0.059538536
3 5 0.05423162 1.9708731 1.6329867 141.76756 11.386333 2.8557315 3.0490818 1.5272167 -0.021746684 0.4199069
3 5 0.051173083 29.370846 0.7499423 53.7589 11.019731 3.5313513 2.8155324 1.6408769 0.005843293 -4.9010224
5 2 0.07411579 15.123617 1.8347006 50.287106 1.6474626 1.6181649 0.5700342 1.4511799 -0.14378995 0.020723958
5 2 0.057928436 15.152707 1.8367434 50.749573 1.6461778 1.6110698 0.5808483 1.4713188 -0.14328744 0.037919335
6 2 0.08489106 15.123617 1.8347006 50.287106 1.6474626 1.6181649 0.5700342 1.4511799 -0.14378995 0.020723958
6 2 0.0713188 15.152707 1.8367434 50.749573 1.6461778 1.6110698 0.5808483 1.4713188 -0.14328744 0.037919335
6 0 0.06120562 14.956196 1.8711253 50.13275 1.6296753 1.6727827 0.56396025 1.4894998 -0.22321464 -0.021045586
6 0 0.060617436 15.04295 1.8638816 50.06339 1.6297814 1.6754824 0.56245387 1.465053 -0.22843437 -0.034180474
7 2 0.2631327 -6.4467354 2.1017816 55.846954 0.75448865 1.7743368 0.6418927 4.717704 -0.0096416995 0.4697605
7 2 0.1923534 -6.339143 2.0803986 55.221775 0.74564636 1.7808887 0.63218564 4.6708584 0.05871243 1.0788864
7 2 0.14686395 -6.5773854 2.1218534 56.963753 0.71595067 1.7874078 0.6448232 4.750839 0.019405397 0.31455407
7 2 0.11671565 -6.3952 2.1275296 55.675083 0.7476402 1.7611809 0.6459539 4.749356 -0.05008789 0.36391905
7 2 0.11189294 15.123617 1.8347006 50.287106 1.6474626 1.6181649 0.5700342 1.4511799 -0.14378995 0.020723958
7 2 0.10682005 -6.256864 2.0629282 54.816128 0.72518116 1.778005 0.62866545 4.704533 -0.031604365 0.19491884
7 2 0.104972675 -6.4350886 2.1030777 55.92935 0.71577996 1.7633241 0.6419673 4.7044473 0.024594424 0.40436682
7 2 0.09187426 -6.486351 2.1037955 56.088528 0.7946703 1.7680827 0.66336393 4.763385 0.030060807 0.49207103
7 2 0.07973392 15.152707 1.8367434 50.749573 1.6461778 1.6110698 0.5808483 1.4713188 -0.14328744 0.037919335
7 2 0.075791046 -6.7596765 2.1345434 57.969193 0.733607 1.7665135 0.63976187 4.7995963 0.042635232 0.046022534
7 2 0.072706886 -6.135904 2.0081396 54.95043 0.7654 1.8074129 0.6267734 4.7220273 0.011424977 0.21543688
7 2 0.060338374 15.060155 1.8275758 49.838463 1.6267107 1.6231146 0.59674865 1.4027638 -0.12532346 0.0108191185
7 0 0.058848765 15.04295 1.8638816 50.06339 1.6297814 1.6754824 0.56245387 1.465053 -0.22843437 -0.034180474
7 2 0.05830694 15.177225 1.8030179 50.340027 1.6126857 1.5746032 0.57371956 1.4717559 -0.14654356 0.021639492
7 2 0.05051425 -6.0493073 2.0269635 54.250973 0.746056 1.7786326 0.6223371 4.738977 -0.04471218 -0.009766416
