0 5 0.321901 -24.705465 2.0870469 36.559216 4.3203626 1.5858526 1.8491055 4.839874 -0.01123597 0.035823982
0 5 0.19018926 18.966558 2.6215715 118.89442 4.4515476 1.6471694 1.9303688 4.958997 0.06697504 11.147192
0 5 0.16011336 -24.526083 2.0681975 36.33328 4.28894 1.6117783 1.8578026 4.8505516 0.03210506 1.0972972
0 5 0.149408 -24.264212 2.1221952 35.893986 4.340916 1.5950854 1.8609799 4.8286943 -0.036457993 1.3798904
0 6 0.1340004 -19.18936 2.1643424 58.901615 4.323233 1.6158662 1.8545148 6.107918 0.10303349 0.08528672
0 6 0.10919881 22.926043 1.8178693 26.56563 4.3230495 1.5391479 1.8369408 7.562586 0.027467282 -0.0017845407
0 5 0.10178096 -24.84577 2.0981436 36.81655 4.287129 1.602457 1.8482287 4.8848324 0.030228714 0.003957486
0 6 0.10148204 -19.059494 2.1943808 58.40352 4.3145456 1.6342485 1.8527603 6.118787 0.06537681 0.013735808
0 5 0.09610813 -26.648476 2.3669505 39.43106 4.148966 1.5680034 1.8001182 3.1483102 -0.022599475 1.4176555
0 6 0.09489311 21.863518 1.7852486 27.412449 4.3898807 1.5120692 1.8306426 7.4820175 0.017114183 0.025253277
0 5 0.09256529 -26.180244 2.273952 38.44894 4.17712 1.5826216 1.8208565 3.1062088 -0.019325469 0.013465844
0 5 0.09027813 -24.408281 2.1439686 36.0986 4.316498 1.5865917 1.8558911 4.843805 -0.05342868 0.9561152
0 5 0.085894845 18.520168 2.5633445 116.775345 4.439105 1.6599115 1.9199163 4.955381 0.0746868 10.556499
0 5 0.08580358 -23.907803 2.1050758 35.35058 4.3621244 1.5900538 1.8627399 4.9567385 -0.0033583622 1.3115811
0 5 0.081319705 19.163294 2.646569 119.88905 4.435506 1.5981592 1.91784 4.941589 0.014711099 10.730394
0 6 0.07834629 22.929663 1.8172444 29.630873 4.3165517 1.505214 1.8239183 4.233706 -0.010724327 0.00044731796
0 6 0.07371863 -19.026125 2.1814675 58.624916 4.3025312 1.632678 1.8690916 6.1225467 0.012054667 0.006056132
0 6 0.07355482 22.25254 1.8410337 28.60142 4.3954253 1.5160608 1.8419402 4.280055 0.0115717035 0.026787084
0 6 0.06931618 -19.160349 2.1491137 59.42091 4.3410645 1.6207215 1.8605262 6.0534153 0.074653655 -0.0061357915
0 5 0.06463799 -26.421024 2.3397963 38.975334 4.1646276 1.5665272 1.812648 3.1162615 -0.0013854094 2.781358
0 5 0.058931664 18.46087 2.4454224 116.18826 4.465146 1.6481442 1.9250101 4.959541 0.06961662 10.091301
0 6 0.05639838 -19.419144 2.1026545 59.864227 4.3713775 1.6271826 1.8819002 6.0788035 0.07316211 0.033891592
0 6 0.05622142 22.180685 1.7121696 27.628166 4.407607 1.5113404 1.8177332 4.371567 -0.018572744 0.80465263
0 5 0.0560158 -26.179543 2.2100327 38.216183 4.216154 1.5869833 1.829846 3.042441 0.011996599 0.36431763
0 6 0.053835884 21.86087 1.8517692 25.167885 4.271158 1.5555538 1.8336803 7.5813236 0.018479263 0.06893408
0 5 0.053736363 -26.024534 2.3373866 39.590553 4.321647 1.6066095 1.8232332 3.113635 0.04813893 0.3858245
0 5 0.051953364 17.396572 2.1344476 92.67281 4.6580896 1.646422 1.945229 4.9204845 0.094819516 4.471497
0 5 0.050613817 20.530096 1.6005889 87.64422 4.9206576 1.7331372 2.0141864 4.8423443 0.082938634 10.609265
0 5 0.05055286 -25.349617 2.1302972 37.261826 4.187888 1.5823016 1.813928 3.0817451 -0.040308654 0.6272401
7 2 0.051104166 -25.378773 1.6596969 43.665756 0.436777 1.7090652 0.5015952 4.489458 -0.09009966 0.0985383
7 2 0.050837234 -17.504843 2.0308785 49.38862 0.47334206 1.7381169 0.52244735 5.629956 -0.07418417 -0.037982844
7 2 0.050755247 -24.546577 1.635541 43.05413 0.4548313 1.7281216 0.5108279 4.6371675 -0.06784781 0.06865478
7 2 0.05071876 -23.96469 1.612582 42.66576 0.480899 1.7284665 0.5262748 4.735331 -0.06746553 0.0659705
7 2 0.050394397 -24.01171 2.1354203 54.55093 0.60874987 1.744977 0.6068422 5.3114386 0.009617964 0.038359206
