0 5 0.25769767 -8.5025015 2.0209482 63.98258 4.5886817 1.5291907 1.9238259 4.700437 0.040779687 3.558405
0 5 0.21556589 13.222473 2.100128 79.921684 4.4359803 1.6304208 1.9258016 4.9411116 -0.049283557 8.626641
0 5 0.21119 23.840126 1.0919248 53.286587 4.83219 1.6731254 1.9811097 2.5220752 -0.02701043 -2.734109
0 5 0.17927206 -8.466215 2.0316308 64.38046 4.6043653 1.5144857 1.9218122 4.7470145 -0.105024934 4.668232
0 5 0.13839422 26.920845 0.9348506 60.09561 4.465545 1.6422367 1.8976517 2.0117643 -0.107358 1.3514246
0 5 0.11787828 29.190403 0.8475915 64.08294 4.5562916 1.6224298 1.921919 1.6618819 -0.16005914 5.8352504
0 5 0.09889812 24.198135 1.0660409 53.773933 4.760105 1.662279 1.9631423 2.5290115 -0.06505603 -3.6466875
0 6 0.08925968 43.201855 0.062021077 53.49179 4.4971685 1.6643764 1.882776 6.639744 0.017719267 0.01899404
0 5 0.08843463 -8.402375 1.9646733 63.399082 4.5081077 1.5125839 1.8892771 4.7127395 0.01213045 3.2213326
0 6 0.083107986 36.230602 0.3484665 43.66081 4.3556433 1.633697 1.8766115 6.648793 -0.0017187819 0.008363787
0 6 0.0804513 43.89692 -0.013906002 54.39826 4.53889 1.683432 1.8698835 6.665915 0.013959726 0.017906178
0 6 0.08031476 41.26189 0.13909203 49.95465 4.516071 1.6789386 1.888917 6.6700177 0.012297995 0.0070084017
0 6 0.0724519 42.553093 0.052998245 51.403336 4.5502987 1.6929201 1.8695296 6.681238 -0.007270403 0.0070600677
0 5 0.06825153 26.761978 0.97808516 60.558167 4.4100327 1.6567549 1.8899323 2.6155481 -0.0960771 -0.12871185
0 5 0.06742933 32.181274 0.69293714 69.36651 4.6159263 1.6040674 1.9418019 1.7980106 -0.12001485 6.445318
0 5 0.066500664 23.71368 1.2946274 52.691624 4.76521 1.6699117 1.9731358 2.5586598 -0.08255733 -0.6632414
0 6 0.06644103 46.00116 -0.0013403893 58.773544 4.4789004 1.6456333 1.8722398 6.6118045 0.02794134 0.02090282
0 5 0.065900825 28.7285 0.8028508 63.157 4.5408955 1.6209383 1.9180424 1.6363184 -0.15378125 4.4558325
0 6 0.065464735 40.197174 0.16975498 47.295574 4.477988 1.6754144 1.8850907 6.672287 -0.024721647 -0.008047518
0 5 0.0636742 -8.813368 2.0374153 65.09744 4.596822 1.5210413 1.9148003 4.722953 -0.172829 5.3776493
0 6 0.06284652 39.639664 0.20753568 45.190662 4.4247136 1.6655064 1.904124 6.715131 -0.046566464 -0.0070764143
0 6 0.062282596 46.146946 -0.03682387 59.026 4.508358 1.6647661 1.8622321 6.6303678 0.02477532 0.026507989
0 6 0.061021585 37.229225 0.34299222 45.283302 4.3972797 1.6495087 1.8851323 6.6727333 -0.019590199 0.004520025
0 6 0.060390096 41.30431 0.058906794 48.5161 4.5226355 1.6728745 1.8771315 6.6952047 -0.03742982 -0.003637137
0 5 0.058550328 25.043083 0.9477565 56.051735 4.8782086 1.6541642 2.0027819 2.6495767 -0.056494966 -1.5765094
0 6 0.055796288 40.37468 0.066845596 45.958454 4.4426613 1.6511294 1.8980308 6.727422 -0.06450302 -0.018722888
0 5 0.055294655 37.836937 0.46324226 78.3456 4.5704103 1.601515 1.9344679 2.0036063 -0.033236705 6.2863326
0 5 0.052791473 13.04103 1.9819646 78.366486 4.4410305 1.6179434 1.8919308 4.91895 -0.013486348 8.100126
0 5 0.05227896 26.344276 0.8720275 59.606792 4.386102 1.6174654 1.8763901 2.6316476 -0.09665127 -0.12974721
6 0 0.09421981 14.842922 0.7735165 61.429478 0.5268179 1.7398045 0.5401269 5.054547 0.04156501 0.33469343
6 2 0.0811271 14.976715 0.78340966 61.25813 0.5201804 1.7604647 0.54482365 5.041004 0.07590103 0.3504561
6 0 0.06463672 14.896771 0.7665689 63.877106 0.53112346 1.7073491 0.53046674 5.042185 0.045476735 0.25276452
7 2 0.09025182 14.976715 0.78340966 61.25813 0.5201804 1.7604647 0.54482365 5.041004 0.07590103 0.3504561
7 0 0.0772609 14.842922 0.7735165 61.429478 0.5268179 1.7398045 0.5401269 5.054547 0.04156501 0.33469343
7 2 0.06486479 15.2835045 0.7826627 60.71997 0.51562905 1.7708086 0.5453675 5.017629 0.058269262 0.35812142
7 2 0.058195848 14.927992 0.822734 60.98786 0.47774726 1.758556 0.53103215 5.062353 0.008509815 0.37388694
