0 5 0.40319034 6.892526 2.2078192 40.111156 4.6181173 1.5973097 1.9123825 4.8020105 -0.026113711 6.3754745
0 5 0.21238753 46.258583 0.78590477 61.458344 4.856942 1.7670913 2.043348 6.42382 -0.019353857 3.2617145
0 5 0.20138593 46.42405 0.80247355 61.787296 4.833608 1.7737665 2.0260158 3.387117 -0.015344749 0.8605934
0 5 0.15496081 33.7243 1.251663 78.98398 4.5805225 1.7099762 1.9692179 2.2058995 -0.03318304 -1.29971
0 5 0.14640796 33.644417 1.2032322 78.6911 4.547546 1.7109903 1.9751743 2.1480184 -0.030189466 -1.5766888
0 5 0.13005452 6.9302125 2.2427258 40.622063 4.641238 1.5937357 1.9172176 4.807965 -0.08563044 5.963082
0 5 0.12910852 46.418343 0.7965425 61.70497 4.840107 1.7689252 2.0404282 6.3519034 -0.06378015 4.891057
0 5 0.124887586 47.31838 0.77162415 63.004467 4.817896 1.7752806 2.0288692 3.3200502 -0.028139975 3.0959778
0 6 0.11955154 -35.87699 3.5828018 67.970894 4.487372 1.5815028 1.9322478 5.149842 -0.022438293 -0.4510706
0 6 0.11784721 -36.824276 3.680498 67.98616 4.5139337 1.5938946 1.937664 5.1651616 0.0031651575 -0.014467249
0 5 0.09995955 7.1823053 2.2507648 42.054905 4.705284 1.6472331 1.9723424 4.829704 -0.10567562 10.340713
0 5 0.098352484 7.036482 2.223072 41.207905 4.6682124 1.6114709 1.9082278 4.8236237 -0.1926034 4.906452
0 5 0.09008897 33.507713 1.2219288 78.35923 4.554109 1.7160118 1.9737834 2.0863287 0.015241684 -1.706722
0 6 0.08938445 -36.217587 3.5816891 68.58688 4.486753 1.5794053 1.9352653 5.0734067 0.0013434589 0.0058483277
0 6 0.08914148 -37.57811 3.6405048 69.22367 4.5237327 1.6085267 1.9381528 5.116883 0.024826074 -0.0010880828
0 5 0.079487994 32.847256 1.1906972 77.12886 4.507178 1.6996886 1.9522284 2.2389283 -0.06225227 -1.7718359
0 5 0.07567205 46.202595 0.7741411 60.911743 4.867022 1.7653111 2.0250027 6.614894 -0.013070272 1.395024
0 5 0.0756659 45.557335 0.75355035 60.509842 4.8852997 1.7091403 2.0379078 6.453169 -0.04756899 2.271495
0 6 0.068780206 -36.73077 3.732826 69.83573 4.516184 1.5777298 1.9233304 5.218333 0.03076586 0.004036801
0 5 0.06807735 49.98042 0.5741645 67.02951 4.727923 1.6635519 2.0013704 6.4085975 -0.009636849 1.8445631
0 5 0.06678974 32.644756 1.1620089 76.63319 4.5012546 1.7023333 1.9546458 2.2502806 -0.041809924 -1.6079968
0 5 0.06493816 46.60814 0.7318796 62.447395 4.872582 1.7509621 2.032789 3.2586381 -0.110358536 4.254069
0 6 0.06364924 -36.245754 3.4747696 67.12732 4.4613733 1.5720574 1.9243995 5.069745 -0.03957156 -0.5510381
0 6 0.060069002 -35.56208 3.535907 67.328415 4.5223465 1.6331968 1.9530181 4.8983493 0.026882881 -1.4059244
0 6 0.059279647 -34.5586 3.512411 66.59112 4.523664 1.6302884 1.9583074 4.8969035 0.024616962 -1.6422867
0 6 0.058252867 -28.809795 2.457107 36.97775 4.2293553 1.6482534 1.813059 6.0732374 0.030453844 0.038858477
0 6 0.05531047 -33.802258 2.5774775 47.081398 4.349032 1.5977316 1.8830885 6.1044846 -0.012752973 -0.02133812
0 6 0.054850172 -36.98764 3.7351968 70.31388 4.5029926 1.5864486 1.9163219 5.1276503 0.039934084 -0.00068755075
0 5 0.05436818 51.806286 0.4996185 70.582726 4.5677905 1.6231731 1.9541999 3.3708205 -0.0066886786 2.064675
0 6 0.053546537 -27.684807 2.4331715 34.83772 4.04165 1.6847303 1.6530561 2.932945 0.00064814277 0.05491075
0 5 0.05319469 47.087234 0.7836431 62.1519 4.8036737 1.7539582 2.0279398 3.409043 -0.06316265 3.0055664
0 6 0.0529705 -36.29815 3.5553966 67.40558 4.5140038 1.6204513 1.9422946 4.8951983 0.06551131 -1.2016577
0 6 0.05296359 -30.560362 2.416138 40.24464 4.3399353 1.6334221 1.8731534 6.0867605 0.042483814 0.01972982
0 6 0.05265036 -35.98509 3.5996737 68.22023 4.5343695 1.5524709 1.9295261 5.181697 -0.04505846 -0.023631472
0 5 0.050210275 49.371822 0.5929779 65.58999 4.811462 1.6820338 2.021938 6.1167564 -0.004909802 3.3560364
3 5 0.16625579 -38.773884 3.0572493 115.13158 12.543134 3.8512177 3.1957486 0.7873932 0.04631599 -2.8840358
3 5 0.11187693 -38.653324 2.958807 110.57555 12.615129 3.7951322 3.1000202 0.87574136 0.009350095 -2.572878
3 5 0.10867948 -39.187603 3.0879564 116.45678 12.299094 3.7947683 3.2255726 0.79385763 0.0660453 -2.6142764
3 5 0.08312748 -32.195087 2.6324341 101.77943 12.635565 3.770601 3.014125 4.6890445 -0.052634902 0.002521731
3 5 0.07355792 -39.359596 3.0589333 112.2593 12.533593 3.7857172 2.9499776 0.9428719 0.019206734 -3.1055832
3 5 0.07086904 -32.224606 2.6913707 104.25482 12.781705 3.7602172 3.0248077 4.5949216 -0.027101502 1.2839258
3 5 0.07084945 -38.657986 3.116386 113.73997 12.716139 3.835815 3.2892628 0.786318 -0.021868482 -1.4656178
3 5 0.06978754 -32.54162 2.6760433 103.277855 12.60981 3.8378835 3.017372 1.4724562 -0.028223932 -0.2113961
3 5 0.062527835 -38.608944 3.03469 105.09 12.72532 3.8219438 2.9704208 1.2000977 0.023037205 -1.2551236
3 5 0.061230555 -32.34747 2.6817849 104.88809 12.618376 3.801996 3.0117815 4.5262 -0.03414549 1.127358
3 5 0.0573169 -40.115417 3.2062728 118.59919 12.411774 3.759879 3.0248346 0.8785229 0.03427767 -3.2772863
7 2 0.2288516 -5.1490574 2.0129898 60.226048 0.7248177 1.7621067 0.62815666 4.7564116 0.067766555 0.36768052
7 2 0.11670478 15.859296 1.8729683 60.08736 0.60022104 1.7373829 0.5493828 4.8330455 0.069204554 1.6063657
7 2 0.10986037 15.790521 1.7834582 60.06103 0.6085631 1.6776714 0.57605827 4.805401 0.029452125 2.4024215
7 2 0.109678864 16.015089 1.7882329 60.659344 0.614945 1.724697 0.5880803 4.8179827 0.053622857 2.4309177
7 2 0.10854864 -5.3176317 2.014122 61.81924 0.7166767 1.7806077 0.63640326 1.6376972 -0.006171426 1.1181649
7 2 0.108082645 -5.22267 2.0409079 61.18305 0.81165886 1.7695017 0.6571549 4.779466 0.031775936 0.12784073
7 2 0.107319444 -5.285532 2.1175444 61.758694 0.7672889 1.7470936 0.6369618 4.766033 0.024069196 0.3308089
7 2 0.10478758 15.712512 1.8513225 59.842136 0.61267143 1.7110451 0.5508658 4.826171 0.037313595 1.1586459
7 2 0.097443044 -5.221157 1.9996417 60.490173 0.75480765 1.7415854 0.6285935 1.5981183 0.042615183 0.50505334
7 2 0.08467905 -26.799469 2.3577778 33.286877 0.5800363 1.7427629 0.57622105 1.6084387 -0.12392015 0.074730895
7 2 0.06688153 -5.316504 2.0419738 61.992104 0.76171327 1.7906692 0.6502823 4.813991 -0.005621887 0.4503948
7 2 0.06631621 -26.749107 2.348909 33.056965 0.5757083 1.7781255 0.5852238 4.720357 -0.08695339 0.14554417
7 2 0.0635597 -5.2581964 2.1030033 61.920994 0.809546 1.7546476 0.65783954 4.816629 0.044655815 -0.36869255
7 2 0.06080772 -5.3183403 2.0334954 62.182198 0.71668714 1.7597675 0.64144677 1.6357975 -0.02773984 -0.29776138
7 2 0.058230005 -26.549105 2.3962479 32.98354 0.62567997 1.7601794 0.61267537 1.528353 -0.19621076 -0.024490675
7 2 0.05662677 16.155127 1.8671231 60.311832 0.61936 1.7527834 0.5625517 4.8241796 0.08761316 0.83928186
7 2 0.0558332 -26.634935 2.3588495 33.16882 0.5964888 1.7290219 0.59809613 1.6312757 -0.08953891 0.08802115
