0 5 0.20058095 -23.239523 1.7785475 36.45031 4.2958417 1.6314874 1.863471 4.7442484 0.06653724 0.6430868
0 5 0.16553393 18.29153 2.0799255 114.005646 4.580125 1.6113485 1.9519068 4.8699474 0.05712787 9.469172
0 6 0.08249455 21.148314 1.6151369 26.344412 4.3967147 1.538898 1.8389587 4.2339587 0.028308613 0.03958121
0 5 0.080718815 17.943832 2.029399 112.38811 4.5293603 1.6049488 1.9280887 4.9041634 0.09265642 9.60195
0 5 0.07872677 -23.076841 1.7752924 36.258553 4.2621856 1.6215925 1.8491321 4.7507877 -0.013683088 1.7356642
0 6 0.075561404 21.47717 1.6991222 28.577648 4.3781605 1.5009547 1.8420655 4.094955 0.008116091 0.021697063
0 5 0.07452575 -25.568785 2.0893118 39.65049 4.2486076 1.5565734 1.8390399 4.8636036 0.011341337 1.302077
0 5 0.07233537 18.705761 2.1179452 116.225334 4.572721 1.5839193 1.9442221 4.8508053 -0.009540052 10.662492
0 6 0.070767455 21.718792 1.5354749 24.880156 4.303241 1.5632857 1.8463979 7.497963 0.04351332 0.0060858335
0 5 0.06843319 -26.04645 2.0738845 41.013218 4.2271543 1.5533007 1.850155 4.8914547 -0.00958018 1.934892
0 6 0.06732078 20.752676 1.7329118 27.864573 4.440564 1.5091634 1.8453844 4.1228414 0.01662496 0.04543239
0 5 0.066238314 23.904943 1.2574136 101.2487 4.593851 1.781356 1.9774032 4.9589787 0.053583495 8.169647
0 5 0.0629942 23.683107 1.164376 100.32392 4.5913844 1.7599545 1.9681042 4.954031 0.04265701 7.688715
0 5 0.061178293 -22.705662 1.9175422 35.574318 4.3111596 1.6562219 1.8755407 4.7263536 -0.0150352325 1.9604757
0 5 0.055693634 -25.943111 2.046452 40.772327 4.230597 1.5564995 1.8630302 4.8630285 -0.014310585 2.737904
0 6 0.05403986 21.899769 1.5338035 25.363573 4.325498 1.5519207 1.8388803 7.4942064 0.056636468 -0.0029290337
0 5 0.05385123 -22.94568 1.9172318 35.96997 4.3226976 1.6481038 1.8865846 4.7347846 -0.00307009 1.8859061
0 5 0.052306224 6.1059117 1.6469381 113.728905 4.8053126 1.6556418 1.9306576 1.4769809 0.076323 -2.4363618
0 5 0.05167882 18.162043 2.1071954 113.54461 4.5991435 1.604249 1.9608886 4.8458986 0.13960363 10.01889
7 2 0.056904677 -5.926167 1.5543058 6.8625855 0.69252807 1.7011969 0.6289639 5.551234 0.16990605 0.20270145
