0 6 0.27426744 -23.70989 2.3511746 38.404194 4.507992 1.5257354 1.8807921 1.6919745 -0.03329242 0.004942961
0 6 0.26806352 -25.469988 2.3383691 31.98968 4.42282 1.7044655 1.8907689 1.6867539 -0.057984456 0.0047735404
0 6 0.17364304 -21.6812 2.0372963 47.62408 4.4351144 1.767728 1.9086494 4.825049 0.009711329 -0.011432783
0 6 0.14144397 -21.444002 1.9740052 47.17378 4.4495506 1.7547171 1.9229045 4.7957454 0.015910534 0.01929669
0 6 0.12583993 -23.36815 2.2732117 29.121845 4.340129 1.6576445 1.8327948 1.7178042 -0.10254348 -0.023785716
0 6 0.11975075 -22.88678 2.2274637 28.505993 4.3995433 1.6463405 1.84864 1.7133169 -0.05096464 0.0045284964
0 6 0.116450936 -24.767677 2.2349117 31.075506 4.4244337 1.6880378 1.9036567 1.7103007 -0.03457517 -0.016049406
0 6 0.1031461 -21.16797 1.9710135 46.609005 4.441308 1.7837979 1.9158815 4.7829227 0.017384922 0.0039633177
0 6 0.097228505 -25.766455 2.4977732 41.83344 4.4145026 1.5194668 1.8536578 1.6035818 -0.05579631 -0.015244188
0 6 0.094488196 -23.84367 2.2453272 29.415638 4.2707605 1.6615659 1.8213123 1.7223966 -0.08858423 -0.021062262
0 6 0.08772877 -21.799273 2.0589952 48.076656 4.404737 1.764036 1.901351 4.8319135 -0.016082767 -0.010507632
0 5 0.08219111 18.685345 1.3390665 108.85526 4.552365 1.6478645 1.9313062 4.898034 0.018265473 9.744129
0 6 0.07670939 -25.168997 2.2927198 31.61965 4.4630885 1.6905203 1.9045472 1.7103839 -0.004117842 -0.021484684
0 5 0.0760491 18.537668 1.3182176 106.937805 4.5660386 1.6583058 1.9315616 4.8548985 0.0430445 10.506534
0 6 0.06781226 -23.963757 2.3330395 38.96441 4.4611564 1.52796 1.849879 1.6244061 -0.031771984 -0.04196748
0 6 0.066272035 -26.6774 2.5100055 43.242767 4.1570826 1.41368 1.7682464 1.5799671 -0.014143905 -0.033820376
0 5 0.06322119 17.671757 1.2741023 101.34947 4.5381503 1.6896098 1.9253116 4.9270086 0.08186047 9.334724
0 6 0.057022676 -31.25824 2.576664 51.412426 7.8384776 2.4264877 2.3246424 1.356301 -0.015065182 -0.4827164
0 5 0.055682704 17.843424 1.0825374 82.59877 4.6427264 1.722397 1.9418532 4.8881993 0.0044080503 4.9760137
0 5 0.055648994 9.682067 1.8030964 125.66547 4.6143208 1.565994 1.9281788 1.6613318 0.027577134 5.556116
0 5 0.055404715 18.003332 1.2606473 104.054184 4.5363603 1.6685642 1.9274136 4.937253 0.05261551 9.432263
0 5 0.055358563 16.981758 1.1211506 87.48122 4.600098 1.7148387 1.9377778 5.0385017 0.062367626 4.9946404
0 5 0.054079648 16.978264 1.0757668 87.08749 4.5871363 1.6975896 1.9293985 5.0488386 0.07331827 5.034484
0 5 0.053584494 19.397964 1.4829404 115.10254 4.592177 1.6170664 1.9353132 4.86745 -0.0019600429 9.537893
0 5 0.052539054 17.118778 1.1231799 93.20759 4.5341854 1.7294961 1.9342533 4.9940395 0.09012877 8.022412
3 5 0.052084554 -40.970055 2.0267348 70.37194 11.258942 3.408143 2.8047984 0.74538547 0.020871801 -1.0760596
7 3 0.07479614 -8.029173 1.9306056 40.474396 0.53379744 1.7384142 0.54974335 4.6913137 -0.07356253 0.2368547
7 3 0.0552055 -8.14313 1.870555 40.979816 0.54703385 1.7248516 0.5432225 4.688078 -0.055214204 0.18079692
7 3 0.05237553 -8.0669155 1.9285778 40.84957 0.51438355 1.7382672 0.538278 4.7172194 -0.11125966 0.31013587
7 3 0.052094847 -16.277477 1.8350118 67.09909 0.9231069 1.6177123 0.53257895 5.8950577 0.056543283 0.0883058
7 2 0.050042298 -16.41771 1.813386 67.40323 0.8785519 1.6689843 0.5322285 5.7975993 0.017789094 0.12666827
