0 6 0.36211154 -23.765244 2.1730173 36.07023 4.5977106 1.6641526 1.9140811 1.6675588 -0.05180157 -0.00458264
0 5 0.16611944 -18.101833 1.2569577 61.706 5.3491125 2.120709 2.0650315 2.1176786 -0.028646477 -2.4857674
0 6 0.1522446 -23.943941 2.1777067 36.302383 4.519344 1.6396159 1.8990953 1.6628379 -0.042637028 0.0007432215
0 5 0.1494927 -18.162346 1.2694238 61.786354 5.316656 2.1046784 2.0571032 1.8179493 -0.018288696 -2.9495437
0 6 0.14508328 -26.217505 2.3054976 30.876211 4.4684834 1.5507023 1.8673041 1.610174 -0.082527176 -0.025091363
0 5 0.14203805 -21.975756 1.9289596 53.99326 4.2928233 1.5886377 1.8347623 4.8391056 -0.04284235 4.9690175
0 6 0.13902223 -23.541267 2.0599556 44.469646 4.3369107 1.5576887 1.8688048 1.4770496 0.028914658 0.01269678
0 6 0.13295819 -23.367512 2.145051 44.278606 4.34907 1.5585866 1.8781503 1.4484975 -0.011624558 -0.009233697
0 6 0.13005926 -26.591148 2.3044708 31.33185 4.4184613 1.5585399 1.8532765 1.6090753 -0.111253254 -0.028969958
0 5 0.12659171 -22.162207 1.9787607 53.46137 4.292166 1.5871271 1.8333511 4.852525 -0.06348375 4.5812407
0 5 0.124616124 19.599371 0.89535904 106.57409 4.6076875 1.7443978 1.9579989 4.978556 0.025099123 7.4536233
0 6 0.123879224 -24.91672 2.1216836 37.951298 4.488614 1.6377323 1.8985187 1.6194615 -0.050513335 3.6150217e-05
0 5 0.120031446 -22.87499 1.9737269 54.13827 4.3944297 1.5509176 1.91063 4.8274465 0.0756665 1.1735979
0 5 0.10900832 -22.724878 1.9749463 54.458286 4.367998 1.536682 1.8986851 4.8820376 -0.011050221 1.5569035
0 6 0.10233417 -24.82878 2.200461 37.605103 4.490699 1.63356 1.9061836 1.6219244 -0.054662928 -0.018686954
0 5 0.098621204 -22.761898 2.0232084 53.544895 4.283837 1.5806893 1.8253249 4.878351 -0.031344242 2.7062273
0 6 0.09804789 -21.11002 2.0127096 40.785812 3.932645 1.4976902 1.7179093 4.5985126 -0.03797154 0.08983448
0 6 0.097100824 -23.070972 2.0771036 44.134327 4.2860684 1.550093 1.8399973 1.460029 0.056962542 -0.0043413006
0 5 0.090175204 19.388353 0.8358068 104.97621 4.6149745 1.753121 1.9758574 5.0137305 0.032706 6.5363455
0 6 0.08834237 -21.167542 2.0142052 40.47617 3.9587345 1.5737207 1.7262391 4.6279 0.011976514 0.045909442
0 6 0.08540009 -24.177593 2.19938 36.675335 4.553973 1.6534526 1.8965571 1.6570141 -0.070121996 -0.022193497
0 5 0.083942525 19.615044 0.9332477 110.145454 4.6649823 1.7467963 1.9334577 4.877811 0.028064681 6.4092364
0 5 0.08174951 -22.82001 2.008925 55.43114 4.3812623 1.5667894 1.9088062 4.7721577 0.06295859 1.8659153
0 5 0.08015661 -22.365192 1.9961723 53.82265 4.304507 1.5761304 1.8292205 4.8357697 -0.062077105 5.483105
0 5 0.079867 -22.808615 1.9634886 54.752674 4.375032 1.5271322 1.8864135 4.838975 -0.0013829041 1.6691
0 6 0.079267345 -24.601225 2.209652 37.374424 4.660697 1.6513343 1.9844217 1.639414 -0.025721733 0.007109549
0 5 0.07615747 -22.054646 1.903439 54.805542 4.2880507 1.5873681 1.8380575 4.8154607 -0.028844636 4.9816284
0 5 0.07497338 -22.148783 1.9281139 54.369087 4.3139234 1.5680028 1.8357041 4.8180556 -0.053800307 5.8916616
0 6 0.07207332 -24.242485 2.1842377 36.99331 4.4970813 1.6586856 1.8871322 1.6743253 -0.05548399 -0.019617818
0 6 0.069877885 -25.449398 2.2053406 38.149628 4.758018 1.6699919 1.9788423 1.6616356 -0.041437022 -0.0075981636
0 5 0.06956046 18.29605 0.89217496 112.58469 4.737209 1.7744263 1.9377605 4.80384 0.03234548 4.7831945
0 5 0.06821753 -18.689394 1.335552 62.447483 5.3055778 2.1261022 2.0496879 1.5797682 -0.028503258 -2.9863005
0 5 0.06306537 -17.898947 1.3889086 62.869152 5.2270217 2.0849168 2.0638227 1.9058509 0.00094646215 -2.4594078
0 5 0.06260444 -18.745628 1.2849954 62.9096 5.2927437 2.1388135 2.0428696 2.0083537 -0.05375895 -2.7216597
0 5 0.061444595 21.76056 0.6638889 93.98616 4.827084 1.7352793 1.9937489 4.905432 -0.030704834 7.3714767
0 5 0.060509395 -23.22405 2.0387459 53.89363 4.2482734 1.5586588 1.8117375 4.9133615 -0.019122845 2.9178116
0 5 0.05972915 -23.148344 1.9980488 54.17166 4.319259 1.5256013 1.8660381 4.8214774 -0.06624982 1.2211498
0 5 0.059478324 -17.655182 1.378069 62.097397 5.32181 2.0713167 2.0671 1.9374859 0.024524102 -2.885333
0 5 0.058189843 -22.40476 1.9381189 54.375828 4.360449 1.5642817 1.8921564 4.7507668 0.08335024 0.92476743
0 6 0.055336013 -21.426369 2.058354 41.367393 3.9646726 1.5299889 1.7273735 4.6082344 -0.084159285 -0.0102222115
0 6 0.05326323 -23.404064 2.1539419 44.686165 4.357435 1.5429114 1.8647785 1.5044068 -0.018086795 0.0075551383
0 5 0.052562006 -17.935373 1.1836916 61.234035 5.477567 2.223927 2.1018147 2.108169 -0.0057940623 -2.1090977
0 6 0.051942557 -26.812443 2.4829798 31.499441 4.520517 1.5880144 1.9133008 1.7296445 -0.04988329 -0.030893419
0 5 0.051770642 19.532986 0.84125465 106.04011 4.6220274 1.7106551 1.9638704 5.0024533 0.026252767 5.965572
0 5 0.05041284 19.709017 0.77287984 83.51601 4.733092 1.7657102 1.9554 4.9282103 -0.03946369 9.304407
1 5 0.052041315 -18.101833 1.2569577 61.706 5.3491125 2.120709 2.0650315 2.1176786 -0.028646477 -2.4857674
1 5 0.050757132 23.809143 0.37581128 75.492386 6.716536 2.5497923 2.2681074 4.9697256 -0.0066858456 6.64499
3 5 0.060073458 23.809143 0.37581128 75.492386 6.716536 2.5497923 2.2681074 4.9697256 -0.0066858456 6.64499
