0 5 0.5665161 5.890801 2.1613379 23.845201 4.6085935 1.5034825 1.8880783 4.8037353 -0.04165066 5.8970537
0 5 0.19844773 7.8474994 1.8425043 76.398186 4.838779 1.6417423 1.9865599 2.5195234 -0.03733901 -4.355729
0 5 0.19450209 23.303373 1.3193243 64.979 4.6589103 1.5323735 1.955566 5.174744 -0.09901974 5.119313
0 5 0.13365272 6.233025 2.1491013 25.07937 4.5660386 1.532879 1.877866 4.7602553 -0.011441708 5.471328
0 5 0.13301916 -23.548815 2.6319528 79.60714 5.35408 1.8380301 2.1280427 4.722604 0.03770954 0.39798373
0 5 0.13201688 37.857044 1.2649548 44.29097 4.7386117 1.7865756 2.0087998 3.4808626 0.0041219834 -0.05032836
0 5 0.12615222 7.7946596 1.8377548 76.17019 4.8592057 1.6217706 1.9653876 2.5075145 -0.042717285 -2.7325547
0 5 0.11969651 23.22234 1.3083297 64.59405 4.6723576 1.5177786 1.9561703 5.187024 -0.0320111 3.4470963
0 5 0.11626267 7.987096 1.7796615 77.1061 4.897809 1.7138811 1.9991168 2.4513602 -0.009209213 -4.065977
0 5 0.11206282 37.56487 1.2624569 44.04734 4.7913103 1.8251287 2.0166588 3.5155396 -0.013190376 -0.14628246
0 5 0.102880165 6.329496 2.2373126 25.440102 4.5571647 1.5480791 1.861529 4.745794 -0.009318952 5.015195
0 5 0.09982764 23.464878 1.2583988 65.51384 4.686347 1.521402 1.9547787 5.0775933 -0.16755264 5.697437
0 6 0.096137054 -35.72857 3.2485342 53.471325 4.646085 1.4782331 1.9653137 4.6854157 0.04238525 -0.10407094
0 5 0.09580399 41.940163 1.3201766 48.934288 4.703551 1.7367569 1.9902401 3.465452 0.037634164 0.015100379
0 5 0.09109559 -36.765873 3.3509316 54.99775 4.602765 1.5044891 1.9486011 4.6653695 0.024318306 0.063559644
0 6 0.08821203 -35.36556 3.1189876 53.512913 4.456482 1.5992296 1.912661 4.5166197 -0.025833113 -0.9262759
0 5 0.0843341 7.769959 1.8325739 75.597 4.796998 1.5570468 1.962735 2.5134165 -0.039423108 -5.033325
0 5 0.08323057 42.999065 1.2988694 50.34927 4.776516 1.7830247 1.9993172 3.464853 0.0004902929 -0.37484238
0 5 0.07699713 -37.03453 3.459674 56.23898 4.578033 1.5184983 1.9364415 4.6640334 -0.0011864062 -0.10651355
0 5 0.07626759 -36.45381 3.3502166 55.259415 4.5936723 1.515015 1.9485469 4.7106905 0.01408509 -0.1926969
0 5 0.0760512 23.255026 1.310297 65.06497 4.7091746 1.4946603 1.9620639 4.977311 -0.0893897 3.4976928
0 6 0.07595857 -36.49157 3.1864076 54.68924 4.4928565 1.6058553 1.9235226 1.3978996 0.00498062 -0.7273571
0 6 0.06969782 -36.31861 3.241347 54.906982 4.615119 1.4701295 1.9371436 4.634443 0.04194229 -0.3463821
0 5 0.06940303 42.02944 0.85701424 63.053635 4.896078 1.7800468 2.052872 5.873139 0.010762457 0.79641765
0 5 0.06736652 9.686885 1.9328791 91.407715 4.917193 1.7933698 2.0282114 2.869681 -0.05828441 -1.1047977
0 6 0.06503376 -36.659313 3.3584418 55.543507 4.5522037 1.494465 1.9264282 4.627328 0.0020509046 -0.08040468
0 5 0.064788036 -23.66728 2.6034293 79.93659 5.184737 1.8278399 2.0847883 4.6586175 0.014292089 2.3623621
0 5 0.063162506 22.997915 1.3539906 63.597885 4.702329 1.646453 1.9970125 1.6815101 -0.061408482 3.0771728
0 5 0.06300838 -34.452435 2.9318175 92.719536 4.7400723 1.6919005 1.987742 4.9403067 0.03616602 6.588932
0 5 0.057035778 46.17862 1.1434385 54.294785 4.526256 1.7996753 1.9332775 3.2699728 -0.040268503 -2.2088711
0 5 0.056224216 -35.081882 2.853946 95.01459 4.8446894 1.7506081 2.0306427 4.84094 0.058109418 7.283734
0 5 0.055982467 -23.829155 2.6354249 80.73452 5.413967 1.7787749 2.1580577 4.801067 -0.038204543 2.39995
0 6 0.055756137 -35.1494 3.1115825 53.446674 4.3668637 1.5783104 1.8780496 4.491665 -0.026381306 -0.26780114
0 5 0.05571609 9.207565 2.069398 91.85934 5.14296 1.868363 2.0925393 2.887094 0.009714622 -1.6176339
0 6 0.0552471 42.423782 0.8859382 63.598038 4.816379 1.7620592 2.0311096 2.8113594 -0.030338421 0.88576454
0 6 0.053881865 -41.577923 3.4088554 61.2725 4.5114727 1.600044 1.9249948 1.4120259 0.049548432 -1.1242003
0 6 0.052477665 -34.54009 3.1334147 52.23417 4.4984345 1.6220878 1.9240602 4.481202 0.013644755 -0.1425429
0 5 0.05218153 46.943127 1.1145933 54.84405 4.5171933 1.794422 1.9298095 3.3465552 -0.0458552 -1.7781111
0 5 0.051380023 21.30847 1.3444798 61.920315 4.6291304 1.6261015 1.9675655 1.6334413 0.10049668 0.67203724
0 5 0.050857518 -33.645542 3.0525103 88.60756 4.6665473 1.6482285 1.9592991 4.8162494 -0.0020011887 4.6674986
0 6 0.050045256 27.937307 1.3946815 31.878109 4.450435 1.6662425 1.9226454 3.544227 -0.020705977 0.0072224624
7 2 0.2990713 -6.358863 2.0999656 45.917557 0.7390411 1.7741578 0.65070856 1.4763507 -0.064011924 0.24651471
7 2 0.22886236 -6.313522 2.1293106 45.706287 0.7107996 1.7896125 0.6631126 1.4757295 -0.006315587 0.40342015
7 2 0.15612668 -6.362153 2.119235 45.84336 0.71360964 1.7893068 0.6523463 1.4274476 -0.025687004 0.080549136
7 2 0.0874399 -6.22453 2.0785372 46.771015 0.75385916 1.7795094 0.65720487 1.4526443 -0.090947896 -0.3862887
7 2 0.07462522 -6.4188995 2.1769876 46.35139 0.73409367 1.7735244 0.6781523 4.625115 -0.03781386 0.1326488
7 2 0.07211063 -6.0464582 2.0026884 44.313602 0.70110124 1.7590983 0.6721846 1.4556384 -0.1031867 -0.110062815
7 3 0.07177127 11.537263 1.8592539 42.61499 0.6145755 1.7636552 0.6025661 4.9542823 -0.03645356 0.3918031
7 2 0.07039335 -6.0350986 2.0193264 44.073215 0.7411351 1.7629954 0.67327285 1.46931 -0.105653435 0.19582522
7 2 0.06971222 -6.204882 2.0723252 46.45149 0.72822016 1.8016728 0.64312506 1.398676 -0.06899967 0.13630572
7 3 0.055632886 11.37815 1.8508794 41.600113 0.6073469 1.7400025 0.5972151 4.812914 -0.09368008 0.16568217
7 3 0.05495578 11.706839 1.7534622 43.33593 0.5940097 1.7410467 0.5646006 4.80993 -0.020768259 1.1319433
7 2 0.052552566 -6.4576325 2.2034588 46.40245 0.7084053 1.7630379 0.6592363 4.647429 0.009452397 -0.022564715
8 8 0.05008914 14.895787 1.7465525 18.626635 0.40399012 0.89296496 0.40761515 6.642198 0.029966442 0.027264278
