0 5 0.16472915 14.9984255 1.7556627 89.495834 4.4446983 1.5542457 1.9207951 4.833697 0.039279737 8.739158
0 5 0.12160839 15.163886 1.7759475 90.66999 4.4117947 1.5494058 1.8997934 4.830029 -0.042985506 10.717671
0 5 0.08962057 14.67396 1.6482923 87.79551 4.5541224 1.5325125 1.9131144 4.8091655 0.045666464 11.146377
0 5 0.07788358 14.91826 1.6897063 88.95529 4.455049 1.5741758 1.9158922 4.850503 0.05551751 7.6620383
0 5 0.072629236 14.843904 1.6936316 88.350914 4.4455867 1.5405573 1.8783625 4.8326015 0.044463888 8.784743
0 5 0.067518875 -0.27728164 2.153911 95.07005 4.59774 1.7310141 1.9518883 4.6693273 0.030851493 7.165504
0 5 0.05950947 -23.36842 2.2821536 30.00981 4.456279 1.7477694 1.8553349 6.135452 0.03752186 0.0715334
0 5 0.055935424 -0.23197266 2.0662918 96.39693 4.5954494 1.714004 1.9689128 4.667316 0.010839608 7.9471483
0 5 0.054589555 22.814213 0.61479247 51.251053 4.263672 1.6277239 1.8636886 2.086373 0.07312487 0.4961447
0 5 0.050200753 22.807867 0.5702532 51.678783 4.2804255 1.6046321 1.8512285 5.1452985 0.09246321 1.4979502
3 5 0.15170951 16.565767 -0.5954037 89.67166 12.253767 4.110268 2.841585 4.826023 -0.024865873 8.555278
3 5 0.15044163 16.805569 -0.64159226 90.50602 12.404368 4.177813 2.837872 4.851672 -0.012757074 9.104557
3 5 0.059704255 16.60627 -0.38818264 91.38666 11.712007 4.2928066 2.7150545 4.836408 -0.03599338 8.680184
7 2 0.0744266 -21.306973 2.3628883 50.725563 0.7867377 1.6331089 0.6035073 1.9011805 -0.051373065 -0.038652226
7 2 0.057990305 -21.621597 2.350371 51.26893 0.7900789 1.6739527 0.623307 1.9194022 -0.09517373 -0.094564974
