0 5 0.41574693 7.0887985 2.1870058 42.37562 4.585293 1.5948095 1.9200433 4.759887 -0.0038121575 5.941406
0 5 0.25347275 40.964497 0.7510573 54.81422 4.733485 1.7049031 1.9964192 3.298839 -0.04282941 0.3316539
0 6 0.2338043 -30.779413 2.9315925 58.66552 4.574035 1.662897 1.9712596 2.1963806 0.002030611 -0.06566783
0 5 0.18907903 6.9827204 2.176487 41.78772 4.590058 1.6312989 1.920445 4.7738132 -0.06320806 4.0748587
0 5 0.17684175 41.76342 0.7718777 55.650772 4.722395 1.6859477 1.9901699 3.355817 -0.033138193 -1.4330935
0 5 0.16430235 41.464855 0.8081502 55.419456 4.7202706 1.7144794 1.9969795 3.2544556 -0.06330122 2.0953057
0 6 0.1333825 -31.270624 2.9526803 59.413406 4.6465983 1.6601537 1.9750547 2.237947 0.010799743 0.004107861
0 6 0.13323343 -31.131979 2.9693613 59.25895 4.5585976 1.6654665 1.9625683 2.1578722 -0.023879884 -0.65501463
0 6 0.12846994 -23.259554 1.8440318 27.835293 4.793312 1.911206 2.0153618 5.969421 -0.051410034 -0.011559471
0 6 0.11974177 -22.783154 1.8176198 27.160734 4.890667 1.9410543 2.039534 5.964974 -0.022527143 -0.0011840835
0 5 0.11849977 42.705784 0.7984374 57.00492 4.7164054 1.6905208 1.993416 3.328509 -0.016794037 -0.2445111
0 5 0.1046485 32.71707 1.1570561 76.256935 4.4250636 1.6113225 1.9204997 2.2164671 -0.03770452 -0.1554527
0 6 0.10273749 -31.405792 2.954723 59.861233 4.616043 1.6584787 1.9706334 2.2114024 -0.02029361 0.011038907
0 5 0.09464254 7.3167377 2.1796136 43.537792 4.689259 1.6421123 1.9716338 4.832236 -0.08706065 7.867425
0 5 0.09273215 32.960777 1.1162192 76.62095 4.401729 1.6137637 1.9175031 1.9600316 -0.03192836 -0.21286103
0 5 0.09176466 40.397007 0.6179312 54.036125 4.792007 1.657426 2.0012279 3.3111892 -0.058568075 -0.12304056
0 5 0.08494694 41.45933 0.72342527 55.653446 4.739706 1.6914479 2.0003176 3.243648 -0.099247165 0.78487235
0 6 0.08426039 -31.473282 2.945663 60.18138 4.646485 1.6455957 1.9749196 2.2896464 -0.02539181 0.012092415
0 6 0.07929027 -30.944202 2.8885293 58.884098 4.5602775 1.6384754 1.9528744 2.1598425 0.0033468101 -0.041463744
0 6 0.07721276 -23.930265 1.9494517 30.150036 4.645693 1.7996005 1.9688636 5.960777 0.045937948 0.061271645
0 5 0.07656433 -24.614782 2.6880674 87.046425 4.833228 1.7668741 2.018323 4.6993876 0.0077927224 3.4674757
0 5 0.07444063 35.32304 1.1165874 46.40513 4.577152 1.6752857 1.9528302 3.0263226 -0.05659622 0.68760693
0 5 0.07169846 35.304623 1.1660044 47.281322 4.4716806 1.6352901 1.9284389 2.949092 -0.03906139 0.68334854
0 5 0.070729084 32.52155 1.1397655 75.72179 4.42863 1.6358969 1.9353187 2.142667 0.0067879763 -0.07188206
0 5 0.068428785 -24.613297 2.671385 87.56844 4.841442 1.7571208 2.0247066 4.7128205 0.066261195 2.6061156
0 6 0.06430868 -34.05615 2.864046 54.553585 4.439763 1.5774324 1.9096727 5.3124743 0.005291881 0.020079259
0 6 0.06423739 -27.0482 1.6488701 31.638773 4.8550267 2.0140224 1.9899273 5.8202796 -0.014390951 0.042119376
0 5 0.06122832 32.124676 1.0436528 75.83594 4.423482 1.7132231 1.9364822 1.9645951 -0.049329534 -0.3711746
0 6 0.05998999 -32.27649 3.0934207 60.9821 4.468023 1.6070834 1.9421096 2.18648 -0.067197256 -0.07092309
0 5 0.05986767 32.075214 1.2541896 74.44815 4.6542716 1.6523889 1.9627873 1.7263341 -0.026241638 -4.046935
0 6 0.05892794 -33.03437 3.187277 62.4535 4.529857 1.6357261 1.958652 2.183119 -0.03509712 -0.06691094
0 6 0.058737412 -34.526497 2.8718674 56.60166 4.446089 1.5814261 1.9163915 2.0838459 0.01796213 0.019380894
0 5 0.05672964 31.52631 1.3084745 73.61453 4.7150927 1.6612937 1.9738665 1.5953506 -0.022040388 -4.7383413
0 6 0.056655493 -32.16568 2.937324 59.902237 4.5064764 1.661226 1.9460418 2.0957797 -0.03463464 -0.041130528
0 6 0.05579793 -33.5239 3.1511545 62.42587 4.520572 1.6222603 1.9497155 2.0830693 -0.025950477 -0.09192532
0 6 0.05546377 -23.502077 1.9075798 29.211626 4.770772 1.869967 2.015966 5.98318 0.015843475 0.062465437
0 6 0.05515216 -33.781933 2.8477986 52.843716 4.383018 1.5803 1.8937235 5.8098173 -0.017471174 0.030635394
0 6 0.05414267 -33.081905 2.7110662 48.53607 4.347669 1.5733858 1.8837225 6.062503 -0.0013900101 -0.010692193
0 6 0.053398468 -25.889776 2.2173266 34.773705 4.551083 1.664382 1.9264519 6.0226045 -0.023701644 -0.016002297
0 6 0.05318028 -33.863213 2.8905423 58.548653 4.458503 1.6180797 1.9255396 2.080396 -0.005887891 0.0103294365
0 6 0.05314188 -26.483795 2.3085515 35.880474 4.446513 1.634605 1.9033188 5.9979496 -0.0051806625 -0.0035178177
0 6 0.051560313 -32.21653 3.1334774 61.900444 4.4429917 1.6266499 1.9383557 2.306757 -0.08273415 -0.047215637
0 6 0.05137032 -32.918335 3.0826867 61.320843 4.461267 1.599886 1.9368398 2.0800273 -0.04735729 -0.07570275
0 6 0.05079695 -32.064472 2.913314 59.69252 4.564221 1.6517254 1.9540483 2.1623127 -0.022267964 0.04007774
0 6 0.050608303 -29.887947 2.2122862 38.386562 4.357643 1.6412979 1.880115 6.0027375 0.02046921 0.045993075
0 5 0.05022176 7.3863053 1.8933349 46.311535 4.829268 1.6680378 1.9586242 4.8296747 -0.04788694 9.153718
0 6 0.050201476 -32.828865 3.2171957 63.2273 4.504185 1.6417514 1.949787 2.308379 -0.056610256 -0.05670499
7 2 0.21019661 -5.2187905 1.9479635 63.367462 0.70302415 1.7866 0.6078861 4.7355604 0.10806871 -1.4056648
7 2 0.147692 -5.270476 1.9679003 63.98047 0.65883285 1.7649646 0.5860728 4.7469482 0.06600555 -1.7145647
7 2 0.13366988 -5.164974 1.9753666 62.488148 0.6958586 1.7760414 0.58843344 1.5674589 0.13257807 -0.794505
7 2 0.11243016 -5.198351 2.0265098 63.473186 0.67882407 1.7550141 0.5884267 1.5730295 0.019546328 -3.28225
7 2 0.09652501 -23.616272 2.167739 31.137024 0.5401779 1.6774669 0.5442313 2.3353138 -0.17906512 -0.0845259
7 2 0.087173514 -5.321415 2.0562634 64.49775 0.69033754 1.7739263 0.6047318 4.777377 0.10799164 -0.39302576
7 2 0.08077305 -23.725925 2.1733484 31.296112 0.55612123 1.6683589 0.5460103 2.4609108 -0.14428854 -0.05646316
7 2 0.07611137 -5.270874 1.9432775 64.06305 0.7708007 1.7934515 0.63392025 4.7628503 0.1282695 -1.2408245
7 2 0.0593014 -5.2330704 1.9530616 63.741245 0.72786826 1.7751298 0.6031783 4.7361174 0.10008801 -0.8455064
7 2 0.059049938 -5.317727 2.0513525 64.133415 0.7329234 1.7609367 0.6189631 4.7531853 0.016495733 -0.81048286
7 2 0.0578138 -23.208506 2.151154 30.592728 0.5637959 1.7111902 0.5546867 2.0169868 -0.20153144 -0.051647134
7 2 0.056212924 -23.371191 2.1804602 30.663345 0.518769 1.7151234 0.54744816 2.22165 -0.1878005 -0.047872394
7 2 0.05184509 -23.808393 2.153781 31.368908 0.5514837 1.6470125 0.5465703 2.6611137 -0.13456516 -0.05110243
8 8 0.0774881 19.508554 1.5861486 22.10992 0.3970324 0.8669395 0.39501834 6.0449896 -0.03100203 0.08028128
8 8 0.071683496 20.091425 1.5933306 22.935144 0.36693794 0.82077885 0.3657448 5.9914365 0.007837191 0.04966896
8 8 0.058774002 20.118383 1.6029928 22.804174 0.42284873 0.85841024 0.4221239 6.1094356 -0.025070576 0.038245544
8 8 0.050803788 20.234497 1.595837 23.080004 0.37254703 0.7995937 0.39134312 6.0035887 0.026572919 0.0277664
