0 7 0.38082266 4.9798913 1.9813863 10.881913 4.3649955 1.4685907 1.8018594 4.8410463 -0.0881451 2.0466022
0 7 0.24231333 4.555333 1.8700831 10.20531 4.5359416 1.4769471 1.7792417 4.7990446 -0.066415384 2.7163002
0 5 0.22933988 12.318956 1.5957098 62.013565 4.5709624 1.5185276 1.9328896 3.204822 -0.07272733 -1.957444
0 5 0.2215498 12.246199 1.6178198 62.339695 4.5283136 1.510755 1.8997631 3.154571 -0.09430022 -2.7544482
0 7 0.22045325 4.8075967 1.9836969 10.674164 4.3619323 1.4698312 1.794812 4.8403955 -0.028703727 1.5308034
0 5 0.21355985 13.725559 1.6979358 67.43149 4.739114 1.6193331 1.9814109 3.0402544 -0.077667885 -3.3968577
0 5 0.18709344 -6.7758245 2.1265507 53.7675 4.6864357 1.5414152 1.969365 2.285568 -0.05076374 -4.723689
0 5 0.1810771 51.278854 1.8313804 63.7968 4.7513504 1.6751981 2.0041914 4.0234475 -0.05356835 2.001148
0 5 0.1727385 -6.856985 2.1592622 54.986317 4.627346 1.534881 1.914592 2.2688847 -0.062791415 -6.102932
0 5 0.15990512 -6.799916 2.1249275 54.304867 4.6318083 1.5423025 1.8942813 2.2446566 -0.050191924 -5.6534014
0 5 0.15668942 -37.157047 3.3947382 76.360306 4.763211 1.6546781 2.0313969 6.111819 0.07940021 -0.74313384
0 5 0.15013395 12.481694 1.6059394 62.94795 4.590744 1.53046 1.9420944 3.2278602 -0.0013417806 -0.011641838
0 5 0.14906648 -6.7521057 2.099078 53.437016 4.660516 1.552219 1.9482418 2.2633145 0.007426167 -4.3163743
0 5 0.13419098 -33.35687 3.0743144 68.918846 4.602655 1.6073939 1.9669515 6.222289 -0.010532238 -0.23925644
0 5 0.1325496 13.490585 1.6397094 68.17629 4.800205 1.6288551 2.0093365 3.0661378 0.012734525 -1.3383243
0 5 0.12809296 51.058582 1.7908499 63.156067 4.7660837 1.6690843 1.9994533 3.9660716 -0.06507762 1.5313686
0 5 0.114233024 13.460465 1.6192205 66.794304 4.805518 1.6235409 2.0040255 3.0706375 -0.037125982 -3.2272978
0 5 0.11403315 -37.493416 3.4734232 77.92778 4.7268105 1.6523188 2.0125465 6.159385 -0.0014287196 -1.0303504
0 5 0.09950184 -33.362797 3.0449045 69.52218 4.54556 1.5974889 1.9621663 6.234489 0.0056062583 -0.010406669
0 5 0.09554785 20.592316 1.7794427 44.911777 4.4330106 1.5265787 1.8966401 4.7892895 0.04126828 6.203946
0 5 0.09522067 21.696169 1.7925296 46.128586 4.398156 1.5344739 1.8845708 4.872278 -0.015159594 6.86489
0 5 0.092793845 -6.5467386 2.101834 51.646835 4.516467 1.4830111 1.8425093 2.2152076 -0.054439686 -4.7269983
0 5 0.09243074 13.58735 1.6454616 67.05962 4.6950364 1.5873129 1.9794471 3.0551076 -0.04866735 -4.097956
0 7 0.090476595 5.1783 2.1069322 11.225332 4.406461 1.5416312 1.8358845 4.799069 -0.12436879 3.0898652
0 5 0.09029595 12.076306 1.5699917 60.690357 4.569733 1.5555688 1.9244609 3.156241 -0.05150734 -1.6074889
0 7 0.08959764 4.4312615 1.8428919 9.901042 4.485071 1.4934242 1.7824775 4.7741566 -0.0806486 1.7732002
0 5 0.08469087 -37.412914 3.4655647 76.62314 4.7939625 1.6258208 2.0159283 6.1233797 0.023850525 -0.4334726
0 5 0.08289634 -6.4710984 2.0885983 53.020737 4.4921656 1.4747288 1.8475506 2.23124 -0.019113816 -4.730886
0 6 0.07959309 -46.838314 2.8740165 58.26813 4.5291166 1.7831956 1.9325744 2.6028256 -0.03613256 -0.06142742
0 5 0.07958266 -6.5544195 2.1303241 53.34942 4.4498487 1.5039681 1.8510424 2.2034278 -0.0905506 -5.402904
0 5 0.077853516 25.043623 1.5171231 52.855118 4.3484464 1.5029509 1.8836569 4.9101505 -0.021567028 7.3837104
0 5 0.07721675 51.493294 1.7652154 64.100945 4.8031588 1.6412522 2.0256178 3.971112 -0.07053665 2.0302205
0 5 0.07277559 -37.265514 3.453003 77.32219 4.7539725 1.6636547 2.0152278 6.0976987 0.048750587 -0.763026
0 6 0.07250848 -46.438267 2.9320762 58.00807 4.5368333 1.7533361 1.9579223 2.7058196 -0.0049320655 -0.07186508
0 5 0.07201789 13.336868 1.616417 67.20803 4.7801747 1.5988382 1.9968271 3.1230462 -0.0007360019 -0.86869615
0 5 0.07185105 -36.720295 3.410298 75.65949 4.7755585 1.6928077 2.0296192 6.1440907 0.029969202 0.0055551548
0 5 0.070159696 24.847439 1.5203223 52.313084 4.382299 1.5207474 1.8959125 4.9527225 -0.005797155 6.3222327
0 5 0.069340035 5.54068 2.0976017 11.9275465 4.335663 1.4263421 1.8127289 4.8407097 -0.054849222 1.5916622
0 5 0.06889364 21.86362 1.7261597 46.549583 4.396267 1.5093807 1.8730388 4.961865 -0.004751092 6.400519
0 5 0.06703126 20.746717 1.7032057 45.10868 4.423874 1.5135037 1.8963461 4.901183 0.026251914 5.246982
0 2 0.06646688 -6.820894 1.9692712 32.929306 0.7659168 1.713398 0.7265929 4.4408617 0.21899895 0.72519135
0 6 0.06599361 -48.97008 2.8168862 59.763374 4.502419 1.7840849 1.936066 2.4729018 -0.047219824 -0.70663345
0 5 0.06494147 -33.74191 3.1222868 69.78938 4.5929694 1.5916237 1.961899 6.257633 -0.0020505004 -0.04457871
0 5 0.06317194 13.406923 1.680342 66.30895 4.657462 1.5946292 1.9738094 3.119473 0.024025617 -2.6020908
0 5 0.062250625 -33.172867 3.0667677 68.59398 4.5676155 1.6149468 1.9771895 6.2108884 0.04673262 -0.049899742
0 5 0.061764356 23.304258 1.5559044 49.386612 4.327876 1.5198214 1.8812019 4.908813 -0.031389788 6.3786345
0 5 0.06102919 -0.17212996 1.5973526 123.153114 9.3508 3.2747116 2.9749064 4.8688445 0.0037048068 1.1603171
0 6 0.061022636 -47.169518 2.8237123 58.613125 4.5510273 1.7755165 1.937536 2.5140388 -0.0030460712 -0.5526945
0 5 0.06084826 50.467045 1.8123434 62.61527 4.777252 1.6944383 2.030766 4.096558 -0.10155588 3.8586931
0 5 0.060484797 13.41708 1.6410184 67.69976 4.744616 1.6256348 2.014531 3.0276325 -0.014424366 -2.6058218
0 2 0.059942815 -6.9131737 1.9523963 33.70155 0.7834015 1.7084222 0.7277175 4.4341187 0.2309555 0.7062249
0 5 0.05773267 40.252293 0.79111105 75.176956 4.5511303 1.7688004 1.9554137 5.32278 0.062183276 8.758308
0 5 0.057613876 21.510126 1.7026792 46.27198 4.2951574 1.522436 1.8650166 4.9648085 -0.0075106146 4.671807
0 6 0.055400994 -49.262383 2.721308 59.904575 4.5889506 1.7931272 1.9541341 2.3542752 -0.025017396 -1.2034209
0 5 0.055294164 20.993889 1.8448445 45.795555 4.3551517 1.5048923 1.8512747 4.9130945 -0.026269536 5.033249
0 6 0.054189555 -46.246 2.992894 58.75875 4.4931526 1.7105864 1.9555254 2.7568605 -0.015742201 -0.059936877
0 5 0.05399499 40.02824 0.7962585 75.11246 4.516638 1.737862 1.9505368 5.229244 0.03639561 8.162761
0 5 0.053210177 22.417707 1.7664164 47.610645 4.448353 1.5365573 1.9102477 4.8777857 -0.0002112966 6.862954
0 5 0.052940033 -36.657013 3.3974812 76.29342 4.706961 1.657982 2.008039 6.1617723 -0.011649727 -0.46915364
0 5 0.0526283 -33.975437 3.1070964 70.76473 4.5379176 1.5792147 1.9604822 6.2611547 0.018106544 0.010349091
0 5 0.052450765 51.95774 1.7846673 64.50658 4.826539 1.6555032 2.03287 4.040469 -0.07694055 2.2173731
0 5 0.05121733 -32.85913 3.0254743 68.45191 4.5233746 1.6000801 1.9695933 6.2482347 0.08274725 0.012449
0 5 0.050549414 49.89143 1.7142527 60.259773 4.826373 1.7189785 2.0147219 7.068141 -0.06606217 1.9063253
3 5 0.07669151 -15.33818 0.57607067 64.807785 11.720671 4.2095103 2.6389832 1.201151 0.017076256 -0.28097257
3 5 0.07439839 -12.926499 0.58199835 59.572296 11.077926 4.141345 2.608881 1.293158 0.04268524 -1.1574202
3 5 0.07317501 -18.702225 0.68175507 76.249405 12.080363 4.2242513 2.7284086 1.0875223 0.0076186415 -0.28954986
3 5 0.06307213 -11.056955 0.7679063 56.656292 10.952514 4.137529 2.6650481 1.4983639 0.03672705 -2.1845174
7 2 0.42120647 -6.820894 1.9692712 32.929306 0.7659168 1.713398 0.7265929 4.4408617 0.21899895 0.72519135
7 2 0.23458241 -6.9131737 1.9523963 33.70155 0.7834015 1.7084222 0.7277175 4.4341187 0.2309555 0.7062249
7 2 0.20201111 -7.0103645 1.9616714 33.814213 0.7823212 1.6867257 0.6958493 4.465695 0.17782868 0.68838966
7 2 0.19732827 -6.944769 2.0036328 33.50508 0.78236294 1.7142519 0.7210155 4.4653144 0.14156334 0.6434561
7 2 0.13245514 -7.158293 1.995198 34.507965 0.73675835 1.6975365 0.6632797 4.5156617 0.21656296 0.6915979
7 2 0.10621376 -6.835289 1.9190338 34.729973 0.7694164 1.7362756 0.7171525 4.484139 0.24153624 0.6945338
7 2 0.08756787 -7.0063863 1.9567926 34.52984 0.8522232 1.7201855 0.76591533 4.482735 0.27133206 1.062976
7 2 0.085478626 -6.8731136 1.9669724 33.54323 0.84375966 1.7210464 0.735019 4.444292 0.18899404 1.0324384
7 2 0.07308451 13.133582 1.7140946 28.879492 0.6388542 1.574691 0.5448483 5.098587 -0.029773252 2.9075954
7 2 0.060933612 -7.025569 1.9966905 34.00597 0.81875813 1.7371917 0.7590056 4.423278 0.17313877 1.1469989
7 2 0.05819449 -7.0709467 1.8989464 34.264786 0.7180514 1.7569032 0.6291128 4.56734 0.21107976 0.45418847
7 2 0.057763096 12.883412 1.7464306 28.384056 0.64308745 1.5686659 0.56684345 5.153676 -0.0795074 2.1254644
7 2 0.05398033 -6.8053656 1.8916849 34.644993 0.7952423 1.7149031 0.7135005 4.462185 0.101387344 0.5340916
7 2 0.052068334 14.289851 1.6548653 31.29232 0.80409455 1.5206339 0.60262024 5.0922933 0.01303504 3.0127006
7 2 0.051711895 -6.7215004 2.127269 32.70329 0.79171485 1.7760414 0.6495599 4.4214983 0.09216804 0.10846994
7 2 0.05117031 -7.0378547 1.9593614 35.7471 1.0209208 1.7259715 0.83531684 4.5630155 0.20757373 0.85913265
7 2 0.0505191 12.82313 1.7503004 28.184187 0.6337587 1.5905024 0.5457028 5.044615 -0.098773845 2.3110292
7 2 0.05039324 -7.5607314 2.0375423 35.311493 0.73782915 1.7036607 0.6666788 4.404364 0.07351265 0.7722975
