0 5 0.2262402 -13.313783 2.3343415 55.292175 4.5675783 1.4940062 1.8806458 1.9225682 -0.05987709 -6.0054164
0 5 0.21346383 10.835203 2.0073576 70.19894 4.436832 1.5902922 1.900622 4.876404 0.013818117 9.170977
0 5 0.20578866 23.664703 1.3129001 54.41261 4.562012 1.6143248 1.9339337 3.3837714 -0.04283779 0.8901582
0 5 0.15396547 -13.460342 2.3838024 55.85782 4.5381036 1.5008163 1.8827424 1.9489113 -0.10227041 -6.5992436
0 5 0.12221675 -13.426335 2.344955 55.464504 4.605229 1.4981546 1.8802505 1.9127626 -0.092244364 -6.9421477
0 5 0.110836245 -13.968259 2.428609 56.754524 4.6229196 1.499814 1.904401 1.7692487 -0.017615499 -6.6010866
0 5 0.10582138 -13.631872 2.5089235 57.34508 4.5926785 1.5220239 1.9031718 1.7807332 -0.011273872 -7.182982
0 5 0.100830205 -13.619656 2.3754387 56.003727 4.5880933 1.4972477 1.8790727 1.949908 -0.102045976 -6.4485626
0 5 0.10053946 24.292583 1.3656478 56.0535 4.549872 1.6123332 1.9313761 3.3424184 -0.08340791 1.1363436
0 5 0.097521804 23.847164 1.3233223 54.9338 4.573428 1.6174316 1.925248 3.3835516 -0.01762393 -0.02695762
0 5 0.08218494 -13.997081 2.4347715 58.20907 4.5316367 1.4931176 1.8456544 1.724849 -0.041032657 -7.020529
0 5 0.07923554 23.992903 1.3641784 55.525684 4.5688553 1.6151568 1.9274775 3.3489263 -0.06692106 1.1900705
0 5 0.07781335 -13.868061 2.4361436 56.4152 4.675829 1.479324 1.9459442 1.7771486 -0.04357764 -8.413773
0 5 0.07588358 -13.230052 2.3046322 54.884155 4.6284604 1.4805436 1.8864169 1.9203327 -0.0458654 -5.5918283
0 5 0.07227057 23.447247 1.3112205 53.867065 4.519063 1.613358 1.9263984 3.3585234 -0.0026520472 1.4466568
0 5 0.06972213 -13.566835 2.3869596 56.4392 4.508115 1.5024127 1.8803575 1.9336005 -0.11169872 -5.806595
0 5 0.05608562 10.895795 1.9252787 70.83039 4.505624 1.6039788 1.9367514 4.8655443 -0.0074369526 8.495496
0 5 0.050991777 -19.754145 2.1997333 62.565483 4.4966726 1.7313944 1.926499 1.8591115 -0.045491762 -2.4123003
8 8 0.12352396 12.376142 1.6222093 20.108934 0.42006058 1.1336677 0.40801904 1.6110175 -0.04019545 0.06189563
8 8 0.09674531 12.264497 1.6431353 19.907299 0.4613435 1.18758 0.44851047 1.6319942 -0.061621554 0.04798559
8 8 0.071825944 12.196146 1.6004615 19.776676 0.42249545 1.1224333 0.39426035 1.5933831 -0.0172266 0.030604571
8 8 0.058338337 12.7831135 1.6808949 20.775637 0.40733698 1.1504115 0.40042016 1.5583272 -0.040171057 0.07830066
8 8 0.050022095 12.422111 1.6657401 20.011768 0.45917314 1.1944268 0.46820068 1.6324664 -0.08022466 0.03365723
