0 5 0.38025346 -15.684254 2.2551804 41.022717 4.6835356 1.5062814 1.9116497 1.618462 -0.06979727 -9.842774
0 5 0.34718895 9.057919 2.0122914 61.43985 4.402126 1.5332427 1.922567 4.845065 0.011728033 4.6565523
0 5 0.20398983 23.186249 1.0861961 52.260338 4.6976953 1.6210697 1.9564314 3.0962682 -0.02124971 -0.01887035
0 5 0.19811673 23.30029 1.0854032 52.503662 4.7018275 1.6547035 1.9688972 3.1028726 -0.054069646 -0.021049267
0 5 0.1691185 -15.996999 2.338623 41.83666 4.6856446 1.5331876 1.8971276 1.610353 -0.07032191 -11.45295
0 5 0.16213576 -15.853714 2.30336 41.34316 4.7064047 1.4879638 1.8875861 1.6395278 -0.036017418 -10.156806
0 5 0.112259746 -11.069727 1.7074801 112.38013 5.2105894 1.7303666 2.0010266 1.6603079 0.060563385 -1.1871254
0 5 0.108027905 8.85558 2.0269833 61.150524 4.4061317 1.51373 1.8633295 4.8029885 -0.04073514 3.6457877
0 5 0.08787055 -16.45862 2.3806639 42.411896 4.5070786 1.4814869 1.8420149 1.6407372 -0.069980204 -5.3444796
0 5 0.07395322 -11.043015 1.6631994 111.43297 5.1364083 1.7333758 1.9818219 1.6319544 0.05490163 -1.0373962
0 5 0.071301185 23.204374 1.0098866 51.80631 4.706483 1.6307676 1.9612694 3.1136017 -0.040104523 -0.056014672
0 5 0.07017 23.403265 1.0649747 53.466007 4.6528816 1.6722294 1.9586442 3.0708857 -0.07757112 -0.0027773362
0 5 0.067613445 24.527344 1.2577289 54.762253 4.5104656 1.5796406 1.9267876 3.1729138 -0.026269954 -0.9487364
0 5 0.0654741 -11.09137 1.7557471 114.06531 5.190238 1.7355728 1.9958286 1.5865134 0.008202814 -0.41546324
0 5 0.064819954 -16.726511 2.5163245 43.02117 4.4256096 1.4587319 1.8279759 1.6286438 -0.08357166 -7.360992
0 5 0.06417742 24.55579 1.218604 53.296444 4.697377 1.6025627 1.9745699 3.2539656 -0.04789837 -1.0672123
0 5 0.05576094 28.008942 0.561116 87.688324 4.748562 1.870472 1.9790555 5.2006044 -0.0060794167 8.071646
0 5 0.055022635 23.515417 0.95224786 53.05603 4.743792 1.5838752 1.9708966 3.137176 -0.030206993 -0.030587014
8 8 0.061118796 21.61644 1.6696945 32.466278 0.37579256 0.9152248 0.37064224 4.8050876 0.0108720735 0.19305873
8 8 0.05547039 21.15776 1.6319959 31.820381 0.38109934 0.92523926 0.40400413 4.808989 -0.009531512 0.11553473
