0 5 0.12686259 15.229945 1.4066873 91.98948 4.464542 1.6047318 1.9307246 4.861382 0.01310535 9.609305
0 5 0.12670346 14.845781 1.4039537 89.98108 4.5545974 1.6152847 1.9149019 4.875894 0.002421001 11.128539
0 5 0.09025208 15.03247 1.4070954 90.642365 4.4240093 1.5924221 1.879082 4.865181 -0.026188882 10.217247
0 5 0.059431266 -24.594065 2.911906 29.156866 4.4043965 1.6112975 1.8611069 2.6646957 -0.14044347 -0.052531175
0 5 0.058440357 37.039597 -0.7939985 83.83996 4.494981 1.7603388 1.9713986 2.0101724 0.063099645 -1.070378
0 5 0.056362297 -25.28289 3.0296178 29.949825 4.4360175 1.626557 1.8540745 2.6795883 -0.11312908 -0.062344637
0 6 0.054412864 14.819512 1.6941257 18.12959 4.303213 1.6542281 1.8226761 6.783563 -0.05190997 -0.023782047
0 6 0.053218514 13.840591 1.7151926 17.64481 4.316606 1.6488407 1.8286889 6.7773094 -0.023717782 0.0063362624
0 5 0.052980766 -0.71912956 1.6448951 107.505264 4.7882156 1.6923863 1.9496144 1.4568764 0.004387783 1.1611203
0 5 0.05017164 14.529568 1.4178561 88.072586 4.703329 1.6024854 1.882332 4.8663387 0.025650969 10.751152
3 5 0.1879524 15.880055 -0.57149994 85.61876 12.106175 3.852136 2.8509986 4.8499713 -0.04940202 8.805815
3 5 0.17883253 16.146877 -0.6001799 86.53008 12.349542 3.957024 2.814218 4.8591433 -0.04793934 9.824419
3 5 0.08918505 15.860456 -0.2730801 87.23407 11.879232 4.1787324 2.6625478 4.785547 -0.07401485 8.497392
3 5 0.06700934 15.386623 0.5200825 87.89851 11.590632 3.6715298 2.8209794 4.849998 -0.044156432 9.31897
3 5 0.059046082 15.480153 -0.415326 84.97775 11.691461 3.9669683 2.619381 4.8352966 -0.06681939 8.458905
7 2 0.08993902 -24.810078 2.0770738 48.43811 0.63432103 1.7735251 0.59862226 1.8893114 -0.03957311 -0.040927015
7 2 0.08576397 -24.628778 2.1472638 47.97379 0.6352793 1.7900695 0.59621406 1.8589461 -0.08811941 -0.043810934
7 2 0.08494428 -24.664473 2.0564191 48.200417 0.63710153 1.789187 0.6159253 1.9564757 -0.16668084 -0.16345692
7 2 0.08003343 -24.38992 2.1522312 47.654823 0.64187104 1.7982851 0.62100416 1.9443593 -0.15325864 -0.13771023
7 2 0.062907085 -22.559265 2.3520582 51.236305 0.8504633 1.5917751 0.62394154 1.9885513 0.02883898 0.112288006
7 2 0.050656818 -22.323227 2.343546 50.90512 0.81093377 1.536305 0.6057486 2.0212276 0.08151335 0.13652787
