0 5 0.5440274 -13.759939 2.4649734 18.622984 4.6043196 1.5671784 1.9249836 2.141197 -0.13206732 -0.53704715
0 5 0.48727873 -4.3549004 2.2812042 41.899048 4.9369254 1.8136163 2.0494008 2.2810197 -0.04131513 -7.273917
0 5 0.25418407 -13.367588 2.465556 18.046791 4.565029 1.5626675 1.9062989 2.070457 -0.086819805 -1.422209
0 5 0.24824497 -4.416807 2.2950587 42.58576 4.982056 1.8207735 2.0597858 2.2786682 -0.045298204 -5.660762
0 6 0.1715261 -12.9659195 2.4930089 17.552174 4.503581 1.5304921 1.8896154 2.205137 -0.059344962 0.012065686
0 5 0.14320719 -13.2472315 2.4611368 17.82323 4.582731 1.5568955 1.9025797 2.10042 -0.07493785 -1.0026935
0 5 0.13477752 -13.930991 2.4834814 19.107922 4.5478573 1.5772809 1.9017053 2.0692346 -0.034697525 -0.5959724
0 5 0.13052157 -4.4126053 2.2798872 42.139885 5.020604 1.8195503 2.0352883 2.2917764 -0.07578049 -7.7526164
0 5 0.107712105 -5.182344 2.7551134 50.306133 5.1101227 1.8568938 2.0598512 2.3606646 -0.052424215 -3.7788534
0 5 0.10687993 -40.118855 3.5454073 48.711773 4.580442 1.6336415 1.9321245 4.201987 -0.02183818 1.0689827
0 5 0.10675646 -5.0053763 2.557976 49.016388 5.031469 1.8368758 2.0402865 2.3619175 -0.053430654 -3.287723
0 5 0.09377514 -13.493346 2.4721465 18.362732 4.5513315 1.5638738 1.9105798 2.1439953 -0.02313817 -0.023296814
0 5 0.091488734 -30.50679 3.1211026 55.347572 4.6445036 1.5911483 1.9822911 3.9127498 -0.08326984 6.7626595
0 5 0.09009309 -38.91243 3.4690213 47.475147 4.560552 1.607645 1.9088976 4.114988 0.046081983 0.92883986
0 5 0.08868068 -0.036373597 2.2127542 97.55257 5.425483 1.9752269 2.2251275 1.8950198 -0.06793916 -5.020176
0 5 0.08071524 -20.203836 2.430926 53.560627 4.2257977 1.580084 1.6938893 4.3862834 -0.0721753 8.85747
0 5 0.080035955 -2.6248233 2.1289558 90.38591 5.959659 2.4598618 2.510393 1.6225814 -0.03916868 -3.066372
0 5 0.07993471 -5.3352766 2.4986706 49.45039 5.091395 1.858828 2.0822194 2.4019394 -0.0995476 -3.62787
0 5 0.07965181 -0.7346219 2.1096845 95.67111 5.574777 2.0417392 2.277969 1.86726 -0.051883765 -4.4324327
0 5 0.076613426 19.775173 1.8533795 61.62934 5.6269093 1.9585319 2.3272421 6.632665 0.101600364 0.14476383
0 5 0.07622735 -20.23083 2.4170578 53.296074 4.1807175 1.608447 1.7238774 4.373919 -0.077544495 7.4059606
0 5 0.07595448 -31.180077 3.1740317 56.434765 4.6327024 1.5667374 1.9698864 3.8598375 -0.08043656 7.257112
0 5 0.07584652 -30.25651 3.0292325 53.557293 4.5825405 1.5703706 1.9542 3.811957 -0.1674 6.2943215
0 6 0.075558476 -15.901599 2.625988 20.118534 4.438783 1.5776277 1.8826256 2.0543416 0.026829368 -0.00868795
0 5 0.07195124 19.375078 1.8008676 58.577137 5.3014665 1.8474448 2.2409806 6.6535344 0.07240538 0.07791577
0 5 0.06726649 -1.7439259 2.033886 92.25484 5.78247 2.233996 2.3929913 1.7768536 -0.03903971 -3.4993324
0 5 0.066561624 -30.757057 2.7810988 58.227913 3.9538 1.6899778 1.5103004 4.313685 -0.09251952 7.967091
0 5 0.06302404 -12.602841 2.561109 17.22075 4.574386 1.5321751 1.8850821 2.142706 0.028353015 0.0026643276
0 5 0.06212923 -38.23459 3.4290786 46.375816 4.5327163 1.6192546 1.9265933 4.1683683 0.010645041 0.19642204
0 5 0.060493823 -31.115366 3.1102269 54.9135 4.67377 1.5920833 1.9991269 3.908962 0.0070624724 5.997236
0 5 0.060285382 -19.05903 2.8073757 27.297382 4.498389 1.6027237 1.9159021 2.1562452 -0.032477386 -0.08492388
0 5 0.059523772 -19.89069 2.4313784 53.577522 4.2728286 1.5897834 1.7002597 4.4155507 -0.08173301 9.450774
0 5 0.059156474 -30.79561 3.1094184 54.432743 4.57123 1.5394968 1.946482 3.7692025 -0.15689217 7.1293697
0 5 0.058335446 -37.620052 3.3278031 45.81017 4.527102 1.5732805 1.8994771 4.1119924 0.035440877 0.73420906
0 5 0.058116376 -40.632725 3.5433683 49.39608 4.604632 1.6171443 1.9338802 4.0634837 -0.011931187 0.5919186
0 5 0.057156976 -28.787357 2.7344563 53.75045 4.3393307 1.6448467 1.82325 4.297902 -0.072056115 8.534652
0 5 0.057031654 -27.757353 2.7455769 50.51137 4.351791 1.5887072 1.8398254 4.2419076 -0.022387683 7.338874
0 5 0.055272043 43.039574 0.17670053 52.14458 4.291258 1.6469517 1.8711737 5.6672626 0.05807425 6.9037566
0 5 0.05489935 -20.38151 2.432053 53.930138 4.4374404 1.5789075 1.8710861 4.39927 -0.05369678 7.8940096
0 5 0.054566886 -28.540873 2.8020587 51.98978 4.35956 1.5780065 1.8440144 4.225756 -0.012442196 6.9924755
0 5 0.05371304 -20.14549 2.383582 52.90598 4.2800603 1.5988629 1.833965 4.3793564 -0.07498496 6.878048
0 5 0.052970067 -1.3658363 2.4611661 95.42209 5.7006683 2.3965142 2.4642835 1.8915197 -0.060880937 -4.8061404
0 5 0.052197542 -14.357102 2.4810672 18.287476 4.501346 1.5661476 1.8873271 2.0323944 0.0009768456 0.016252339
0 5 0.05127808 -18.766102 2.8041182 26.875029 4.5370984 1.5961854 1.9153137 2.096747 -0.06478306 -0.0034411754
0 5 0.051150225 -29.35723 2.8231754 52.562115 4.3572607 1.54165 1.8417326 4.0606046 0.027284143 5.1456866
0 5 0.05034938 -31.760605 3.1753998 56.139957 4.644919 1.594641 1.980476 3.9290369 -0.015595911 6.844619
0 6 0.050302774 -38.72685 3.43363 47.85455 4.533749 1.62128 1.9090382 4.189485 0.036447212 0.51202196
1 5 0.087586015 -2.6248233 2.1289558 90.38591 5.959659 2.4598618 2.510393 1.6225814 -0.03916868 -3.066372
1 5 0.06719708 -1.7439259 2.033886 92.25484 5.78247 2.233996 2.3929913 1.7768536 -0.03903971 -3.4993324
1 5 0.06271108 -4.3549004 2.2812042 41.899048 4.9369254 1.8136163 2.0494008 2.2810197 -0.04131513 -7.273917
1 5 0.054660268 -0.7346219 2.1096845 95.67111 5.574777 2.0417392 2.277969 1.86726 -0.051883765 -4.4324327
1 5 0.05208168 -2.6765068 2.1120768 92.52599 6.1311965 2.7220702 2.6713316 1.6451037 -0.043758206 -2.4570115
3 5 0.42794487 22.445566 0.8835256 51.674065 11.902372 3.0720692 2.821771 3.501708 -0.03948252 -0.023563499
3 5 0.29654476 22.491385 0.898101 52.30757 11.83656 3.1042604 2.7885213 3.5801058 -0.018809399 -0.016176112
3 5 0.13721752 22.87647 1.9757738 53.516254 12.48476 3.2551517 2.9572074 3.8110838 0.036004655 -0.5860136
3 5 0.13458231 22.575207 0.9242114 52.829987 11.643043 3.1244528 2.746186 3.5025725 -0.021077374 -0.019534495
3 5 0.1296543 28.730724 0.98734653 57.090225 11.621327 3.0517344 2.8692348 6.599088 -0.03646428 -0.0037688036
3 5 0.111861534 23.683298 1.1484965 54.402412 12.180658 3.0328524 3.0120142 3.7690525 -0.039910838 -0.20631006
3 5 0.10379532 31.579334 0.99655163 56.390835 11.661431 3.294399 2.8639054 6.3475127 -0.02281197 0.6609819
3 5 0.09978261 24.39896 1.8794329 53.50702 12.07879 3.153422 2.9704435 3.8067753 0.025832431 -0.01329474
3 5 0.099078804 23.043633 2.0608478 53.9034 11.74104 3.2101934 2.9117308 3.7268016 0.0054564755 -1.0052589
3 5 0.078216046 23.066832 1.0156617 53.124104 11.839905 3.0288486 2.8984838 3.455886 -0.065248206 -0.13831028
3 5 0.077721775 29.734571 1.0155467 50.921864 11.147821 3.0052907 2.782161 5.6008506 -0.021725332 0.020421922
3 5 0.07248921 -2.6248233 2.1289558 90.38591 5.959659 2.4598618 2.510393 1.6225814 -0.03916868 -3.066372
3 5 0.072470896 -1.7439259 2.033886 92.25484 5.78247 2.233996 2.3929913 1.7768536 -0.03903971 -3.4993324
3 5 0.07166238 32.650623 0.9087574 57.872776 11.627688 3.4350493 2.9138367 6.041923 -0.013145348 1.0153872
3 5 0.07141011 -0.7346219 2.1096845 95.67111 5.574777 2.0417392 2.277969 1.86726 -0.051883765 -4.4324327
3 5 0.069671094 30.393837 1.0272179 59.006588 11.732819 3.218149 2.909129 6.496676 -0.016094012 -0.024309374
3 5 0.068784066 32.492832 1.0975158 56.582153 11.323093 3.315662 2.8423488 6.3920374 -0.0139799025 0.48982787
3 5 0.06292165 22.008657 1.7014498 124.324615 12.689305 3.1734493 3.0558255 4.774818 0.045532048 5.5091586
3 5 0.057967212 -0.036373597 2.2127542 97.55257 5.425483 1.9752269 2.2251275 1.8950198 -0.06793916 -5.020176
3 5 0.051628787 20.573326 0.7535666 47.714043 12.021772 3.080307 2.9620945 3.5239716 0.03687136 -0.011244943
3 5 0.050461546 21.788465 1.791489 51.234444 11.135928 3.0468361 2.9368958 3.824394 -0.08478287 -0.21091297
7 3 0.32181144 -7.091824 2.0018346 18.61078 0.74789464 1.7625076 0.7153329 3.7202895 -0.0564832 0.06632011
7 3 0.17537464 -6.9596753 1.9989305 18.290205 0.73356223 1.7540934 0.64685464 3.642552 -0.02821555 0.117079206
7 3 0.17084774 -7.1273785 2.0128016 18.775642 0.8138233 1.7472605 0.7231215 3.7977536 0.10744609 0.35438418
7 3 0.14556018 -6.913737 1.9661624 18.167048 0.78303915 1.7615503 0.72314274 3.7887616 0.10241086 0.07774045
7 3 0.12556453 -6.9806557 1.997782 18.474037 0.8884283 1.7818024 0.81146646 3.8514864 0.09488097 0.2872674
7 3 0.11596703 -7.3715987 2.075552 19.103458 0.8170873 1.756594 0.74410236 3.7034981 -0.02283682 0.04636793
7 3 0.092770256 -7.6270437 2.070437 19.819286 0.6702032 1.6955079 0.64106464 4.036644 -0.12107947 0.16908222
7 3 0.09065783 -7.4978795 2.10882 19.418072 0.7542408 1.7458969 0.6949045 3.746531 0.15951106 0.45683828
7 3 0.05808428 -7.6891227 2.0509396 19.915009 0.66008323 1.6853055 0.6525106 4.04355 -0.11018843 0.19331327
7 3 0.054609794 -7.168398 2.034656 18.560215 0.87142634 1.7856345 0.7632693 3.9024425 0.013924627 0.33859217
7 3 0.050482944 -7.4624257 2.0877337 19.539627 0.67975885 1.8458759 0.67258435 3.6436682 0.06388071 -0.06285953
8 8 0.081021115 9.12271 1.5053265 10.21072 0.46478516 1.1676165 0.4496318 2.9560468 -0.006603471 -0.034414366
8 8 0.071886644 9.147417 1.508603 10.283211 0.45874897 1.1533412 0.46283025 2.8536978 -0.010412887 0.011383463
8 8 0.055997875 21.200602 1.7414625 28.485292 0.38770404 0.6901616 0.42074773 5.5680494 -0.08894783 0.036869306
