0 7 0.675687 4.6749225 1.9689598 7.797359 4.387721 1.4678439 1.789347 4.752087 -0.05396492 0.873542
0 5 0.31071132 -9.717567 2.1756887 39.530518 4.6185093 1.5926254 1.9251411 1.9596869 -0.09150906 -8.272682
0 5 0.2576361 7.5439744 1.8520927 61.16263 4.664486 1.6689569 1.9667648 2.7851636 -0.014994024 -1.1105006
0 5 0.23993777 -7.0265865 2.1482468 61.63046 4.5195417 1.5171652 1.897001 2.9742506 -0.054389693 -1.0835378
0 5 0.22671708 6.8776436 1.8306854 56.243702 4.699824 1.6127292 1.9561977 2.9926639 -0.1297754 -2.1561074
0 5 0.22425725 24.735449 1.5513523 59.657406 4.505555 1.6006459 1.912451 3.3412983 -0.02206952 -0.27887127
0 5 0.21636917 33.37984 1.4440119 41.847736 4.697889 1.6159078 1.9708112 1.7068493 -0.03765816 1.1391016
0 5 0.20121203 -7.0110235 2.1137366 61.283577 4.4897118 1.5232432 1.8950688 2.9211252 -0.03101588 -1.1123645
0 7 0.187532 4.9470854 2.0429137 8.261525 4.441517 1.5191276 1.8177226 4.7492285 -0.03746052 0.26833278
0 5 0.16366017 24.803806 1.5440542 60.016 4.437917 1.5823526 1.894285 3.3651006 0.03493674 -0.28012285
0 5 0.16261706 -31.338013 2.7849917 64.08969 4.656954 1.5516264 1.9678665 3.0961237 0.042292513 0.0017254837
0 5 0.15861286 7.542511 1.8203968 60.845528 4.6186085 1.6656755 1.9536064 2.765461 -0.053024158 -1.6546655
0 5 0.15729822 -31.575216 2.8434107 64.76216 4.579077 1.5667925 1.9568723 6.2536535 -0.014139528 -0.10468916
0 5 0.14345191 7.7134166 1.8092711 62.169807 4.7791696 1.6800616 1.9810902 2.7679036 -0.030222714 -2.808459
0 5 0.13896163 -9.200075 2.1594195 37.50915 4.6360755 1.6215303 1.9545251 1.894202 -0.076666385 -5.727149
0 5 0.13771476 -9.840528 2.2088544 39.98566 4.600917 1.5744175 1.9440384 1.9710228 -0.03520242 -6.900479
0 5 0.13282488 6.7520103 1.8090899 55.75962 4.625321 1.6165384 1.9269806 3.043988 -0.13308948 -2.6140742
0 5 0.12926526 25.34104 1.5017577 61.328274 4.524693 1.578389 1.9285288 3.3727322 -0.009707504 -0.030167645
0 6 0.12611668 -39.480095 2.800987 51.693573 4.3167048 1.6348829 1.8964336 6.1007714 -0.021612506 -0.045288473
0 5 0.12091319 -31.957365 2.9001338 65.416885 4.597957 1.5429688 1.9596488 3.1308258 -0.03446766 -0.004326783
0 5 0.12053542 32.70244 1.4385226 41.012974 4.731691 1.6089445 1.9680957 1.6853077 -0.04101276 2.164875
0 5 0.11890344 25.148798 1.4930288 60.56902 4.5909348 1.6016225 1.9471532 3.3577979 0.02092368 -9.1517344e-05
0 5 0.11259567 34.02135 1.4547806 42.707264 4.723103 1.629628 1.9752954 1.720924 -0.078791425 2.21168
0 5 0.11139469 -31.551142 2.8304925 64.48182 4.660697 1.5247018 1.9695258 3.1193752 -0.0004497692 0.01136997
0 5 0.10628371 22.074974 1.3530585 53.65335 4.2956014 1.5486933 1.8539433 3.2503843 -0.041319694 -0.01504694
0 5 0.10602507 5.3331594 2.113223 8.129935 4.6277757 1.5629482 1.9153779 4.796977 0.0077747125 0.23226616
0 5 0.104927205 7.693059 1.8068402 61.651886 4.7833 1.6772462 2.0044467 2.8136828 -0.024201052 -2.1820865
0 5 0.095768355 -7.914338 2.128203 68.07615 4.6273513 1.5982394 1.9325775 2.9744768 -0.004448639 -1.4396573
0 5 0.09279305 7.645286 1.7932961 62.396584 4.7405624 1.6755264 1.9874296 2.803247 -0.030876864 -1.6236097
0 6 0.09199264 -40.983543 2.9112227 53.341087 4.2995033 1.6284852 1.8942523 6.071542 -0.023317292 -0.03514423
0 6 0.09136516 -30.12515 2.6960154 61.935844 4.40501 1.5501349 1.8941157 6.183374 -0.013418582 -0.02101781
0 5 0.09029908 5.1259093 1.9988095 8.391193 4.7120357 1.5837886 1.9381118 4.816371 -0.032010764 0.02170984
0 5 0.09028169 24.598652 1.5303285 59.49999 4.3990417 1.5616953 1.888141 3.37555 0.029174512 0.01545972
0 5 0.090154044 -6.961966 2.0999827 60.742474 4.4859366 1.5285158 1.8972315 2.9379609 -0.041369677 -0.9992697
0 5 0.0887388 7.827056 1.8357389 61.402977 4.758695 1.6681968 1.9748888 2.7397587 -0.02175322 -2.243941
0 5 0.08839586 -9.380181 2.1342187 38.933197 4.6886587 1.6425871 1.9547676 1.9016501 -0.026756842 -5.867968
0 5 0.08690087 -7.680414 2.174095 68.795235 4.6405735 1.5917772 1.9472443 2.930049 -0.07887111 -2.3389256
0 5 0.08456596 42.94789 0.9372182 75.377 4.527679 1.7074167 1.9324051 5.097174 0.021606414 7.1105113
0 5 0.08050054 24.487116 1.5494972 59.01306 4.4826 1.5930781 1.9324301 3.3295891 0.0043931417 -0.12895305
0 5 0.079463646 25.225506 1.6414535 61.062153 4.5125456 1.5979621 1.9183335 3.357185 -0.02863593 -0.8261085
0 5 0.0791876 4.3180566 1.6374605 6.9372196 4.565446 1.5266395 1.8767186 4.5590553 -0.08781166 2.03811
0 6 0.07914793 -40.05421 2.9420536 52.213985 4.353558 1.6348273 1.8979081 6.0670447 0.019649455 -0.029383933
0 5 0.07868024 22.144594 1.3745265 54.314243 4.273886 1.5532391 1.8412365 3.2860866 -0.066158935 -0.062340572
0 5 0.0774669 41.45037 1.123104 72.66394 4.4951835 1.6845286 1.928108 5.145936 0.03218527 7.9738293
0 6 0.07482238 -40.994606 2.797851 52.056625 4.26122 1.601166 1.8758682 6.0469413 -0.04650673 -0.031930193
0 6 0.07356411 -41.104282 2.6637383 50.3871 4.20806 1.6030184 1.8654492 6.057993 -0.056702048 -0.004844416
0 5 0.07192347 34.360382 1.5341953 42.869274 4.4904737 1.6440827 1.9307605 1.7441913 -0.0056825737 -1.0343653
0 5 0.0712438 4.9483395 1.6598637 7.4157233 4.5703998 1.5311557 1.8999276 4.670424 0.008270316 1.1504246
0 5 0.07095167 -30.996103 2.8701 63.617935 4.5926995 1.5722127 1.9528759 6.2466116 -0.023497531 -0.012783363
0 7 0.070816234 6.8438764 1.9167881 8.00757 4.411408 1.5630941 1.8219932 4.693494 -0.006080907 -0.027485197
0 6 0.07052404 -30.488014 2.6850197 63.71417 4.3737845 1.5415789 1.8933837 6.2052355 -0.05075027 -0.017632427
0 5 0.06902172 34.207737 1.4538748 43.138115 4.6699357 1.6222317 1.9547733 1.7300273 -0.11368164 1.7067431
0 5 0.06851335 32.500603 1.4313915 40.48059 4.646413 1.6052133 1.9595236 1.7429224 -0.042334862 1.773964
0 7 0.06669857 32.180832 1.47803 40.892807 4.555077 1.6270214 1.9324099 1.6752381 -0.027224181 0.10221171
0 5 0.065951645 42.291714 0.9201855 74.49869 4.522823 1.7182119 1.9254916 4.9685626 -0.008235782 7.0782437
0 5 0.06529742 33.897152 1.3635905 42.164154 4.5027547 1.6737332 1.9325702 1.7173302 -0.011873855 -0.68852955
0 5 0.064794905 43.45835 0.92996806 76.02504 4.5382676 1.7072332 1.9428809 5.2704124 0.052680142 7.0651274
0 6 0.06456672 -31.269068 2.7396884 63.23598 4.365321 1.532167 1.8756784 6.1625695 -0.014639188 -0.031503662
0 5 0.06441334 -9.994371 2.2468367 40.265167 4.657888 1.5626235 1.9532282 2.0194197 -0.07791795 -7.999345
0 6 0.064313866 -41.224457 2.9692037 53.572083 4.322015 1.6257986 1.9006305 6.042922 0.030238168 -0.032461382
0 5 0.0637445 42.415855 1.1352646 73.828545 4.504225 1.6770679 1.9406995 5.3105717 0.055316634 7.7390146
0 5 0.06248624 -7.958512 2.1586921 68.4013 4.533194 1.6012832 1.9304545 2.968916 0.0008545257 -1.7560134
0 6 0.060723465 -39.22168 2.7265062 51.449963 4.2826867 1.632295 1.8810148 6.1090274 -0.062994875 -0.011986435
0 5 0.059472278 25.447922 1.5611799 61.69035 4.5357327 1.5916572 1.9372169 3.3602283 -0.03203339 -0.53646284
0 5 0.05917753 31.92563 1.6171052 40.434975 4.429781 1.6294502 1.9136204 1.717732 -0.053387478 0.11374245
0 7 0.058496617 7.02195 1.9794443 8.814798 4.4955235 1.5297227 1.8569279 4.7407203 -0.005436292 -0.028483976
0 5 0.057695676 40.587017 1.0877465 71.489174 4.482596 1.6927285 1.9076678 5.058503 -0.006470682 7.560493
0 5 0.05610496 7.4351497 1.8301988 59.086716 4.636052 1.598634 1.9304808 2.9084516 -0.08434203 -0.9915526
0 7 0.055872552 26.526978 1.7009306 61.937943 4.4202437 1.6175754 1.9171063 3.4371648 -0.024337042 0.01869205
0 7 0.05367006 26.498087 1.6527046 64.174805 4.373205 1.6259315 1.9299753 3.4006329 -0.018208083 -0.05401723
0 5 0.05326935 -30.409077 2.7795339 62.470417 4.428797 1.5641395 1.8950729 6.2122355 -0.038773455 -0.018813884
0 5 0.052970767 -10.692564 1.8883208 43.572872 4.8726335 1.6733406 1.9492893 1.9195266 -0.033159755 -6.0967484
0 5 0.052859746 34.513325 1.4218812 43.565422 4.6561093 1.6267254 1.9581441 1.7580957 -0.111154914 1.7195828
0 5 0.052267667 -7.733137 2.2250423 69.519 4.5815635 1.5985969 1.9327531 2.94182 -0.036400363 -2.2393556
0 5 0.052207682 -7.1035595 2.1145837 64.13228 4.455686 1.5242294 1.8773191 2.797406 -0.094362974 -0.61224204
0 5 0.05164054 32.707584 1.3860517 40.317417 4.5989437 1.6498518 1.9726616 1.7373493 0.012996523 -0.503629
0 5 0.051559336 31.326998 1.2729745 40.38712 4.5462036 1.6452725 1.9637922 1.773229 0.014256431 -0.391372
0 6 0.05126159 -40.396862 2.7989666 52.575462 4.267183 1.6303004 1.8736587 6.10945 -0.07293788 -0.020460535
0 6 0.050870255 -40.04644 2.573842 49.070374 4.2296753 1.59906 1.8513298 6.0648565 -0.060020007 0.0042541306
0 6 0.050699186 -40.301434 2.748017 51.10559 4.2372174 1.5945284 1.8647888 6.0762086 -0.061848104 -0.00096386485
0 6 0.050670158 -39.780663 2.7471855 52.011627 4.256063 1.6430205 1.8603115 6.086778 -0.046268567 -0.036770225
0 5 0.050523277 44.464703 0.6872105 78.004105 4.567102 1.7235489 1.9467882 5.078264 0.023022415 5.535155
0 5 0.050005227 -8.764285 2.0695965 36.27847 2.8368797 1.6685616 1.2522542 1.9381403 -0.02471226 -4.336028
3 5 0.15695646 -13.074692 1.3212992 52.114788 11.82868 4.625486 2.6643863 1.5119767 0.083883666 -2.9179726
3 5 0.126492 -12.2580805 1.231396 50.616352 11.80794 4.3042083 2.6833901 1.434511 0.055419095 -4.5840073
3 5 0.1158585 -13.209218 1.0600615 56.75374 12.74493 4.2067094 2.919884 1.534824 0.029213237 -4.188618
3 5 0.1122532 -14.724901 1.1431403 59.70991 13.164226 4.4244204 3.012186 1.5264779 0.030418543 -4.1572075
3 5 0.10376166 -12.99891 0.99010026 58.550327 12.18243 4.052684 2.8194785 1.476287 0.022354873 -4.160158
3 5 0.089080215 -12.420784 1.1111706 53.247505 12.02097 4.243284 2.7158446 1.4241014 0.045217052 -4.6409907
3 5 0.07806497 -13.541281 1.2587981 52.996002 12.02687 4.686371 2.6448293 1.5123754 0.124498 -3.2010572
3 5 0.07804795 -17.13172 0.32675195 77.10232 11.471374 3.7363179 2.9105449 1.3432462 -0.03992562 1.7836986
3 5 0.06921707 -14.359147 0.8887224 55.875828 11.526907 4.5461764 2.48507 1.38764 0.15747017 -2.4265993
3 5 0.05988379 -16.939915 0.27911842 74.62785 11.255015 3.7988906 2.9013302 1.3241838 -0.038889088 0.9271148
3 5 0.05844396 -10.62531 1.5784645 43.839783 5.184608 1.9484415 2.0760655 1.8078051 -0.028350132 -4.95206
3 5 0.057861112 -10.692564 1.8883208 43.572872 4.8726335 1.6733406 1.9492893 1.9195266 -0.033159755 -6.0967484
3 5 0.05458876 -17.163088 0.33863318 79.40977 11.591179 3.7021239 2.9383557 1.3329362 -0.027967194 1.10933
3 5 0.052310895 -13.226885 0.8803054 53.8794 11.104842 4.268263 2.509692 1.3742576 0.13162042 -3.9742267
3 5 0.051715508 -14.140518 0.8795283 54.145 11.656147 4.635318 2.4931483 1.3368471 0.16525161 -2.5525117
7 2 0.15351453 -7.230227 1.9246616 30.316833 0.7154366 1.7351519 0.66989714 4.7688217 0.09248422 -2.1187809
7 2 0.14213014 -7.1070943 1.9183222 30.59428 0.7751559 1.741735 0.68916595 4.691468 0.080108024 -1.7531222
7 2 0.10214408 -7.1711807 1.9169605 30.079243 0.72383815 1.7340857 0.67379546 4.7418556 0.045911215 -1.8844166
7 2 0.09758283 -7.186557 1.9373649 32.20203 0.77092326 1.7402723 0.69817376 4.625085 0.0449377 -1.2574526
7 2 0.08694976 14.504528 1.7144349 28.345766 0.80060375 1.6984571 0.71230614 2.46297 -0.17209071 -0.103914075
7 2 0.08374244 -7.433438 1.9339194 30.79118 0.7405945 1.7335851 0.6624726 1.7185346 0.08435659 -3.2998748
7 2 0.07743029 -7.021186 1.8980225 30.045956 0.7629053 1.7299721 0.68298715 4.6910787 0.055648066 -1.1972157
7 2 0.073676504 12.21565 1.6703539 24.06145 0.7304958 1.7403373 0.60478675 2.2096293 -0.2042004 -0.678384
7 2 0.071585275 15.302608 1.601458 29.834988 0.8508926 1.700118 0.7261047 2.5595553 -0.17284077 -0.033191692
7 2 0.06688114 12.232501 1.6745651 24.156254 0.7468865 1.7154428 0.6051837 2.5996423 -0.2037908 -0.25158668
7 2 0.06535263 14.123327 1.807167 27.595703 0.78553426 1.7047938 0.68196976 2.361196 -0.18845563 -0.4117496
7 2 0.06155572 -7.351378 1.9253037 30.448938 0.72609997 1.733344 0.66445535 1.6696311 0.07717601 -2.8060207
7 2 0.055653535 14.198473 1.733768 27.780811 0.7466876 1.7165567 0.6862842 2.6139174 -0.15709932 -0.46741605
7 2 0.052619558 15.274484 1.7023783 29.703798 0.7484684 1.7006365 0.7038739 2.3652468 -0.16375087 -0.17173451
7 2 0.05213997 -7.3775682 1.9353306 33.703903 0.7857844 1.7429599 0.69678503 1.4005514 -0.032547962 -1.4174453
7 2 0.05146403 11.693958 1.727509 23.063349 0.7784255 1.7484269 0.639721 2.9161084 -0.21865731 -0.1076175
7 2 0.050606888 13.526443 1.7961674 26.460043 0.7194906 1.7081386 0.64808434 2.3336668 -0.18897505 -0.20910156
7 2 0.050372776 -7.055823 1.8894007 31.469067 0.7560131 1.7269499 0.67879486 4.624058 0.049184643 -0.52261007
