0 5 0.14362818 -35.412403 3.231412 53.68382 4.230244 1.5531508 1.8459362 1.5580375 -0.08757169 0.77855843
0 5 0.13809869 -37.7809 3.4417875 57.2675 4.3779154 1.5065392 1.9291224 1.814451 -0.05812817 -0.5186865
0 5 0.11683715 -37.806217 3.4621582 57.396263 4.341374 1.5136559 1.9117768 2.032271 -0.042890072 -0.10728183
0 5 0.11514974 -37.30278 3.3858824 56.169407 4.437795 1.5097429 1.9499637 2.2038743 -0.039201185 -0.47655743
0 5 0.10639561 -37.397247 3.4496813 56.45939 4.394153 1.5321494 1.9256365 2.4846904 0.01512952 -0.123182885
0 5 0.10556678 -21.39723 1.9574811 69.11822 4.467629 1.6308461 1.904794 4.3513207 -0.028814822 12.734609
0 5 0.09992553 39.738518 0.19644028 47.084137 4.5771317 1.6463245 1.9621663 5.823453 0.025118927 2.0985692
0 5 0.095709406 39.152702 0.050851226 46.399372 4.6331677 1.6378608 1.9672102 5.8337283 0.021109456 2.3057063
0 5 0.095142305 38.023163 0.27222252 44.82963 4.2074375 1.680748 1.8323425 5.7715535 0.046042547 4.9432654
0 5 0.092720985 40.51771 0.2033534 47.1517 4.549467 1.6352897 1.9174693 5.8613195 0.03109281 4.37387
0 5 0.09263932 -37.20084 3.356165 56.464264 4.3751874 1.5118587 1.905791 2.3321664 -0.0015378725 -2.3708704
0 5 0.090300135 -21.049149 1.9535377 67.90328 4.4909472 1.6425166 1.9167929 4.3355374 -0.046390403 10.630627
0 5 0.08765178 39.698513 0.07302731 46.399937 4.5843205 1.6186159 1.93138 5.8403773 0.062281452 4.397721
0 5 0.07158188 40.76133 0.24016494 48.027245 4.5795784 1.648605 1.960882 5.834206 0.04577221 3.4707153
0 5 0.06842045 -21.58849 1.9382496 70.09458 4.463804 1.6240162 1.9117618 4.34725 -0.09102208 14.050235
0 5 0.067013614 41.140472 0.20025647 49.290203 4.55752 1.6364048 1.9431174 5.8324833 0.08651473 2.7970042
0 5 0.06615775 -35.07045 3.2144878 53.40195 4.2540493 1.5443147 1.8356148 1.6525042 -0.053059854 0.98339164
0 5 0.06587783 -21.065262 1.9920366 68.274445 4.452961 1.6311127 1.8962786 4.3627124 -0.0032340474 13.042949
0 5 0.06436826 39.066856 0.2564276 45.776924 4.216382 1.6767884 1.8340294 5.7934256 0.008801067 4.2097144
0 5 0.0633648 -21.403885 1.9563679 69.45141 4.5258207 1.6218438 1.928107 4.335511 -0.07079295 11.837638
0 5 0.06304388 -36.06173 3.246166 54.396366 4.2128453 1.5364307 1.8487419 1.5202184 -0.11125872 2.129824
0 5 0.057900403 40.19071 0.1787026 47.223785 4.6001315 1.6295272 1.9633098 5.8381476 -0.021981444 3.5933907
0 5 0.056016486 -35.771324 3.220983 54.34493 4.208935 1.5632169 1.8568798 1.578089 -0.06373797 1.041433
0 5 0.055743523 -20.612886 1.9833642 66.83381 4.453329 1.6448383 1.9074109 4.3468714 -0.04011051 11.185716
0 5 0.054810368 37.71795 0.27587253 44.75256 4.2352386 1.6453738 1.8281503 5.725707 0.027738066 4.7641444
0 5 0.054737747 39.265743 0.26622856 46.210457 4.244722 1.6997865 1.8455925 5.758043 -0.0041863816 5.2015038
0 5 0.054505896 41.553047 0.12183303 51.104492 4.5604167 1.6132632 1.9353613 5.9050045 0.044410124 0.9347462
0 5 0.051786263 38.85528 0.20503116 46.424816 4.258565 1.6525835 1.8451878 5.723748 0.06414408 3.2665465
3 5 0.49728748 2.7992237 1.5703748 50.926685 12.059647 3.225776 2.9248338 3.2826555 -0.040467076 -1.356964
3 5 0.16971245 3.2529786 1.7039856 51.96579 11.852286 3.2975256 2.8722339 3.3068793 -0.02296044 -0.117801175
3 5 0.15911017 2.7540112 1.5625197 49.692215 12.130434 3.2210643 2.9797523 3.255873 -0.02536448 -0.72402453
3 5 0.14104266 3.0355155 1.6031995 52.463745 12.027084 3.2585082 2.8954813 3.3114498 -0.07587855 -0.69443303
3 5 0.10079443 2.9101331 2.149694 50.857376 12.276688 3.1746695 2.997002 3.068114 -0.039380074 -0.92472124
3 5 0.0711398 2.2238617 2.4697404 48.247406 11.858946 3.0842662 2.8745975 3.3216996 0.018247621 -0.0652619
3 5 0.07000244 2.6155016 1.4039962 50.65624 12.510531 3.045787 3.0623033 3.1663063 -0.07184119 -0.26292625
3 5 0.06682094 2.5281456 2.1815019 51.456203 12.157331 3.116987 2.9864893 3.0715415 0.018299853 -1.1707153
3 5 0.058472376 -17.23426 0.00064349174 62.100742 11.120612 4.526292 2.7585518 1.1292995 0.04883086 1.2321604
3 5 0.05733402 -18.007442 0.14231086 62.12832 11.719039 4.8667674 2.7429724 1.1531124 0.1280129 -1.2421995
3 5 0.056915157 -17.260756 0.012955904 61.488823 11.242102 4.5100393 2.6810703 1.1057785 0.11250464 -0.6295191
3 5 0.052247085 2.9619858 1.3586332 51.26941 12.078624 3.238893 2.921594 3.290054 -0.046879962 -0.7234778
4 5 0.06689037 2.7992237 1.5703748 50.926685 12.059647 3.225776 2.9248338 3.2826555 -0.040467076 -1.356964
7 3 0.39028275 -7.1891723 2.1048331 17.98581 0.74719983 1.7333847 0.71773535 6.6738143 -0.025808955 0.030802246
7 3 0.30303642 -7.230766 2.1303887 18.08458 0.7768917 1.7563359 0.7268764 3.611651 -0.033276975 0.04366663
7 3 0.28483048 -7.081722 2.0730746 17.672062 0.72170806 1.7285646 0.6585573 6.678288 -0.004345699 0.027923927
7 3 0.103154026 -7.270253 2.0779018 18.229856 0.74312466 1.7400926 0.6902879 6.5719166 0.08891809 -0.021910187
7 3 0.09625462 -6.918214 2.037631 17.471952 0.6728286 1.8229921 0.65052617 6.407752 0.1643897 -0.01745254
7 3 0.09000964 -7.3549223 2.1409073 18.059145 0.7397424 1.734717 0.7048308 6.5501146 0.0069863927 0.017234042
7 3 0.08618208 -7.3769507 2.1441157 18.123888 0.74548745 1.7224492 0.6840307 3.5464396 0.08207069 0.2539122
7 3 0.07374094 -7.0149035 2.055786 17.650455 0.690684 1.8043698 0.67898947 6.3025284 0.188577 -0.058032077
7 3 0.069100626 -7.2795315 2.0978699 18.327251 0.7094391 1.7395424 0.6814165 6.679929 0.1183972 0.07374314
7 3 0.06299902 -7.379158 2.0671825 18.385609 0.79779744 1.7199383 0.7209738 6.542162 0.07829339 0.0064679924
7 3 0.052250188 -7.4000235 2.0218701 18.385603 0.64372885 1.678526 0.62884337 3.866227 -0.028596554 -0.06329478
7 3 0.051464405 -7.492466 2.0242138 18.643309 0.617207 1.6575601 0.61594766 3.7893655 -0.032781716 0.035835925
8 8 0.07633526 20.41672 1.6546835 26.93315 0.4489073 0.6300134 0.4409515 5.5476103 -0.088628165 -0.0040201154
8 8 0.061928757 20.097097 1.6233675 26.43623 0.4571457 0.6225129 0.4554997 5.511357 -0.07069511 -0.0020376928
8 8 0.059345417 20.293053 1.5993259 26.76872 0.44334728 0.6394728 0.40839463 5.4206347 -0.102601625 0.00994765
8 8 0.051155593 20.031033 1.5751679 26.355902 0.46523908 0.6296997 0.43187165 5.402906 -0.053800814 0.012283575
