0 5 0.5262714 -6.374008 2.2965317 39.529274 4.9726686 1.8634244 2.0553198 2.197537 -0.051516026 -5.195825
0 6 0.31664637 -15.729216 2.7124224 18.47887 4.5622015 1.7454079 1.9213012 2.1288838 -0.16255267 -0.08454716
0 5 0.15961175 -7.0942183 2.4964983 44.196095 5.003772 1.9016579 2.0204425 2.300166 -0.07209137 -2.999032
0 5 0.14057495 -3.7340267 2.374932 91.091385 4.729675 1.632607 1.9790663 1.9806144 -0.041641653 -3.4641035
0 5 0.13708194 -7.3083344 2.5272675 45.10602 4.845338 1.8254689 1.9956212 2.3251636 -0.082114406 -2.6493218
0 5 0.13495906 -3.0099304 2.225334 89.7315 4.862129 1.6817728 2.0012755 1.956296 -0.06703744 -2.6942124
0 5 0.13345909 -6.300512 2.30651 39.11627 4.9784575 1.8611522 2.0404484 2.146526 -0.055386968 -7.049741
0 5 0.11452316 -6.991891 2.516838 43.86479 5.0439405 1.8868175 2.0530102 2.3419793 -0.042931683 -2.8148308
0 5 0.110844515 -3.6029909 2.386816 90.01365 4.715091 1.6206774 1.9719887 1.9725419 -0.09767416 -3.0427692
0 5 0.09882686 -2.2589788 1.9640325 94.596245 5.2903843 1.8617191 2.0821843 1.9251077 -0.04315949 -2.9425604
0 5 0.0971526 0.2309517 2.1656063 106.58862 5.290283 1.9250766 2.1339471 1.9606509 0.04726907 -3.8055205
0 5 0.096624374 -3.8554664 2.424934 92.58889 4.693844 1.6094528 1.9805441 1.9593382 -0.07123344 -4.002494
0 5 0.09583218 -3.1565208 2.29337 89.99589 4.857158 1.696306 1.9998552 1.96929 -0.04053896 -3.4480228
0 5 0.09208212 -22.376614 2.5073743 54.406704 4.321196 1.5623544 1.8552874 4.554328 -0.05996964 5.207282
0 7 0.09107528 36.516182 0.15054572 44.172928 4.20733 1.6361873 1.8448893 5.678998 0.008713912 3.5651207
0 5 0.08762618 -22.922567 2.5873768 55.4654 4.324169 1.5708879 1.8603551 4.542261 -0.015736721 4.9000745
0 5 0.082077324 -0.26003754 2.0540445 104.129036 5.43598 1.9747967 2.1346755 1.952638 0.018291885 -3.7896566
0 7 0.07306687 36.17433 0.1989342 43.583324 4.175713 1.6234679 1.8307296 5.6596174 -0.017109495 3.898526
0 7 0.06642474 36.872818 0.11925894 44.583134 4.2084584 1.6512808 1.8634638 5.671916 -0.025789859 3.3206
0 5 0.06426036 0.833299 2.2331355 106.76982 4.9634204 1.8313084 2.080546 1.9437953 0.05443205 -2.8656538
0 5 0.062294558 -7.274536 2.181621 44.369625 5.370581 2.1761146 2.148489 2.3838181 -0.042231873 -1.9966801
0 7 0.057147637 37.475502 0.058838904 45.41347 4.2253094 1.6360888 1.848031 5.7028446 -0.003544285 2.8165243
0 5 0.056318887 38.16373 -0.049601316 46.629677 4.4745536 1.7650038 1.9502714 2.6071877 0.030080328 0.008887101
0 5 0.053905345 -23.114628 2.5556612 55.87439 4.316185 1.5827267 1.8647188 4.564281 -0.067671515 4.3036175
0 5 0.05386472 -22.5398 2.4999795 54.757114 4.312957 1.5763358 1.8561263 4.5660634 -0.091336526 5.107882
0 5 0.05357418 39.049236 -0.16717094 47.096123 4.4516625 1.757614 1.9199196 2.6137853 0.029456096 -0.028574454
0 5 0.053530425 0.088378154 2.0836859 105.010704 4.908976 1.7649629 2.0507212 1.9511039 -0.040269345 -3.9084327
0 6 0.05343549 39.630356 0.016254544 48.400387 4.4407983 1.7358898 1.9321257 2.6168509 0.07815265 0.07884302
0 5 0.051648896 -21.725403 2.4390738 53.484455 4.2745085 1.5867295 1.760175 4.5146728 -0.12291799 5.369472
0 5 0.05153452 -7.239217 2.3041904 45.640167 4.9334254 2.0084202 1.991648 2.3092752 -0.029011235 -2.7968123
1 6 0.063176066 -15.729216 2.7124224 18.47887 4.5622015 1.7454079 1.9213012 2.1288838 -0.16255267 -0.08454716
1 5 0.061827186 -2.2589788 1.9640325 94.596245 5.2903843 1.8617191 2.0821843 1.9251077 -0.04315949 -2.9425604
1 5 0.051113226 -0.26003754 2.0540445 104.129036 5.43598 1.9747967 2.1346755 1.952638 0.018291885 -3.7896566
1 5 0.050565217 -3.0099304 2.225334 89.7315 4.862129 1.6817728 2.0012755 1.956296 -0.06703744 -2.6942124
3 5 0.44967896 19.546618 0.9445225 49.43383 11.87117 3.0401595 2.8104198 3.7309775 -0.05993533 -0.03345371
3 5 0.4008207 19.184433 0.8112204 49.058994 11.754563 2.989965 2.8048203 3.6817772 -0.07835151 -0.0042925607
3 5 0.33304384 20.211107 0.891815 51.44839 11.745599 3.053308 2.8184373 3.7327304 -0.025187422 -0.024221633
3 5 0.21274514 19.759058 0.9406619 51.06922 11.830674 3.0984857 2.8372421 3.6531868 -0.05280696 -0.28971577
3 5 0.10261563 20.641104 1.8756006 51.08879 11.890814 3.089571 2.9225063 3.9353747 -0.0044708503 -0.08850829
3 5 0.1003162 19.864952 0.94952846 49.7139 11.717801 3.1051145 2.8508148 3.7112484 -0.030474238 0.271928
3 5 0.09516765 20.40398 2.5076668 52.305416 11.298834 3.0358033 2.888428 3.8484912 0.024648001 -0.16204414
3 5 0.08457147 21.16649 1.2694256 53.111656 11.921067 2.998043 2.9777462 3.8974807 -0.0042456146 -0.19237891
3 5 0.08015528 20.671654 1.087851 53.18199 11.666317 3.1203737 2.7418642 3.6912858 -0.0103220595 -0.007609764
3 5 0.07105194 21.275175 1.0768661 51.842262 11.567338 2.874282 2.9689043 3.9124072 -0.05637838 -0.15927634
3 5 0.06876889 18.549519 0.7584361 47.654995 11.879777 3.1234288 2.956618 3.507909 0.015863093 -0.0091076065
3 5 0.058508057 20.15185 0.8982796 50.48537 11.885485 2.991488 2.8010843 3.7359798 -0.03607831 -0.027001278
3 5 0.055961818 35.14811 0.5966457 56.911922 11.68731 3.5061426 2.908424 5.960508 -0.013212832 0.42169178
7 3 0.45247832 -7.112507 2.0162787 18.277899 0.7405888 1.7412076 0.6823552 6.2682767 0.11360266 0.039353803
7 3 0.25364023 -7.022929 1.9927197 18.048346 0.7363361 1.7203368 0.64349097 6.2597504 0.22722869 0.059648387
7 3 0.22480878 -7.069264 1.9983876 18.184927 0.7139702 1.7237185 0.6920879 6.1980476 0.1538121 -0.037395388
7 3 0.21314637 -7.195065 2.055485 18.372444 0.7388196 1.7484767 0.71232265 6.2474403 0.17263955 -0.0355688
7 3 0.15908647 -6.909583 1.9757295 17.798155 0.7002934 1.7200841 0.6267913 6.1496673 0.17067741 0.0395886
7 3 0.13438064 -7.2774067 2.0001748 18.647482 0.7659889 1.7332182 0.6589216 6.19438 0.24414276 0.0029398557
7 3 0.1124881 -7.2029524 1.9938647 18.573051 0.71521944 1.7205207 0.6817112 6.2247977 0.19248226 -0.020568844
7 3 0.09445126 -7.135928 2.0361912 18.224154 0.6464117 1.726974 0.6336071 6.16807 0.21860631 0.07212525
7 3 0.08756 -7.445511 2.0768676 19.169533 0.7045257 1.8690019 0.6762663 6.0056014 0.1436826 -0.041362327
7 3 0.08074725 -7.401112 2.0389092 18.972494 0.7081496 1.706876 0.62872326 6.224581 -0.0020625833 -0.036454927
7 3 0.07475233 -7.46448 2.0601244 19.138355 0.6915906 1.7071362 0.62737757 6.25132 0.015428571 -0.09443316
7 3 0.073891535 -7.1302257 2.0095987 18.353842 0.63858813 1.8195679 0.6695995 5.8946247 0.18028031 -0.05719828
8 8 0.09607547 7.9450045 1.4380281 8.920322 0.4240178 1.1007549 0.4346419 2.9599087 -0.01517932 -0.00999698
8 8 0.07969667 8.03086 1.4254074 8.98646 0.42724437 1.1053491 0.42857662 3.0285726 0.0009334199 -0.036810294
8 8 0.06127706 19.814617 1.586795 26.35736 0.42512855 0.64608675 0.4049116 5.6041784 -0.08426993 0.008686759
8 8 0.05747359 19.735954 1.6368673 26.23887 0.42323974 0.6471218 0.42926124 5.653485 -0.115314394 -0.0044679977
8 8 0.057352435 20.111706 1.664283 26.818918 0.42412937 0.6650648 0.43551055 5.6759696 -0.11997603 0.0128181875
8 8 0.05593423 20.147717 1.6045793 26.895853 0.425622 0.65754634 0.4220822 5.664313 -0.091549136 0.024829034
