0 5 0.34702873 28.620758 1.307651 35.560642 4.4462404 1.5579468 1.8854071 3.14793 0.006548414 -0.39974487
0 5 0.2012789 29.181723 1.285234 36.321827 4.414057 1.572263 1.8738396 3.2091393 -0.036289316 -1.0314955
0 5 0.16096781 28.461405 1.3657597 35.245888 4.4307456 1.55462 1.8884301 3.1450167 0.003602393 -0.5884895
0 7 0.15983404 31.27001 1.6958175 38.350803 4.2543616 1.5411363 1.8592423 3.338197 -0.042693418 -0.6808104
0 7 0.14015102 30.867737 1.5421761 37.71996 4.2775116 1.5683086 1.8307409 3.2988384 -0.03183897 -0.21368733
0 5 0.11694968 -3.2308722 2.2773008 84.124405 4.4796906 1.5960433 1.9368262 1.7774847 -0.022647562 -0.13780645
0 5 0.11579394 -2.0361667 2.018933 90.76771 4.7544703 1.7674948 2.0055094 1.7824104 -0.022274625 -0.28600577
0 5 0.11184969 -2.9714425 2.2367492 85.698616 4.5321183 1.6421307 1.9600096 1.7901093 0.0006283354 -0.3889631
0 5 0.11013858 -2.8466923 2.2853456 85.45007 4.564579 1.6486824 1.953563 1.7742057 -0.03157512 -0.06528581
0 5 0.09943372 28.214483 1.3744755 34.757153 4.4240007 1.5646769 1.8787471 3.1514535 -0.00482384 -0.5881141
0 5 0.095581256 -0.6327123 2.0827332 101.36218 4.88728 1.853809 2.053488 1.8541257 -0.032148857 -0.74243355
0 5 0.08819257 -3.1305904 2.3079445 83.69318 4.4978046 1.6057241 1.9455146 1.7511567 -0.03723129 -0.043428265
0 6 0.075073674 -3.4289873 2.2954745 83.172005 4.4717937 1.5635065 1.934143 1.7662739 -0.03542982 -0.29649338
0 5 0.07367411 -0.23861633 2.2416313 104.25458 4.9570637 1.8662021 2.0798664 1.8759587 0.030435106 -0.6562032
0 7 0.07351602 29.762756 1.4613844 37.194668 4.2761436 1.6342996 1.8724412 3.2590399 -0.0040097674 -0.73945814
0 5 0.07153679 -2.2055023 2.1137948 90.52052 4.6035094 1.6919429 1.9724447 1.7795943 -0.0067853983 -0.5092701
0 7 0.05955828 29.997158 1.5383308 36.86703 4.274323 1.5693387 1.8332537 3.2372932 -0.020690486 -1.3456911
0 5 0.059155054 28.41318 0.7673619 35.423996 4.5436187 1.6020067 1.9017032 3.3169155 -0.078274764 -0.60488504
0 5 0.05906125 28.626575 0.79362786 35.882748 4.495654 1.5812385 1.8906924 3.3394933 -0.07480598 -0.59517944
0 5 0.05783602 -0.6263328 2.1097562 102.58004 4.717456 1.763027 2.0158713 1.8084251 -0.05090989 -0.23625505
0 6 0.056266915 -3.4189806 2.3171973 82.20667 4.46448 1.5505707 1.9183013 1.7411816 -0.03588575 -0.052932695
0 6 0.05562671 -6.448632 2.3392239 70.28918 4.4476147 1.5423867 1.9227313 1.8192556 -0.07451883 -0.06555261
0 5 0.055084087 -1.6615034 1.8753042 92.2255 5.780871 2.1833289 2.238932 1.7510772 -0.053186387 -0.06893398
0 7 0.054347344 31.919964 1.398397 40.209766 4.2020073 1.5507535 1.823649 3.2242143 -0.010017564 -1.024802
0 6 0.052040324 -5.747175 2.3102217 74.67459 4.4622884 1.5258247 1.9401394 1.8224568 -0.037572913 -0.053841326
0 5 0.050621256 -10.759066 1.5889338 39.26258 12.168577 3.224452 2.9143674 2.0909822 -0.002595774 -0.1985687
1 5 0.0788685 -2.0361667 2.018933 90.76771 4.7544703 1.7674948 2.0055094 1.7824104 -0.022274625 -0.28600577
1 5 0.05915829 -0.6327123 2.0827332 101.36218 4.88728 1.853809 2.053488 1.8541257 -0.032148857 -0.74243355
1 5 0.053068023 -1.6615034 1.8753042 92.2255 5.780871 2.1833289 2.238932 1.7510772 -0.053186387 -0.06893398
3 5 0.26500776 -10.644889 1.6322081 38.196186 12.394017 3.1509879 2.946202 2.122867 -0.0019136956 0.3780439
3 5 0.22997189 -10.759066 1.5889338 39.26258 12.168577 3.224452 2.9143674 2.0909822 -0.002595774 -0.1985687
3 5 0.16160111 -12.255464 2.337725 41.136246 11.863166 3.2955308 2.9964008 2.2077637 0.0120721925 -0.05626954
3 5 0.15739615 -12.043648 2.8769217 39.30797 11.777333 3.3716505 2.9481208 2.1381357 0.069641314 -0.3916237
3 5 0.14678289 -12.153705 2.4355776 42.656494 11.515027 3.2895226 2.9448848 2.320441 -0.04816904 -0.7237488
3 5 0.13659114 24.984354 1.3604487 137.90936 12.564551 3.170211 3.0100074 4.8541794 0.033579238 4.493768
3 5 0.13363911 -12.169878 2.89358 42.201115 11.706877 3.3524764 2.9301898 5.4203043 0.115532674 -0.047218665
3 5 0.12793732 -19.668833 2.1858308 41.249435 11.549426 3.6402342 2.9109478 4.377801 0.016580677 -0.007286705
3 5 0.12444024 -10.720355 1.6502044 39.183178 12.206456 3.1008651 2.9291034 2.348612 -0.036391865 -1.6203588
3 5 0.12219255 -12.929041 3.182601 43.66123 11.511914 3.343234 2.9063718 2.311091 0.017907938 -1.0348109
3 5 0.11582841 -10.503439 1.6394361 38.376442 12.188389 3.1339486 2.9103663 2.269237 -0.0073250597 -1.1886168
3 5 0.096595146 25.0974 1.3596913 140.46439 12.3444195 3.1226811 3.021141 4.8773074 -0.003553642 5.1446376
3 5 0.090834424 -14.488085 2.5015802 38.13274 11.416815 3.0998156 2.7094421 4.7355046 0.08693555 0.8472561
3 2 0.08417546 -7.869057 2.332824 19.733551 2.0419307 2.3835154 1.0277429 4.4602876 0.13318358 0.43077657
3 5 0.0784347 -14.021802 2.573533 34.73293 10.269894 3.0120342 2.6568859 4.6107326 0.021636033 0.28740638
3 5 0.07780449 -9.196924 2.1025252 26.900587 8.99976 2.9826717 2.3167694 5.0456095 0.0638072 0.12089058
3 5 0.06975894 24.55573 1.3417751 134.75845 12.575533 3.2012887 2.9487958 4.862648 0.035110325 4.6660185
3 2 0.06527718 -8.541592 2.305942 20.986639 1.7488331 2.1795473 0.9988324 4.3598623 0.17824945 0.4906457
3 5 0.064398766 25.576803 1.3086514 141.21379 12.665371 3.1334152 3.0164742 4.8916717 0.007740315 4.552094
3 5 0.06205433 -11.113327 1.7321378 40.105495 12.144394 3.4045281 2.9862387 2.1205885 0.005074838 0.5140516
3 5 0.06172767 -18.992367 2.4513009 39.88092 11.986169 3.7607517 2.9154475 4.408889 -0.023553161 -0.03913524
3 5 0.06036843 -13.460358 2.4135296 31.99647 9.856334 3.1021764 2.679679 4.4281 0.035449773 0.35816073
3 5 0.056762885 -10.517367 1.880837 34.75702 12.531649 3.2689843 2.8494809 5.281084 0.025379648 -0.7119338
3 5 0.053769052 24.635489 1.322129 136.25204 12.743384 3.242057 3.004491 4.880433 0.036015548 5.5751815
3 5 0.05257563 -11.27985 2.036847 32.57287 10.218046 3.2361093 2.727861 4.8972845 0.12720102 0.25355783
3 5 0.05184236 -13.964699 2.0174835 41.311462 13.129007 3.2511983 2.8915884 5.1847725 0.0060597416 0.036806647
3 5 0.050820366 24.482552 1.1525402 146.21272 11.853499 2.9403973 2.9854476 4.8838305 -0.049138658 6.4066453
7 2 0.4556199 -7.0931306 2.0599325 17.843771 0.8898478 1.7579185 0.7748338 6.273718 0.49499786 0.39743453
7 2 0.31709117 -7.135109 2.0835073 17.931288 0.9590047 1.7708133 0.8187864 6.260521 0.44281 0.33912814
7 2 0.27137828 -7.239004 2.0773332 18.2659 0.8572196 1.7348193 0.7125469 6.1837335 0.38953114 0.37694168
7 2 0.22168362 -7.319163 2.0861409 18.347515 0.89672464 1.6924978 0.73264205 6.2754974 0.5331092 0.60493994
7 2 0.10343308 -8.541592 2.305942 20.986639 1.7488331 2.1795473 0.9988324 4.3598623 0.17824945 0.4906457
7 2 0.10202982 -6.9506636 2.0376205 17.489336 0.9186839 1.8002378 0.78919613 6.41637 0.38153964 0.17335302
7 2 0.09628012 -7.2590833 2.0503938 18.416792 0.82956123 1.7121736 0.70946735 6.1250076 0.47430608 0.5386548
7 2 0.09558092 -7.869057 2.332824 19.733551 2.0419307 2.3835154 1.0277429 4.4602876 0.13318358 0.43077657
7 2 0.08577072 -6.9248314 2.0518253 17.413279 0.97968245 1.81767 0.8331352 6.4051495 0.48929513 0.58584845
7 2 0.07387369 -7.8420897 2.0901494 19.572702 0.8888653 1.6939571 0.718713 6.3615212 0.16627494 0.18863425
7 2 0.07102884 -7.5099683 2.1052063 18.572803 0.8545716 1.8107618 0.7153561 6.231688 0.24614258 0.36433557
7 2 0.060936783 -7.7167296 2.1383376 18.969452 0.9025354 1.7568382 0.6809017 6.3126316 0.51345026 0.71373135
7 2 0.057937603 -7.020782 2.053906 17.89565 0.88596886 1.7799861 0.77914596 6.413724 0.39808124 0.52137125
7 2 0.056378495 -7.730314 2.1734002 19.312862 0.8272501 1.6583803 0.66147375 6.1812353 0.21257263 0.21121484
8 8 0.10727555 18.201878 1.3416086 23.981148 0.36697185 0.7692333 0.37259325 3.1156623 -0.012771993 0.009432286
8 8 0.07991833 17.830652 1.3280971 23.426441 0.36896104 0.77280605 0.38353294 3.1170301 -0.011281105 0.0060655996
8 8 0.07640539 18.532364 1.3753965 24.521849 0.36208937 0.7530588 0.3745711 2.9962244 -0.029072616 0.024645582
8 8 0.070068724 18.585867 1.4239714 24.473982 0.4074828 0.8290158 0.43506697 3.2736824 0.0021722838 -0.020895433
8 8 0.054510467 18.244202 1.4041247 23.942585 0.39567855 0.8381856 0.4298877 3.235479 0.013719542 -0.02160218
8 8 0.05356019 18.531876 1.3557944 24.462204 0.35014686 0.72570556 0.3599396 3.1694903 -0.023898894 0.02557956
