0 5 0.3746581 -12.562639 2.3757048 22.018614 4.659196 1.5619837 1.9383454 2.0604942 -0.06601966 -1.5774267
0 5 0.37073767 -12.433827 2.3330126 21.761305 4.6607594 1.5636858 1.9369189 2.067874 -0.08102988 -3.3736825
0 5 0.32745346 -1.0689268 2.259632 47.77717 5.204542 1.9277239 2.1177647 2.4754956 -0.11682812 -9.845948
0 5 0.30083624 -1.0960324 2.2967517 48.667694 5.274503 1.9506351 2.1492712 2.4771385 -0.13298133 -9.3087
0 5 0.2639817 -1.0817808 2.2287893 47.494236 5.220544 1.8793651 2.1561303 2.4691453 -0.07605547 -10.802737
0 5 0.11313043 -11.114443 2.1719327 19.632597 4.352602 1.4952934 1.8441945 2.089539 -0.036537573 -2.5373993
0 5 0.08742181 -8.761713 2.7895346 85.996414 4.556788 1.5432813 1.9084387 1.9503018 -0.008992891 -4.1236033
0 5 0.078481644 -12.302157 2.4056287 21.596455 4.699695 1.554217 1.914792 2.060003 -0.062434204 -2.8169367
0 5 0.0777755 -11.414429 2.055787 20.015245 4.4017715 1.4868841 1.835112 2.0954628 -0.08633063 -1.6821102
0 5 0.06749418 -1.516006 2.4063816 56.677177 5.0326257 1.9074384 2.0726073 2.646624 -0.086186156 -3.1664963
0 5 0.06491184 -1.1955485 2.2375588 49.817688 5.50825 2.0314028 2.2455978 2.4523652 -0.051694013 -8.307733
0 5 0.06392953 -8.873715 2.7918606 86.50983 4.577955 1.5467228 1.9185898 1.880116 -0.0033993497 -3.9566176
0 5 0.06331521 -11.617405 2.425745 20.151476 4.4323564 1.5597901 1.8728154 2.003555 0.0075597763 -3.0427613
0 5 0.059241053 -1.6753647 2.544323 55.814022 5.0879145 1.8896371 2.1042087 2.6971636 -0.09063923 -3.334489
0 5 0.05839456 -18.20901 2.6681294 41.893913 6.5689516 2.3352547 2.3237672 5.0514054 0.016043017 0.024343688
0 5 0.057947535 -12.938265 2.3841991 22.234056 4.616928 1.5050604 1.9061471 2.0645807 -0.033126064 -2.2336004
0 5 0.056975726 -16.73517 2.6554484 41.466503 6.612267 2.6890166 2.4072347 4.9694843 0.057191633 0.10537469
0 5 0.05096208 -5.2669625 2.615873 73.4956 4.5098863 1.5647557 1.8775424 2.288485 -0.06555462 -3.183833
0 5 0.050509933 -12.032726 2.2515852 21.182835 4.64562 1.5317606 1.920257 2.0838146 -0.07498412 -2.2377694
3 5 0.4137729 27.108381 0.9305891 51.843155 11.994848 3.06905 2.8114233 3.5566788 -0.036672138 -0.05682331
3 5 0.30660844 26.46893 0.93330055 50.355995 12.130356 3.0376801 2.8145018 3.526785 -0.078810565 -0.06546537
3 5 0.25352055 28.033688 1.0573614 56.099415 11.993393 3.1225677 2.8673408 3.5385218 -0.002760971 -0.045667637
3 5 0.2366982 27.835688 1.0107095 53.440445 12.049363 3.0610168 2.8449845 3.621455 -0.035869494 -0.0062967297
3 5 0.16392845 28.28431 1.1712813 56.55437 12.042924 3.168216 2.8046134 3.5753567 -0.03837851 -0.20745704
3 5 0.16217685 27.276836 1.0644178 52.148666 12.180548 3.0640857 2.848323 3.5947912 -0.012966108 -0.021101385
3 5 0.14012305 27.698698 2.3281715 52.704292 12.855356 3.1360464 2.9889588 3.851149 0.023930294 -0.05178801
3 5 0.11098574 29.590923 2.1949415 53.153294 12.737789 3.1784368 3.0593104 3.8057854 -0.0018667895 -0.31862888
3 5 0.11047007 29.882158 1.500313 56.394222 12.935005 3.000118 3.0530994 3.784214 -0.049848698 -0.17149368
3 5 0.10846121 27.585743 0.8852891 51.372997 12.531586 3.082218 2.8480449 3.5463765 -0.040164843 0.0077405386
3 5 0.093681484 -16.73517 2.6554484 41.466503 6.612267 2.6890166 2.4072347 4.9694843 0.057191633 0.10537469
3 5 0.09260593 29.82233 1.5184003 54.403954 13.167443 3.097293 3.1431837 3.8100934 -0.065317966 -0.10136421
3 5 0.09234575 28.328245 1.9558206 53.766846 12.902403 3.0696852 3.0693316 3.7371788 0.0078027695 -0.5258524
3 5 0.088143244 23.92592 1.4935951 58.24066 10.352414 3.0174847 2.7336833 6.3541975 0.030494822 -0.0446881
3 5 0.081422284 28.68927 1.1688924 57.062 11.754215 3.127585 2.8975425 3.4680593 -0.06505609 -0.10403022
3 5 0.0734634 26.353746 1.0164204 49.624447 11.981443 3.0111437 2.8370278 3.472575 -0.05389314 -0.0044366736
3 5 0.06619897 -10.202379 2.2579918 25.688288 4.981558 2.1368988 1.9439569 4.958949 0.0720853 0.12431059
3 5 0.06374355 28.461056 1.6223391 54.312984 12.162527 3.0089374 3.099038 3.763202 -0.013961273 -0.070131
3 5 0.060533453 -18.20901 2.6681294 41.893913 6.5689516 2.3352547 2.3237672 5.0514054 0.016043017 0.024343688
3 5 0.056363564 24.057432 1.5464668 60.378536 10.390586 2.9931734 2.7501073 6.3178234 0.014347972 0.028794602
3 5 0.055732165 -17.557823 2.4762459 43.328392 6.227421 2.5587714 2.4119196 5.179711 0.10768055 0.16537908
3 5 0.055099282 31.44758 0.9375077 53.509567 12.379749 3.1110768 2.8106601 3.5781698 -0.019176994 0.026965395
3 5 0.052990463 23.66773 1.4717014 57.825054 10.086642 3.0089588 2.746603 6.3501706 0.049994066 0.027305871
3 5 0.05263082 -7.878178 2.0308504 19.613989 1.7288852 1.8498464 1.015966 4.913446 0.12649566 0.12602445
3 5 0.052506763 -17.798412 2.6666093 41.62839 7.3193946 2.639352 2.4165864 4.8845673 0.0009886976 0.067801595
3 5 0.05240637 28.628235 1.8637601 52.086952 12.320553 3.103361 3.1723633 3.81875 -0.06072116 -0.17405361
7 3 0.32191396 -7.414938 2.1000042 19.562668 0.77139086 1.7817986 0.7026268 6.686843 0.06183278 0.24641272
7 3 0.23970327 -7.50443 2.1526582 19.835121 0.791137 1.7911671 0.746495 3.604875 0.025967853 0.08791659
7 3 0.19505766 -7.4542313 2.1003108 19.717112 0.72376716 1.7652942 0.6772693 3.6163933 0.19042344 0.3699196
7 3 0.18771432 -7.345927 2.072143 19.388748 0.741389 1.7630247 0.6695424 6.635769 0.04894325 0.2226327
7 3 0.14087337 -7.28382 2.0531447 19.178936 0.7987194 1.7571315 0.6617796 3.6764524 0.08537178 0.107074894
7 3 0.11237515 -7.3233256 2.0768576 19.369175 0.8761516 1.7933328 0.6823347 3.8054588 0.21345605 0.4374925
7 2 0.07109814 -7.641454 2.1167505 20.280819 0.75952214 1.7359949 0.6719785 3.594316 -0.10741759 0.05358415
7 3 0.059660047 -7.6904664 2.1758885 20.137135 0.7504998 1.7890263 0.6763443 6.5316257 0.043669865 0.34058425
7 2 0.051928755 -7.587226 2.090352 20.094461 0.70456374 1.7066718 0.6750671 3.6496184 -0.023460893 0.33211637
8 8 0.07536829 10.3067 1.487659 11.57117 0.4670049 1.1774418 0.42853165 1.7420479 -0.0209377 0.0042081773
8 8 0.053241882 11.173467 1.543576 12.536125 0.4871873 1.2224522 0.44153047 1.7391233 -0.0131716225 0.00766436
