0 5 0.50544864 23.726831 1.5707934 57.677673 4.9755297 1.8585324 2.0766377 3.12606 -0.031655505 -2.45339
0 5 0.42838326 -10.941534 2.255389 24.453289 4.6944394 1.5767707 1.929895 1.8304746 -0.08276991 -6.9333115
0 5 0.4182407 -11.038635 2.2310624 24.758924 4.7296658 1.5816041 1.9343774 1.8528268 -0.08019147 -4.744803
0 5 0.38896862 1.3567272 2.089256 46.06193 4.897906 1.592682 2.0052798 2.7853112 -0.039560407 -5.1514144
0 5 0.32549322 1.4019481 2.0636067 46.672512 4.884731 1.5778593 2.0043797 2.807172 -0.0580106 -6.6015177
0 5 0.25725758 24.594973 1.5643742 59.671345 5.0818563 1.8867692 2.107472 3.1629596 -0.030375462 -1.5915709
0 5 0.25341648 23.578054 1.5904452 57.239685 4.9823065 1.8352067 2.062144 3.0546951 -0.075305596 -2.487486
0 5 0.17968602 24.528847 1.635856 59.41904 5.083824 1.855489 2.1040013 3.1434832 -0.080487035 -2.0954754
0 5 0.17873563 1.5740824 2.122003 47.545795 4.9340444 1.6093407 1.979568 2.744148 -0.092348225 -4.8654094
0 5 0.17604598 1.548397 2.0775807 47.202084 4.8739824 1.6023732 1.9953359 2.7273438 -0.06581287 -7.736781
0 5 0.16305663 1.366937 2.1098025 45.843056 4.87639 1.5891508 1.973499 2.7557342 -0.06590384 -5.751997
0 5 0.12809469 23.451923 1.6448923 56.90867 5.0240097 1.852843 2.069242 3.05886 -0.058630697 -2.592761
0 5 0.11958422 11.657985 2.144388 87.458275 4.6570916 1.6140338 1.9669086 4.857082 0.025691165 7.6917925
0 5 0.108682625 11.562966 2.1068473 86.57313 4.668615 1.627405 1.9785045 4.8272057 0.0154249165 8.807626
0 5 0.09813359 -12.164526 2.020373 47.80704 4.541761 1.4934505 1.8672563 4.2944503 -0.044923805 6.292919
0 5 0.09171983 -12.006616 2.0176382 47.33893 4.594655 1.5162053 1.9006157 4.2781305 -0.08779756 6.9418054
0 5 0.091514185 -12.530815 2.1904635 48.46177 4.740965 1.6520134 2.00854 4.3711934 -0.030526437 7.610225
0 5 0.09019699 -12.292236 2.162083 46.264324 4.844414 1.7447406 2.0082347 4.1046715 -0.032798946 8.269132
0 5 0.08733619 -10.467 2.2355475 23.941769 4.836832 1.6114202 1.9490614 1.7329382 -0.05762352 -3.6101003
0 5 0.0865724 5.827007 1.7028816 92.66318 4.78165 1.8140699 2.0504408 4.6596704 -0.027319264 4.0034757
0 5 0.08490438 1.8426552 2.1752558 54.297863 4.763668 1.6446863 1.9840554 3.0088453 -0.063048504 -1.5685245
0 5 0.081637904 -7.4173827 2.2104836 88.111145 4.8525133 1.498623 1.9618357 2.164818 0.006019067 -4.8365254
0 5 0.07850423 1.8393626 2.232208 54.990013 4.693949 1.5537442 1.9736164 3.0536315 -0.04119011 -1.5673397
0 5 0.076924406 -7.4600616 2.1534336 88.33659 4.823583 1.4723693 1.9569255 2.3159523 -0.029774006 -5.0348253
0 5 0.076575935 5.661059 1.8252267 89.30119 4.775003 1.7809362 2.040486 4.655729 -0.032258853 4.1727123
0 5 0.071221456 -40.09113 2.9147027 47.057495 4.6064935 1.8024186 1.9696741 4.8930264 0.025382409 3.2228694
0 5 0.06702886 21.603174 1.4738404 52.397903 4.7892585 1.8265275 1.949123 3.2874913 -0.12388377 -0.13615826
0 5 0.06658207 24.723803 1.7192527 60.534378 4.6595144 1.8514625 2.0059483 3.1057975 0.026328513 -2.240766
0 5 0.06623213 -13.054092 1.9076064 50.968773 4.521036 1.5675199 1.8983136 4.2935953 -0.01203739 6.9381356
0 5 0.06531966 1.2942061 2.2124434 82.6466 4.490898 1.609571 1.9098951 2.1687098 0.024740068 -0.47041696
0 5 0.06323883 49.13137 0.25649816 65.669914 4.6824265 1.7906207 1.9921507 5.6282144 0.0937034 9.65637
0 5 0.061955143 1.964631 2.2257676 81.38701 4.4989142 1.6132903 1.9138103 2.181242 4.582107e-05 -1.5392985
0 5 0.061298426 -11.928075 2.1431243 26.410507 4.663997 1.6379757 1.8826948 1.6853812 -0.020262394 -2.6861668
0 5 0.059968278 11.956984 2.1515603 88.47984 4.5762434 1.6135707 1.9182214 4.759758 0.03692355 7.7086434
0 5 0.05913176 0.59768426 2.1430821 82.71422 4.5087814 1.6347322 1.9055753 1.8447032 0.016570011 -0.80947024
0 5 0.057971664 1.2906778 2.074277 83.55521 4.3327584 1.5828696 1.8884883 1.9349121 0.008041127 -0.6970688
0 5 0.05725609 -12.335505 2.0542705 46.128498 4.5394034 1.623063 1.9598495 4.2884297 -0.0047269324 4.139593
0 5 0.05700217 6.0714107 1.7517505 96.75511 5.1742754 1.9412944 2.1345696 4.677347 -0.059303567 2.6249723
0 5 0.056680843 0.55719924 1.8965018 85.78721 4.357155 1.6978084 1.941264 1.8473117 -0.016452722 -0.53684115
0 5 0.055998825 -39.78139 2.965094 46.79878 4.5487638 1.7964782 1.9573053 4.939131 0.026114302 3.4500942
0 5 0.054607663 -14.333207 1.7841635 56.45799 4.613285 1.6053311 1.9272895 4.299434 0.0077594947 8.904857
0 5 0.05437054 5.794648 1.5946798 97.809906 4.8515124 1.8205751 2.0497448 4.616521 -0.06640357 2.5217812
0 5 0.054123383 -10.292517 2.1295211 23.353977 4.946145 1.5860041 1.9464372 1.6461945 -0.06521498 -2.3310962
0 5 0.05402945 1.9697831 2.016604 83.713684 4.3523364 1.572015 1.8889506 1.804949 0.016597604 -0.8285052
0 5 0.053270333 -0.6790289 1.8429613 91.159996 4.7596965 1.9765886 2.0960987 1.7613783 -0.03753341 -0.8377997
0 5 0.053264517 -13.553443 2.172011 30.642124 4.6698236 1.5920297 1.8785902 1.70528 -0.05183948 -1.8998836
0 5 0.052829646 50.003998 0.22434872 66.89509 4.662032 1.7652454 1.9861563 5.6246147 0.110139795 10.103698
0 5 0.052495565 11.007012 2.0656385 86.891 4.658925 1.5671118 1.9569519 4.7261844 -0.14858542 10.005321
0 5 0.05244924 2.9932318 2.0722568 80.13749 4.5897036 1.6470668 1.9356245 1.8052115 -0.074201316 -1.5812536
0 5 0.052041363 -7.5415907 2.2319326 89.54092 4.821715 1.5070152 1.9611024 2.2481446 -0.006231852 -5.005983
0 5 0.051735125 5.562262 1.8343813 89.93514 4.7217503 1.7522032 2.008922 4.624933 -0.03895677 3.6231117
0 5 0.050445918 -12.396566 2.0006902 49.31838 4.6068397 1.5249094 1.909262 4.289317 -0.08461965 5.954702
0 5 0.05017049 -0.62046933 2.0271583 82.40565 4.4737535 1.6762893 1.9239857 1.7243327 -0.0111299725 -2.1562004
3 5 0.14075595 -12.902373 1.1235069 48.154964 12.232129 4.650492 2.7372456 1.1675581 0.04748234 0.55641973
3 5 0.118449345 -13.042882 1.1534584 47.82483 12.193702 4.650058 2.7444818 1.1568471 0.07800974 1.823424
3 5 0.08943373 21.35731 1.3952447 120.73652 12.967922 3.076986 3.096694 4.7791715 -0.009170612 3.7444754
3 5 0.08301188 -14.14283 1.3416628 46.246235 10.991905 3.8364785 2.9010425 1.1754926 0.043471947 -1.3725247
3 5 0.0787126 -13.163772 1.0419364 49.63344 12.423515 4.7198725 2.678747 1.176431 0.14945215 1.7495562
3 5 0.06924999 -13.841153 1.1513213 52.16934 12.013809 4.4112225 2.895722 1.1535517 0.015479403 0.7049319
3 5 0.06263983 -12.570417 1.1273441 48.570904 12.333737 4.710018 2.8114333 1.2088561 0.013616502 1.217391
3 5 0.06229722 -13.356337 1.3199874 49.127254 11.200508 3.973882 2.8793838 1.0931076 0.055941306 2.5095384
3 5 0.061755225 -13.338281 1.2528462 43.78819 10.031468 3.7599692 2.728444 1.1263955 0.060656346 -1.1663519
3 5 0.057752475 -8.633288 1.5614378 26.84957 6.26138 2.7097425 2.3402019 4.1891937 0.0458903 -0.123272434
3 5 0.057339832 -15.15186 1.0802593 53.331745 11.728722 4.4289536 2.7114234 1.0586361 0.059734978 2.671933
3 5 0.05717819 -10.467 2.2355475 23.941769 4.836832 1.6114202 1.9490614 1.7329382 -0.05762352 -3.6101003
3 5 0.051619068 -13.025293 1.1599162 41.866234 8.954834 3.6454766 2.7002237 1.1806326 0.016452016 -1.0804952
3 5 0.051476426 -10.292517 2.1295211 23.353977 4.946145 1.5860041 1.9464372 1.6461945 -0.06521498 -2.3310962
5 0 0.22035784 7.692263 1.4712365 9.2730875 1.580872 1.6789033 0.58477026 3.6227276 -0.15551975 -0.011093927
5 0 0.2129327 7.9577293 1.4645364 9.544597 1.6674515 1.620461 0.601365 4.277391 -0.1104228 0.004718341
5 0 0.20227149 8.026192 1.5540416 9.65032 1.6052171 1.6860569 0.57689464 3.554119 -0.17602402 -0.056868967
5 0 0.1800986 8.392642 1.5763407 10.050963 1.6855831 1.6531467 0.6260786 4.2107496 -0.14712949 -0.039122105
5 0 0.1310747 7.7809386 1.5072216 9.496098 1.5894659 1.6839844 0.5758537 3.6121492 -0.11755813 0.0034259427
5 0 0.116843514 7.9138956 1.5377045 9.605286 1.6198807 1.700111 0.6093444 3.2943535 -0.116304815 -0.02918158
5 0 0.10521329 8.640589 1.4850566 10.340344 1.2846699 1.6892884 0.5832282 3.3090532 -0.11317281 -0.06777185
5 0 0.1016566 9.99723 1.594635 11.975769 0.66804487 1.6230432 0.5844365 3.7871745 -0.24356984 -0.061842117
5 0 0.098475076 8.679518 1.4855711 10.293199 1.388438 1.6653253 0.6333554 3.531341 -0.050332636 -0.07805493
5 0 0.08849772 9.8918 1.637084 11.868335 0.75699556 1.6113617 0.57015085 3.7693074 -0.26528215 -0.012760678
5 0 0.087236434 7.7303886 1.5234772 9.270392 1.6428907 1.5221235 0.5934844 4.352417 -0.057225488 0.012934942
5 0 0.08487175 7.681712 1.5929499 9.268087 1.5913235 1.6409687 0.59223264 4.010567 -0.13235638 -0.007962699
5 2 0.0796329 10.125629 1.6001436 12.057394 0.66077024 1.6249808 0.594537 3.427923 -0.2546084 -0.049048238
5 0 0.07240814 10.188438 1.6352936 12.106014 0.69878566 1.6140659 0.5994379 3.5889256 -0.21778221 -0.05458373
5 0 0.06536396 9.359933 1.6165078 11.328927 0.95902014 1.6323744 0.5632845 3.916816 -0.24772298 -0.016985137
5 0 0.05979253 9.634569 1.5941248 11.613735 0.7022291 1.6371428 0.59458107 3.6463246 -0.18216097 -0.047611907
5 0 0.052580766 8.6105175 1.5055447 10.4420805 1.0876237 1.6991091 0.5970833 3.0884886 -0.09002281 0.01887196
6 0 0.07882823 7.9577293 1.4645364 9.544597 1.6674515 1.620461 0.601365 4.277391 -0.1104228 0.004718341
6 0 0.068751015 8.392642 1.5763407 10.050963 1.6855831 1.6531467 0.6260786 4.2107496 -0.14712949 -0.039122105
6 0 0.05370932 7.692263 1.4712365 9.2730875 1.580872 1.6789033 0.58477026 3.6227276 -0.15551975 -0.011093927
6 0 0.05196013 8.026192 1.5540416 9.65032 1.6052171 1.6860569 0.57689464 3.554119 -0.17602402 -0.056868967
6 0 0.051136293 7.7809386 1.5072216 9.496098 1.5894659 1.6839844 0.5758537 3.6121492 -0.11755813 0.0034259427
7 2 0.33360296 -6.7656236 1.9412549 20.46155 0.6749477 1.7237989 0.63196063 3.6574576 0.068892226 -0.05198308
7 2 0.23633456 -6.8378 1.9526293 20.817799 0.7005343 1.7385365 0.68845797 6.6819854 0.068272725 -0.020142872
7 3 0.21857494 -6.96974 1.9570522 21.25278 0.72129655 1.7108743 0.6621525 3.7761931 -0.09608491 0.07764439
7 2 0.2120052 -6.8478866 1.9108087 20.756922 0.674882 1.7063599 0.6474719 6.64411 -0.024618592 0.11378563
7 0 0.17749141 9.99723 1.594635 11.975769 0.66804487 1.6230432 0.5844365 3.7871745 -0.24356984 -0.061842117
7 2 0.1389626 -6.917174 1.9394611 20.983276 0.716546 1.7277625 0.6915748 6.7219977 0.05518344 0.08087381
7 2 0.13327253 10.125629 1.6001436 12.057394 0.66077024 1.6249808 0.594537 3.427923 -0.2546084 -0.049048238
7 0 0.11621754 9.8918 1.637084 11.868335 0.75699556 1.6113617 0.57015085 3.7693074 -0.26528215 -0.012760678
7 2 0.11353131 -6.8856506 1.9285777 20.852352 0.6809746 1.6819957 0.61877084 6.563802 -0.037656013 0.061227567
7 2 0.11079686 -7.5200515 2.0184553 22.866137 0.6758819 1.7265875 0.61033183 3.6771393 0.09444237 -0.007887613
7 3 0.103560045 -7.2262044 1.9953573 21.993896 0.70108736 1.7124273 0.6506328 3.754067 -0.12298873 0.08733028
7 3 0.10275123 -7.0846233 1.9542398 21.553968 0.7405908 1.7096952 0.6996043 3.6611803 -0.060049646 0.2817665
7 0 0.100462675 10.188438 1.6352936 12.106014 0.69878566 1.6140659 0.5994379 3.5889256 -0.21778221 -0.05458373
7 2 0.09890517 10.70263 1.6049874 12.796024 0.6418368 1.6482879 0.5838781 3.338768 -0.2309845 -0.06286702
7 2 0.084719166 -23.149574 2.2892728 46.097187 0.6809903 1.7780131 0.59792197 4.794203 -0.013226723 0.21249261
7 2 0.07931829 -23.170422 2.2590377 46.445972 0.6545887 1.7603267 0.5824426 4.763623 0.010514226 0.20536938
7 0 0.076520905 9.634569 1.5941248 11.613735 0.7022291 1.6371428 0.59458107 3.6463246 -0.18216097 -0.047611907
7 2 0.07570989 10.721275 1.6053127 12.781002 0.65145147 1.6452857 0.6030929 2.7741156 -0.20774654 -0.06190726
7 2 0.06879956 10.6552105 1.6418072 12.477999 0.64370984 1.6450334 0.6001829 2.9715471 -0.31885603 -0.06920321
7 2 0.06478761 16.718067 1.8474147 20.053532 0.64447457 1.5861269 0.56805706 2.495376 -0.15625462 -0.5326518
7 2 0.06453411 -7.1256485 1.9721911 21.565256 0.7714399 1.7103013 0.6409923 6.499313 0.015010333 0.02739982
7 0 0.06283486 9.359933 1.6165078 11.328927 0.95902014 1.6323744 0.5632845 3.916816 -0.24772298 -0.016985137
7 0 0.057931677 10.570031 1.6577797 12.372839 0.6621008 1.636906 0.5896512 3.411791 -0.27381265 -0.06494698
7 0 0.05686825 7.9577293 1.4645364 9.544597 1.6674515 1.620461 0.601365 4.277391 -0.1104228 0.004718341
7 2 0.055808324 17.520578 1.7641695 21.035048 0.63987803 1.5934381 0.5817934 2.4544258 -0.12088901 -0.08913475
7 2 0.055760115 10.4242935 1.5978732 12.525734 0.6353118 1.6893333 0.6024918 3.3393836 -0.19136687 -0.072414935
7 2 0.051480778 -22.946135 2.2728834 46.80793 0.6401708 1.7659266 0.5679401 4.693693 -0.014814217 0.084266655
7 2 0.050566576 -23.789856 2.3165433 47.323704 0.68400896 1.7165827 0.61186606 4.7774024 0.024878042 0.24454612
7 2 0.050441798 21.897974 1.3013974 71.401276 0.62319404 1.7350664 0.5852664 1.9869702 -0.084049076 -0.14521177
7 0 0.050232258 7.692263 1.4712365 9.2730875 1.580872 1.6789033 0.58477026 3.6227276 -0.15551975 -0.011093927
8 8 0.050285727 26.290258 1.1745288 40.67658 0.6564611 1.5922949 0.57341605 5.8268266 -0.054207854 0.03444079
