0 5 0.29191878 30.492535 1.419074 39.35465 4.5729365 1.5224192 1.9296396 3.5832167 -0.004241324 0.00551684
0 5 0.25958833 30.966425 1.4380431 39.943527 4.564836 1.5337163 1.9269072 3.5781994 -0.022048071 -0.0072813444
0 5 0.15032975 -4.4873295 2.4722521 87.86977 4.633239 1.5138929 1.9449327 1.6532892 -0.047100127 -2.984935
0 5 0.14670226 31.13717 1.4410406 40.17723 4.5692964 1.5334009 1.9268057 3.5966854 -0.045097344 -0.019167107
0 5 0.14502385 30.210787 1.3966532 38.9454 4.494105 1.5619445 1.9120959 3.551777 0.018812252 -0.01721561
0 5 0.1396934 30.640478 1.4217074 39.590252 4.486255 1.5515939 1.9127537 3.5488114 -0.008575477 -0.4753488
0 5 0.13342586 31.614746 1.4510865 40.767017 4.5574217 1.5446838 1.924246 3.6061125 -0.051385358 -0.024147375
0 5 0.11799777 -7.0446553 2.5636058 85.39337 4.5100236 1.5304712 1.9129367 1.6435636 -0.057089068 -2.4458811
0 5 0.11531867 0.33604223 2.4188852 110.85561 4.9754996 1.850297 2.0512738 1.8271105 0.073371366 -0.76307636
0 5 0.11343637 33.331352 1.5556011 42.93269 4.2374787 1.5443621 1.8342937 3.48482 -0.044619 -1.0400243
0 5 0.10629444 33.761402 1.6973798 43.482555 4.2748914 1.567033 1.8596623 3.4651134 -0.012763828 -0.36059287
0 5 0.104799405 -4.4513726 2.4278238 88.38909 4.6379485 1.5202179 1.9414004 1.7140685 -0.0047754003 -2.449712
0 5 0.10415772 35.073116 1.5612665 45.80377 4.228002 1.5515538 1.8829043 3.504324 -0.022690006 -0.02973319
0 5 0.10077593 -4.733514 2.5202465 87.74436 4.615663 1.5097009 1.9355621 1.5578231 -0.05163224 -3.516443
0 5 0.09447828 -7.0901394 2.585536 86.595505 4.5627728 1.541183 1.922664 1.5560842 -0.009837477 -2.6420712
0 5 0.0875585 34.68826 1.5176859 45.26229 4.2960577 1.5827429 1.8611617 3.5310986 0.0013822448 -0.028018577
0 5 0.08127697 -4.5642915 2.445177 87.11449 4.564815 1.4943719 1.9502176 1.674043 -0.07190003 -2.5025847
0 5 0.07615537 0.14921823 2.3000069 111.57265 4.8417954 1.7539796 2.0252056 1.8084015 -0.024256282 -0.06846638
0 5 0.07280766 31.705795 1.4044156 41.09829 4.514418 1.5187681 1.9107502 3.543282 -0.043347556 -0.62002033
0 5 0.07231774 -1.9383563 2.1435125 101.03535 4.9297333 1.7729841 2.0205224 1.7357515 -0.046674293 -1.6969846
0 6 0.07205735 -7.1386724 2.4635127 84.41823 4.5188775 1.5164226 1.9118114 1.6529634 -0.038066708 -0.8951955
0 5 0.07063763 33.634266 1.5446007 41.573185 4.373928 1.5574409 1.872299 3.588179 -0.061857596 -0.0015301127
0 5 0.07037347 -3.4932692 2.4198997 91.19652 4.7640095 1.5788416 1.943931 1.6915827 -0.046632342 -1.8624531
0 5 0.06605206 34.104744 1.6921432 43.31229 4.377313 1.5773333 1.8780746 3.4743757 0.044459432 0.083854064
0 5 0.06546182 30.48673 1.3491564 39.023632 4.4554434 1.5520281 1.8927206 3.5572913 -0.006221596 -0.017756995
0 5 0.06301186 0.5971721 2.4329739 108.81914 4.8787055 1.8033293 2.0366142 1.7978387 0.107270956 0.17462334
0 5 0.057869393 -3.6639152 2.407904 90.62366 4.7158213 1.591008 1.9562179 1.7189254 0.002993608 -2.2579138
0 5 0.057411127 -11.50707 1.9282626 34.34589 11.804874 3.0476148 2.774038 2.1292748 -0.011838567 -0.2536712
0 5 0.056690186 41.255833 0.791343 50.894142 4.46989 1.6228516 1.9274713 2.9522283 -0.054310217 -0.17973068
0 5 0.056193616 -4.667783 2.529493 86.88251 4.5860333 1.5428113 1.9387561 1.5741562 -0.004503455 -2.373331
0 5 0.053204868 5.1897225 1.9732255 118.82483 4.8784757 1.7343757 2.087319 4.6920996 0.033206478 8.554161
0 5 0.053003736 31.972752 1.4310563 41.472916 4.497136 1.5377214 1.896627 3.5580494 -0.049397506 -0.028552623
0 5 0.052621108 4.8986354 2.1421137 115.972725 4.8819356 1.7059646 2.052715 4.659851 -0.009526227 6.8318334
0 5 0.051686548 31.56291 0.76767135 40.45312 4.5056987 1.5383312 1.9252021 3.46969 -0.014253438 -0.038541853
0 5 0.051447075 33.479343 1.6312795 42.578846 4.4144692 1.6045519 1.8610507 3.463554 0.008780288 0.011347935
0 5 0.050703105 0.661985 2.3426812 109.68166 4.825137 1.7277528 2.0070574 1.8141239 0.046844102 1.0783328
0 5 0.050160617 39.82675 1.0688529 48.932083 4.4875865 1.5948218 1.916741 3.2290206 -0.06926197 -0.19507828
3 5 0.23553541 -15.848268 3.0182881 42.85787 11.643875 3.2347407 2.8692973 2.0667784 -0.008953699 -0.2423921
3 5 0.21687587 -15.264254 2.2671158 41.720177 11.877712 3.1984384 2.9510393 2.0613852 0.0025284048 -0.5431391
3 5 0.21555625 -11.50707 1.9282626 34.34589 11.804874 3.0476148 2.774038 2.1292748 -0.011838567 -0.2536712
3 5 0.18708362 -11.657821 1.6879814 37.20187 11.915674 3.1835155 2.8795936 2.1099932 -0.079707794 -1.0928499
3 5 0.1506074 -14.167608 2.877594 40.82384 11.856376 3.2653327 2.861645 2.1296604 0.08162125 -1.0342462
3 5 0.14392926 -12.225564 1.8759371 38.45562 12.210941 3.0147922 2.8002517 2.370435 -0.0128999725 -1.2056568
3 5 0.14234968 -11.339078 1.7966655 37.021908 11.803242 3.0947955 2.8804104 2.2717757 -0.004403269 -2.2585492
3 5 0.1291171 -14.946631 2.6826334 33.31502 12.48523 3.290629 2.809842 4.8612914 0.04428027 0.6018978
3 5 0.1284328 -16.037079 2.3204422 34.793617 12.340071 3.2599778 2.7693064 4.868124 -0.033555545 1.5221064
3 5 0.11346588 25.313953 1.204211 139.72589 12.598066 3.0556738 3.0537012 4.8725133 0.01622655 5.3506627
3 5 0.11104124 -14.7070055 2.5690653 34.66263 11.215189 2.9764328 2.597545 5.0200396 0.0725634 0.3684447
3 5 0.098916344 -14.6784935 3.197823 42.132782 11.4522085 3.3859193 2.8718295 5.187042 0.06930774 -0.7789631
3 5 0.097119875 -10.564532 2.4283595 27.926167 9.4411745 2.860957 2.2387433 5.3183146 0.09891718 0.30883697
3 5 0.09335534 -14.219107 2.2175496 42.0511 11.745836 3.3042326 2.935579 2.0691965 -0.0051327813 -0.6102767
3 2 0.090734154 -6.749596 1.9375747 17.012356 0.90289676 1.9057013 0.67467993 4.951268 0.198516 0.4191211
3 5 0.08582015 -16.46491 2.2962317 35.252182 12.602919 3.3379197 2.850572 4.829909 0.04546313 1.3573757
3 5 0.08358419 25.515657 1.2075555 142.71346 12.487615 3.0242796 3.0741303 4.889058 -0.029234093 6.185098
3 5 0.083552174 -7.890188 2.2520914 19.48443 2.1176095 2.1306763 1.0627043 4.8873377 0.16822386 0.41319513
3 5 0.08171103 -11.652241 1.8088973 33.31897 11.299268 3.1763086 2.786653 5.324153 0.044816546 -0.6252068
3 5 0.07001524 -14.780839 2.205379 40.86204 11.327204 3.2425716 2.8282673 5.2384844 0.03711515 -0.05426702
3 5 0.06359386 -12.621141 2.940759 42.08024 11.3157425 3.2786188 2.7780874 5.412255 0.09099463 -0.8735493
3 5 0.062426794 -14.6980715 2.052648 33.928677 13.181134 3.356448 2.9537191 5.043249 -0.018681113 0.40551677
3 5 0.059224095 -23.591373 -3.9621625 90.144966 11.263337 3.8469775 2.8680773 1.1052082 0.052698337 -1.5121111
3 5 0.057467204 -13.30529 2.3384523 43.504612 11.676455 3.1535385 2.8509548 5.4139204 0.011826847 -1.1154028
3 5 0.054769263 25.92446 1.1989819 143.1693 12.641888 3.0067496 3.051565 4.902976 0.008665724 5.099639
3 5 0.05380564 24.55564 1.2304113 135.24504 12.558307 3.086004 2.9879854 4.880343 0.025227403 5.0627007
3 5 0.05339516 -12.290552 1.6733693 38.97541 11.9616375 3.3535428 2.9880977 2.0930557 -0.024053654 -0.64106655
3 5 0.052280728 -18.465918 2.263737 37.171185 12.334995 3.3073642 2.8441837 4.7529216 0.030374972 1.6688033
3 5 0.05113571 -24.479568 -4.0625772 91.42658 11.100411 3.7326698 2.9095917 1.1782517 0.102187485 -1.8086922
7 2 0.4695123 -7.229495 2.106906 18.087183 0.8552241 1.7567956 0.7533852 6.045372 0.60224843 0.4398188
7 2 0.3538462 -7.3361874 2.1595626 18.379673 0.94557 1.8049867 0.814404 6.2367625 0.4889397 0.43396896
7 2 0.28220734 -7.3092084 2.1396027 18.317753 0.81810135 1.7409792 0.6897652 6.1035256 0.40337935 0.42908573
7 2 0.2599945 -7.291733 2.1227841 18.229273 0.8943835 1.7069323 0.72755367 6.271185 0.5447506 0.6067223
7 2 0.09517383 -7.058625 2.0590382 17.653877 0.830463 1.8090401 0.73120695 6.3303423 0.3403345 0.17441377
7 2 0.09199403 -7.7634516 2.1997225 19.26395 0.8618268 1.6528122 0.69244075 6.2217813 0.22944443 0.37844503
7 2 0.08443585 -7.097728 2.079001 17.88449 0.79998803 1.7384034 0.7094894 5.9729023 0.42573974 0.4354234
7 2 0.08396382 -7.9052606 2.225852 19.667192 0.8356963 1.6586436 0.6845889 6.212612 0.2991449 0.35981366
7 2 0.08193239 -7.006947 2.1290748 17.687944 0.9249137 1.8515972 0.80826825 6.3711705 0.34950054 0.5057007
7 2 0.07569851 -7.4540844 2.168268 18.434118 0.9325366 1.7897693 0.7354548 6.2908263 0.3329839 0.381822
7 2 0.073957235 -6.749596 1.9375747 17.012356 0.90289676 1.9057013 0.67467993 4.951268 0.198516 0.4191211
7 2 0.07308267 -7.2551327 2.087771 18.262918 0.8146605 1.7197325 0.6992222 6.037903 0.32111087 0.6337092
7 2 0.067330815 -7.662807 2.0966465 19.070753 0.8185811 1.6925333 0.697661 6.4153304 0.23996057 0.4970525
7 2 0.06543002 -7.7082524 2.1102357 19.156422 0.822765 1.683658 0.71304786 6.4503965 0.19174299 0.5009589
7 2 0.06281121 -7.536955 2.164098 18.587461 0.91577 1.7302262 0.6773162 6.335706 0.53913444 0.8883622
8 8 0.108768746 19.007612 1.5145216 25.039473 0.35080692 0.7044538 0.36993635 5.613059 -0.04435382 -0.03281024
8 8 0.10303997 18.671066 1.464801 24.435972 0.36079437 0.71603656 0.39072427 5.4265738 -0.048767515 -0.024657302
8 8 0.07995155 19.443115 1.5475583 25.839603 0.3331235 0.6902179 0.34695432 5.7160354 -0.0061821816 -0.01921435
8 8 0.07965761 19.262016 1.4763108 25.335342 0.34820932 0.7115345 0.3518119 5.7210336 -0.04138738 -0.029825496
8 8 0.07413657 19.323885 1.472627 25.250683 0.3635487 0.7211127 0.37951836 5.6359444 -0.046952266 -0.027438354
8 8 0.07266539 19.218891 1.4882941 25.53936 0.32830518 0.69542444 0.3340669 5.6822615 -0.026698139 -0.017233994
8 8 0.061743576 19.039898 1.4232087 24.672096 0.36729234 0.7333064 0.39735216 5.250551 -0.062235244 -0.013810745
8 8 0.050762657 18.937437 1.5060092 24.973234 0.3488247 0.73093843 0.3903307 5.837305 -0.02654669 -0.050569203
