0 5 0.093208134 39.909775 0.26114553 47.016113 4.2158327 1.6766738 1.8440382 5.760933 0.09116409 5.410658
0 5 0.075368434 39.85306 0.2568587 47.227932 4.2291 1.6658608 1.8455881 5.7220783 0.12000296 4.93754
0 5 0.075314514 -54.307556 3.5698438 71.27586 4.5137634 1.6213328 1.9522696 5.084459 0.042940386 1.3251815
0 5 0.075072534 41.017723 0.23274887 47.991177 4.2267575 1.6710361 1.8416792 5.787421 0.062036626 4.848875
0 5 0.07360409 40.694683 -0.0045102835 48.352554 4.6809974 1.6616653 1.9713651 5.818361 0.0050735213 3.2945838
0 5 0.07185145 42.598545 0.1562478 49.570213 4.6130857 1.6817696 1.9449497 5.842248 0.021353932 5.371304
0 5 0.07098175 -54.067734 3.584501 70.70568 4.4520054 1.6132097 1.9441377 4.734291 0.083271764 3.3925078
0 5 0.07031382 41.774773 0.15763319 49.349186 4.6071935 1.6727089 1.9697038 5.815583 0.023897769 3.468128
0 5 0.068228595 41.85604 -0.008173406 48.85643 4.659096 1.6638525 1.9531751 5.8244543 0.02998628 5.5910673
0 5 0.065447636 -54.698917 3.5762322 71.14923 4.4579 1.6283337 1.9380312 4.6953106 0.08486401 3.5730672
0 5 0.06484736 -3.2462022 1.6368793 45.28664 12.137421 3.2154143 2.892285 2.7016387 0.038122445 -1.7609951
0 5 0.058494523 42.861343 0.19780904 51.388004 4.5715675 1.6763889 1.9542055 5.8149514 0.07346935 4.018368
0 5 0.055644188 41.181843 0.23179328 48.431087 4.260058 1.6830769 1.8542055 5.7513714 0.034581095 5.654669
0 5 0.055504218 -57.484196 3.465098 71.44204 4.4473433 1.6334627 1.922686 4.6251345 0.013787108 5.2075915
0 5 0.055467233 42.64285 0.23750013 50.18475 4.598254 1.6867859 1.9746495 5.821951 0.051023155 4.442021
0 5 0.054010477 -53.929096 3.6349645 72.186874 4.4910035 1.6153973 1.9545807 5.0545397 0.012131151 1.7281995
0 5 0.05318185 -56.71171 3.5721073 72.416824 4.4578333 1.6303985 1.9340681 4.6632996 0.037574872 5.081969
0 5 0.050477073 -57.565327 3.5106766 72.51728 4.463316 1.6404351 1.9291433 4.6435575 0.018679077 6.392718
3 5 0.3810861 -3.2462022 1.6368793 45.28664 12.137421 3.2154143 2.892285 2.7016387 0.038122445 -1.7609951
3 5 0.12923285 -3.3775728 1.6909844 46.82504 12.392315 3.2726207 2.9220195 2.8148947 -0.07941889 -1.3465421
3 5 0.1278438 -2.9541733 1.741812 46.40982 12.099349 3.360518 2.911397 2.8242502 0.006018961 -0.6102408
3 5 0.12138279 -3.1983387 1.5512497 46.249767 12.099771 3.173412 2.8837612 2.6656435 -0.045068763 -0.9505939
3 5 0.0885127 -3.008652 2.7008533 46.920837 11.798518 3.4088604 3.0204773 2.4996755 -0.02822309 -1.6198758
3 5 0.08705486 -3.0679176 1.5665243 45.85366 12.217209 3.3313928 2.951549 2.6770647 -0.0056439275 -2.031004
3 5 0.08672941 -3.416764 2.0276594 50.416626 11.816913 3.3858283 2.9204338 2.8501468 -0.04050984 -0.14358546
3 5 0.07971011 -3.7460938 3.044541 49.310867 11.643201 3.4064667 2.86714 2.897852 -0.017899351 -0.21237585
3 5 0.06409508 23.268148 1.4749612 126.59027 12.897015 3.1258361 3.1256611 4.8299255 0.049994953 4.8655205
4 5 0.06278987 -3.2462022 1.6368793 45.28664 12.137421 3.2154143 2.892285 2.7016387 0.038122445 -1.7609951
6 0 0.061071955 -16.615618 2.2423058 41.509193 1.7921054 1.6661505 0.5802133 1.4148692 -0.023097442 0.365951
6 0 0.056756996 -16.007908 2.209667 40.091152 1.7790788 1.6548307 0.60024756 1.1494825 0.00014459342 3.0533538
6 0 0.054221805 -15.857156 2.205962 40.04506 1.8290852 1.6227899 0.62048197 1.1146555 -0.016956683 2.720502
7 3 0.39012256 -7.231257 2.104271 18.096846 0.71307707 1.735227 0.6878276 6.660377 0.00579866 0.02919032
7 3 0.3177031 -7.2596116 2.1256962 18.170074 0.7522009 1.7531703 0.6864965 6.6750507 -0.02326063 0.037327405
7 3 0.2837443 -7.1969 2.0900497 17.981335 0.70696306 1.7380369 0.6384261 3.5591166 0.015718477 0.042246923
7 3 0.27130175 -7.337612 2.138005 18.316391 0.756821 1.7355087 0.6960892 3.6303458 0.08898109 0.16501474
7 3 0.097004235 -7.3327937 2.0821917 18.373457 0.7326593 1.738795 0.68629247 6.50792 0.10389969 -0.023761043
7 3 0.094263926 -7.403824 2.1564586 18.186813 0.70399714 1.7349938 0.66409904 6.493597 0.018031592 0.016489092
7 3 0.08889176 -7.0368133 2.0727198 17.768179 0.6258237 1.8290372 0.602272 6.3491693 0.16193475 -0.022342367
7 3 0.084244825 -7.4779983 2.1622176 18.36941 0.7042802 1.7257764 0.644865 6.6423006 0.08651167 0.20148772
7 3 0.07373838 -7.3245916 2.093379 18.475777 0.69817585 1.7526426 0.6514597 3.5647202 0.1113761 0.059805885
7 3 0.068885155 -7.015622 2.0728946 17.576782 0.63755655 1.8040913 0.63487846 6.2576294 0.13325575 -0.059300914
7 3 0.06671579 -7.1417894 2.0386057 17.94179 0.6789855 1.7462313 0.6120325 6.6278076 -0.0098693725 0.099223144
7 3 0.06481164 -7.439829 2.0865304 18.530449 0.798172 1.7297349 0.7063056 6.4473333 0.06423026 -0.00890386
7 3 0.0579233 -7.378661 2.014778 18.290613 0.65340126 1.6715525 0.5970278 3.7774887 -0.0629663 -0.05379519
7 3 0.054562096 -7.4533486 2.0124376 18.495283 0.607969 1.6579058 0.5859807 3.7399547 -0.061809674 0.0365803
7 3 0.050799556 -7.0730057 2.1822033 17.624325 0.62460077 1.7671053 0.61261266 6.115246 0.07690471 0.08541216
8 8 0.06569837 20.416943 1.6442486 26.893436 0.4140937 0.6198442 0.43527502 5.483858 -0.0869929 -0.01413815
8 8 0.05979794 20.205153 1.6242082 26.542141 0.42022848 0.6115339 0.46221912 5.4025083 -0.071104415 -0.013420798
8 8 0.05082184 20.311981 1.6049484 26.755066 0.41127625 0.63398814 0.39459297 5.2880735 -0.098747864 0.007166464
