0 5 0.4006653 19.24043 1.6384268 60.48567 5.307706 1.972497 2.1691437 2.9762824 -0.031978592 -3.4799888
0 6 0.38662276 -10.104255 1.958611 13.270594 4.6287756 1.5057578 1.8753842 1.700803 -0.08283699 -2.792312
0 5 0.3491588 -3.0321467 2.0708764 42.46787 4.7961473 1.6007185 1.9715832 2.607387 -0.056137346 -5.5883255
0 5 0.27447373 -13.395079 2.3559952 55.89067 4.6571856 1.6908423 1.9626263 4.5825725 0.05650896 5.9032106
0 6 0.2690288 -11.09 2.1705573 14.429619 4.5669217 1.5582489 1.87393 1.7555182 -0.11380409 -1.2860992
0 5 0.23442851 -3.1053274 2.0955362 42.974174 4.803234 1.5916529 1.9975395 2.5743873 -0.044215407 -5.5638385
0 5 0.2259491 19.695621 1.6396015 62.047348 5.278979 1.9991202 2.1532013 2.9965394 -0.016100226 -2.8615723
0 5 0.21877679 19.305431 1.736383 60.716755 5.23739 1.9735167 2.1094062 2.9841902 -0.05893217 -4.0296273
0 5 0.20876545 -3.1544213 2.0733812 43.729088 4.8033376 1.5793203 1.9987156 2.5697625 -0.057143055 -4.4887266
0 6 0.19991474 -10.9625435 2.0841727 14.190225 4.491366 1.5324466 1.8397883 1.745419 -0.070193365 -1.9079163
0 5 0.18669778 12.902146 2.0374374 87.937675 4.6858916 1.6774414 2.0102768 4.8674893 0.023054773 10.611367
0 6 0.18079321 -9.920506 2.0024025 13.121688 4.57882 1.5513197 1.8687822 1.6916959 -0.08121991 -3.4774868
0 5 0.13879569 19.856676 1.7660384 62.320942 5.3334846 1.9828175 2.1194243 3.005188 -0.061849803 -2.9264328
0 5 0.13552158 19.192904 1.6909933 60.261814 5.261159 1.9988694 2.1197093 2.922591 -0.024062712 -3.5669591
0 5 0.12211337 12.825549 2.0436895 87.378784 4.701276 1.6882372 2.0202625 4.838502 -0.039342694 9.764695
0 5 0.11892055 -13.590795 2.3502982 56.59721 4.627102 1.6604491 1.9481225 4.5981526 -0.044889823 8.154726
0 6 0.110209435 -10.756747 2.036825 13.940909 4.505085 1.5460085 1.8684217 1.6335163 -0.027169898 -3.0180085
0 5 0.10116113 19.065248 1.645413 59.921547 5.162394 1.949857 2.0082808 2.9559298 -0.06409034 -4.91872
0 5 0.0987591 12.89669 2.027174 88.37544 4.7022605 1.6659155 2.0202801 4.824475 -0.009594183 9.702127
0 5 0.09782701 -3.3747604 2.343287 48.320404 4.6522694 1.6282767 1.9626279 2.901019 -0.08625685 -2.2495348
0 5 0.092971824 -3.1035383 2.1588073 43.225655 4.8771596 1.5856415 1.9740384 2.6070797 -0.024081267 -4.881968
0 6 0.09116684 -10.747276 2.259676 14.208587 4.528167 1.5486748 1.8776534 1.7543926 -0.02253151 -2.5218592
0 5 0.08919887 21.756514 1.887217 67.805214 5.3010693 2.1035972 2.1429503 3.1206589 -0.0052920384 -1.0878553
0 5 0.08667795 -3.2191777 2.1329434 47.981888 4.7350674 1.6383902 1.9758173 2.8601816 -0.05193962 -1.8075446
0 5 0.08630219 -10.398842 1.9980583 13.412938 4.5046287 1.5411838 1.8541738 1.6232142 -0.012505578 -2.7260156
0 5 0.080537595 -3.136306 2.1831036 43.43626 4.834573 1.5992478 1.9883138 2.566199 -0.056570612 -4.2129583
0 5 0.07933585 -19.886986 1.9705837 60.87179 4.7280455 1.5870315 1.9437637 4.2692347 -0.023605853 6.0626073
0 5 0.07917999 -3.301223 2.241464 48.833008 4.7715054 1.623489 1.9897853 2.8636994 -0.045801464 -1.6288648
0 5 0.07696006 -21.45549 2.0469708 75.0038 4.412405 1.6933445 1.8736467 4.395828 0.07406677 4.7809353
0 5 0.07627974 12.9933605 2.0579395 89.089386 4.6807833 1.6756257 1.9555664 4.7853484 -0.033469148 10.592495
0 5 0.07483307 21.86066 1.9558663 68.17214 5.177121 2.039557 2.1041365 3.1413012 -0.0053263735 -1.0436684
0 5 0.073121965 -24.115501 2.4349709 33.051586 4.466035 1.6036958 1.8941585 1.2835941 -0.03667572 -0.35244232
0 5 0.06867496 -24.05489 2.3915782 33.908207 4.4562488 1.6311384 1.8870473 1.3317504 0.006988151 -0.8257546
0 5 0.06860922 -24.662386 2.383381 33.794823 4.48555 1.6408627 1.9094845 1.3476902 -0.010310169 -0.003885826
0 5 0.06789268 17.01953 1.6058033 54.103817 4.788751 1.8921828 1.9699833 3.18763 -0.115142494 -3.167238
0 5 0.0667 -2.906595 2.140244 48.615925 4.758697 1.6193693 1.9965549 2.5694118 -0.04623433 -3.0238411
0 5 0.06519894 -23.180662 2.4538426 31.005669 4.4960055 1.6177932 1.9085132 1.2516432 -0.00954612 0.21303883
0 5 0.06327833 -2.8602495 2.09769 44.715893 4.8220253 1.6308941 1.9831793 2.5765517 0.010129353 -2.6198394
0 5 0.06282066 -14.16156 2.4776733 58.61505 4.573911 1.680278 1.9614446 4.4908338 0.026183145 9.54541
0 5 0.059011117 -20.754133 1.985412 63.226963 5.1655827 1.6046357 1.9838521 4.27517 -0.095007256 6.8093348
0 5 0.058930095 -13.976571 2.4571207 57.943687 4.5021644 1.6950408 1.9397627 4.516015 0.04414528 9.412039
0 5 0.058613196 -22.42563 2.398854 29.965431 4.4517827 1.5808653 1.8946223 1.2158809 -0.06225352 -0.27354804
0 5 0.057153895 -0.73743427 1.610567 91.87143 5.7042637 2.4098604 2.4174423 4.786465 -0.06776573 2.4346023
0 5 0.057076495 -0.20772581 1.7696728 89.96809 4.990984 1.9689652 2.1626287 4.745896 -0.04384003 2.489033
0 5 0.05614426 -1.0758002 1.8949432 81.3396 4.5166483 1.6612802 1.9681246 1.7161593 -0.08453984 1.7581283
0 5 0.055867624 -24.849272 2.3294854 34.96034 4.454117 1.6459355 1.887003 1.4189043 -0.015463693 0.03781406
0 5 0.055623863 -20.574247 2.003912 67.234314 4.614707 1.6194911 1.9207679 4.2894983 -0.036675517 6.46839
0 5 0.05554472 -13.712371 2.4495516 56.924706 4.6167827 1.6715034 1.9543846 4.602811 -0.028100848 8.714558
0 5 0.05494864 20.82266 1.7551901 65.52899 5.308453 1.9841433 2.1182845 3.1617355 -0.051705055 -0.7252423
0 5 0.052964326 -1.1393243 1.4916828 90.599724 5.907241 2.509252 2.4605026 4.8020797 -0.08165274 1.3575264
0 5 0.051745206 -22.935986 2.5260122 30.168934 4.496876 1.6030098 1.9141437 1.1861805 0.06987651 0.5701185
0 5 0.051653627 -1.8131723 2.0298154 75.84107 4.4683824 1.643407 1.9102052 1.7820016 -0.059735976 -0.000598751
0 6 0.051521502 -10.423816 2.0274186 13.9720955 4.5696263 1.5661685 1.8487561 1.6622567 -0.044015143 -3.153482
0 5 0.05055021 -21.290226 2.0448465 74.51151 4.5022397 1.6799928 1.8978181 4.3112836 0.022728773 4.0280375
0 5 0.05054651 -0.21338585 2.031331 88.69007 4.624311 1.6541052 1.992285 4.751179 -0.0774069 4.49832
0 5 0.05037019 -0.641044 1.9366766 85.54568 4.634336 1.6831439 2.0054963 4.7884336 -0.098544054 4.384084
0 5 0.050213337 -20.187319 2.0010583 61.92158 4.9252954 1.5807364 1.957411 4.280944 -0.061499275 6.69586
1 5 0.07863031 -1.242783 1.7272155 91.464035 6.9920974 3.1218188 2.8200312 4.7684197 -0.05246046 0.8823417
1 5 0.07350138 -0.92448324 1.775006 91.68359 6.789896 3.02645 2.7448862 4.8014507 -0.04577943 2.372406
1 5 0.067097895 -1.1393243 1.4916828 90.599724 5.907241 2.509252 2.4605026 4.8020797 -0.08165274 1.3575264
1 5 0.06622293 12.902146 2.0374374 87.937675 4.6858916 1.6774414 2.0102768 4.8674893 0.023054773 10.611367
1 5 0.06491974 -0.73743427 1.610567 91.87143 5.7042637 2.4098604 2.4174423 4.786465 -0.06776573 2.4346023
1 5 0.05786424 19.24043 1.6384268 60.48567 5.307706 1.972497 2.1691437 2.9762824 -0.031978592 -3.4799888
1 5 0.052320153 -0.37578556 1.939952 91.89159 6.4480715 2.8761625 2.6205974 4.7923045 -0.053924292 2.1262581
3 5 0.07375195 22.003859 1.4399605 124.875015 12.385122 2.926267 3.0662534 4.7938423 0.0029203612 1.5273176
3 5 0.06242282 -38.957523 3.0373585 70.14038 12.815061 3.4236114 2.9091678 5.131931 0.10949255 0.18719497
3 5 0.06056584 -36.752342 2.7202637 66.71631 13.361942 3.3708305 2.927167 5.1297035 0.05501266 0.64009404
3 5 0.05404898 21.80201 1.5600934 122.77726 12.433172 3.003876 3.06778 4.763467 -0.04015985 1.5219327
3 5 0.050325952 -38.457504 2.7144852 71.00167 12.818758 3.477843 2.9572978 5.4660816 0.10312636 0.21167687
5 0 0.11852346 8.402104 1.6009417 9.635754 1.6780895 1.1266578 0.50594085 4.093135 -0.062823325 0.022491552
5 0 0.09707736 7.9775147 1.53595 9.189681 1.7009124 1.1511254 0.49696344 4.02591 -0.022457 0.041109517
5 0 0.057236906 8.093681 1.5841295 9.460874 1.6607211 1.1545081 0.5154309 3.970965 -0.024694767 0.0015224721
5 0 0.052948307 8.797341 1.6089592 10.07294 1.6954618 1.197294 0.547892 4.2890687 -0.033167824 -0.028459515
7 3 0.2928584 -7.4312463 2.0744338 22.145727 0.6909974 1.7225606 0.62198335 6.3581257 0.20579323 -0.006683804
7 3 0.2819001 -7.3374104 2.0519507 21.861624 0.67264175 1.7202619 0.6477643 6.251736 0.20761628 -0.0035877656
7 3 0.24173902 -7.38468 2.0396976 21.848894 0.6759327 1.7233284 0.66061145 3.646913 0.048324093 0.17021173
7 3 0.17050341 -7.3774056 2.0943472 21.975294 0.6782987 1.7290493 0.61378413 6.170942 0.101813875 0.04157988
7 3 0.16570304 -7.4130054 2.1084223 21.961775 0.7273265 1.716846 0.6401532 6.399653 0.15861362 0.18823019
7 3 0.16552188 -7.540838 2.068571 22.25948 0.69408906 1.7379723 0.65089715 3.6007733 0.029073259 0.17766085
7 3 0.1253486 -7.208908 2.0713928 21.337362 0.68802464 1.7227451 0.63967323 6.7210617 0.14969526 0.23687181
7 3 0.12119164 -7.5319076 2.0467987 22.173183 0.68396467 1.7200203 0.6788028 3.690102 -0.010325162 0.1856302
7 3 0.120201565 -7.3077044 2.0571837 21.770672 0.72621936 1.7552512 0.6653495 6.4564877 0.12799065 0.20724535
7 3 0.10306819 -7.629571 2.0903106 22.399065 0.6794929 1.721827 0.6323327 6.2743077 0.127883 -0.0026340354
7 3 0.07327646 -7.597555 2.0421581 22.431234 0.72484505 1.7878817 0.6505986 3.8774033 0.08995518 0.70854396
7 3 0.07267493 -7.7797585 2.175478 23.63326 0.72204214 1.7786874 0.6211482 6.598219 0.10946488 0.053890012
7 3 0.072164975 -7.441677 2.0862603 21.952568 0.6828527 1.6949998 0.639893 3.6369019 0.072751045 0.10976327
7 3 0.06281995 -7.409278 2.1113076 21.796656 0.7140151 1.7437388 0.66003644 6.161348 0.20730399 0.22711718
7 3 0.056696814 -7.554647 2.0863328 22.232878 0.72237927 1.7648224 0.6764737 6.297325 0.1209911 0.18423268
7 3 0.055075303 -7.358281 2.0364873 21.675665 0.8119972 1.7615772 0.65757024 4.0957303 0.0986115 0.67240804
