0 5 0.12240523 -21.400112 2.003662 69.30287 4.465188 1.6434716 1.900304 4.340023 -0.036784545 12.128301
0 5 0.11047226 -36.964577 3.428727 57.086956 4.3490686 1.5478259 1.8934853 1.1753442 -0.054173067 -0.02889201
0 5 0.1021104 39.460297 0.27678436 46.534103 4.206754 1.6668708 1.8447019 5.7382674 0.07451705 5.0258894
0 5 0.10161472 -36.73449 3.3706913 56.813553 4.3266177 1.561559 1.8899167 1.0203857 -0.031952016 -0.004428869
0 5 0.09670272 -21.131174 1.9793854 68.4844 4.484339 1.6436758 1.907793 4.3201404 -0.044311464 9.344323
0 5 0.090587795 39.190006 0.27968442 46.493523 4.2207565 1.6656655 1.845107 5.702822 0.1066751 4.5441213
0 5 0.08957587 -36.63821 3.4261532 56.5383 4.3535924 1.5394459 1.8822684 1.2858527 -0.05097221 -0.007996572
0 5 0.07894834 -20.902 2.0503173 68.117546 4.453943 1.652713 1.9010218 4.359584 -0.010977734 12.417405
0 5 0.07712521 40.643063 0.24528986 47.56793 4.2174616 1.6638169 1.8438075 5.7643776 0.041233435 4.5470915
0 5 0.07673047 -38.803318 3.5964353 60.522285 4.4998217 1.559409 1.9769976 1.7224174 -0.082206875 -0.06625554
0 5 0.07579355 40.984043 0.19516575 48.72814 4.571576 1.6576202 1.9617273 5.7702303 0.030297102 2.6142113
0 5 0.075106405 40.135075 0.033907175 47.870525 4.6501055 1.6474341 1.9685019 5.7761593 0.010823665 2.4951267
0 5 0.07399556 -21.733458 1.9875851 70.676254 4.4779434 1.630483 1.9099032 4.3309765 -0.071166545 13.666786
0 5 0.07306011 41.940395 0.17943752 48.931408 4.581122 1.6567777 1.9293783 5.8095775 0.026359541 4.50219
0 5 0.06874312 -36.4067 3.3704045 56.324512 4.3427663 1.5614791 1.8849342 1.2147067 -0.03927125 0.003694836
0 5 0.06833106 -39.255898 3.555638 60.445824 4.474181 1.5415329 1.9588661 2.0099535 -0.008066335 -0.51994044
0 5 0.067296915 -21.57779 1.9746578 70.20932 4.5334706 1.6240069 1.9257599 4.3201766 -0.06877701 10.8416605
0 5 0.06728605 41.05749 0.019192994 48.051525 4.6173496 1.6399997 1.9394253 5.7951736 0.0400465 4.4930153
0 5 0.06072117 42.249435 0.21736789 50.622303 4.5656896 1.6604158 1.9522645 5.790651 0.07708238 3.0927904
0 5 0.060505114 39.8318 0.21407562 47.609272 4.2618937 1.6555907 1.8536952 5.6988077 0.09546734 3.7395604
0 5 0.059940364 -20.48062 2.0139081 66.74861 4.442901 1.655115 1.9029487 4.3506637 -0.04483984 10.114699
0 5 0.05902184 41.961674 0.2653196 49.474873 4.5834746 1.6650068 1.9689788 5.786823 0.052444242 3.580841
0 5 0.05774578 38.883125 0.28597283 46.160114 4.2477603 1.6495571 1.841039 5.696509 0.084384836 4.8746705
0 5 0.05736691 40.705254 0.24967188 47.91944 4.254303 1.6760622 1.8561487 5.7304773 0.01603088 5.470392
0 5 0.057278026 -39.026814 3.6068609 60.113148 4.4524927 1.5603714 1.9359721 2.109928 0.0109807495 -0.45674348
0 6 0.05636818 -7.915161 2.3899896 75.24811 4.3829675 1.6100959 1.8872461 1.534502 0.09023961 0.1197241
0 5 0.053743616 40.08898 0.24315727 47.545048 4.2590246 1.6655892 1.8624257 5.7074804 0.038913704 4.8817096
0 5 0.051493276 -37.295013 3.4704487 57.39035 4.3510265 1.5416903 1.8988392 1.254787 -0.06651125 -0.028289566
0 5 0.051447723 42.24939 0.15739602 52.028656 4.5868745 1.6256988 1.9470892 5.8682265 0.037915327 1.2782197
0 5 0.051227115 42.171658 0.19687927 48.835106 4.22081 1.6523696 1.8374147 5.792332 -0.002797774 4.4051056
0 5 0.050343584 -38.71514 3.5053153 60.375397 4.5096545 1.5387777 1.9397051 1.932692 -0.007951342 -0.72313297
0 5 0.05009576 40.775833 0.14178258 49.43797 4.2597313 1.65094 1.8587346 5.7018895 0.07263529 4.236912
1 5 0.053884774 3.951344 1.594405 52.221382 11.78354 3.2047014 2.8898585 3.260149 -0.038763337 -1.033882
3 5 0.5376713 3.951344 1.594405 52.221382 11.78354 3.2047014 2.8898585 3.260149 -0.038763337 -1.033882
3 5 0.3100847 3.842106 1.6676797 52.610584 11.856021 3.2643342 2.8835592 3.234082 -0.082755774 -1.3018451
3 5 0.190862 4.4186945 1.7245319 52.87539 11.696516 3.235781 2.8385372 3.237625 -0.036310486 0.01655725
3 5 0.18765832 3.9382157 1.6320288 51.464375 11.966967 3.1915612 2.9405358 3.2568543 -0.042041987 -0.38043573
3 5 0.11277056 3.7822664 1.6348668 51.779587 11.758518 3.1322718 2.841132 3.275283 -0.05319362 -0.2667693
3 5 0.09845778 4.163611 1.7529438 53.432877 11.803684 3.3359208 2.8291643 3.2789693 -0.060184248 -0.010422274
3 5 0.086205065 3.232045 1.5498371 51.821243 12.052268 3.0799742 3.0597997 3.2054234 -0.07742531 -0.2877019
3 5 0.076467045 3.063369 2.5185916 49.179382 11.970043 3.2003036 2.88663 3.3010871 0.008109946 -0.07221067
4 5 0.059718344 3.951344 1.594405 52.221382 11.78354 3.2047014 2.8898585 3.260149 -0.038763337 -1.033882
7 3 0.3857018 -7.352329 2.143162 18.401958 0.76676565 1.7384155 0.7188651 6.551872 -0.015154971 0.014444966
7 3 0.28942242 -7.2050486 2.1075444 17.985073 0.7377093 1.739016 0.6649478 6.5955787 -0.008654654 0.019338802
7 3 0.10193135 -7.4550323 2.1060553 18.70729 0.7572839 1.7353052 0.6970995 6.396097 0.06995874 -0.053334497
7 3 0.094447814 -7.421283 2.1696806 18.226824 0.75069827 1.7475646 0.7057372 6.4162374 0.0066653285 -0.0014030971
7 3 0.088930055 -7.1399074 2.1039832 18.066065 0.6579837 1.8450407 0.64179003 6.2601066 0.17713565 -0.01653824
7 3 0.088029526 -7.465878 2.1702304 18.346775 0.7536727 1.7357504 0.6875378 6.582809 0.044633172 0.14594188
7 3 0.076686256 -7.4939113 2.154273 18.88792 0.73077047 1.7530358 0.7011739 6.5139227 0.10677531 0.04842428
7 3 0.069706626 -7.097422 2.0497053 17.870836 0.7153092 1.7463201 0.65595907 6.504698 -0.032871284 0.071907796
7 3 0.06261503 -7.55086 2.0975409 18.787958 0.8055908 1.7259108 0.71655506 6.3447046 0.038992874 -0.039387263
7 3 0.0612675 -7.1033397 2.093424 17.959509 0.67516786 1.8262174 0.6723664 6.175004 0.1654127 -0.058312107
7 3 0.060130153 -7.5085983 2.0430272 18.67469 0.6527185 1.6855178 0.6236871 0.6026108 -0.056798562 -0.12341987
7 3 0.056187168 -7.5620084 2.0408058 18.822395 0.62988365 1.6682274 0.61297333 0.51633394 -0.05485387 -0.031580802
7 3 0.053581256 -6.973214 2.1430304 17.378904 0.7511196 1.7684655 0.6856278 6.6168714 -0.00033118762 0.0782656
7 3 0.05130201 -6.925669 2.1500866 17.26066 0.7346249 1.7743584 0.6400143 6.6140857 -0.0064392183 0.012296706
8 8 0.06920373 20.60671 1.6631728 27.122505 0.4134454 0.6196871 0.43932647 5.4461713 -0.10175955 -0.013223279
8 8 0.06290753 20.267334 1.6306874 26.60758 0.41412458 0.6089347 0.47285405 5.395755 -0.07476339 -0.016491737
8 8 0.05663152 20.524864 1.6188927 27.020208 0.41274542 0.63221437 0.39975035 5.2861094 -0.107033595 0.003151983
