0 5 0.118889265 -58.520145 3.806501 72.71361 4.469121 1.640137 1.9472461 4.319372 -0.048797227 7.753985
0 5 0.091749534 39.768036 0.23611456 46.832188 4.2001066 1.6794755 1.8369269 5.7781467 0.08179891 5.598209
0 5 0.08128934 40.573788 -0.038711667 48.164413 4.6407404 1.6656234 1.9694266 5.8428273 0.003727667 2.8263695
0 5 0.078802325 42.389896 0.116161406 49.300972 4.5828776 1.6769972 1.937293 5.863709 0.045762584 5.1067553
0 5 0.07738937 41.527763 -0.02787131 48.47464 4.60014 1.6570975 1.9423069 5.845533 0.04579085 5.2671075
0 5 0.07670851 41.646618 0.11810839 49.150158 4.5831738 1.6722174 1.964378 5.8379354 0.029681543 3.3060021
0 5 0.076054946 40.736042 0.21471584 47.64242 4.2151504 1.6739193 1.8351241 5.803186 0.04744166 4.653972
0 5 0.07262958 -58.01615 3.735458 72.00986 4.4627113 1.6230233 1.9420288 4.3659186 -0.118796915 7.720286
0 5 0.07206174 39.752228 0.23221385 47.092983 4.2131643 1.6666826 1.8384361 5.743498 0.11074842 5.106367
0 5 0.06157535 42.904175 0.15845484 51.43631 4.5481105 1.671713 1.9484849 5.8429737 0.07574444 3.5651093
0 5 0.05742521 41.08903 0.2112506 48.29474 4.240385 1.689725 1.8490534 5.767748 0.025250545 5.924522
0 5 0.057218496 42.59726 0.19127703 50.09989 4.5681095 1.68099 1.9642622 5.846294 0.044350334 4.1860356
0 5 0.0547262 -58.585052 3.7969036 73.511406 4.459738 1.6367837 1.9536616 4.281667 0.04348079 5.1778665
0 5 0.052891165 43.02762 0.10365033 53.0327 4.577908 1.6339476 1.9467671 5.9326406 0.034799032 1.9188089
0 5 0.051833156 42.125355 0.17224646 48.787834 4.2115135 1.6513414 1.8260621 5.8361154 0.009343455 4.748749
3 5 0.31949326 -5.3367925 1.7302732 42.614044 11.793692 3.3990011 2.93501 2.645196 -0.031079525 -2.9775019
3 5 0.12484285 -5.8852024 2.6668112 45.421093 11.062446 3.3967488 2.9110239 2.6359868 -0.013246739 -1.2398047
3 5 0.1232534 24.978376 1.2919344 138.73085 13.064994 3.279074 3.0965843 4.8059225 0.034382112 6.0083675
3 5 0.12133122 -5.307098 1.7567596 42.96206 11.758872 3.3606815 2.942315 2.660669 -0.053474724 -2.6063726
3 5 0.10798083 -5.025327 2.6143472 46.31773 11.131698 3.378301 2.9739232 2.6389549 -0.04055274 -1.6127372
3 5 0.097632945 -5.501099 1.7194403 44.26098 11.825325 3.3732147 2.8960674 2.7900684 -0.061270937 -2.4451752
3 5 0.09311995 24.936628 1.3186557 140.55402 13.049072 3.2318316 3.1279478 4.832059 0.015281158 6.8881793
3 5 0.088206954 -5.6792984 1.8541734 47.40251 11.286002 3.271042 3.0613656 2.6909385 -0.12070906 -1.0684409
3 5 0.08743788 -5.8202157 2.816184 46.354153 11.460228 3.4036126 2.951051 2.8300471 -0.026409097 -0.91088897
3 5 0.05805715 24.71375 1.3235183 136.17339 13.034473 3.318659 3.0241756 4.825902 0.024429167 5.82431
3 5 0.05605698 2.3473277 1.6244205 69.111664 11.705948 3.652064 2.8738422 4.7455974 -0.010075027 1.2136887
5 0 0.05012443 -15.954386 2.173915 39.70163 1.7623905 1.6184804 0.5926719 1.5933608 0.03723806 0.24795118
6 0 0.08102686 -16.231369 2.1768236 40.351757 1.7650332 1.6459274 0.5818545 1.8777157 -0.032929525 0.15941331
6 0 0.07517114 -15.954386 2.173915 39.70163 1.7623905 1.6184804 0.5926719 1.5933608 0.03723806 0.24795118
6 0 0.058056124 -15.69088 2.162688 39.534977 1.7855921 1.5875574 0.6076761 1.5211301 0.01477406 0.14247134
6 0 0.055825256 -16.599112 2.1545184 41.258068 1.7863636 1.6505702 0.5678142 1.8343763 -0.01436312 0.18705383
6 0 0.051537734 -15.79009 2.2040694 39.4609 1.4968683 1.6781685 0.64696056 1.6535102 -0.024035387 0.10702575
7 3 0.33172926 -7.1639175 2.0734258 17.963684 0.70720845 1.7442788 0.68879616 6.53593 0.03786876 0.026301205
7 3 0.25344416 -7.22252 2.11309 18.133884 0.75607306 1.760696 0.69259787 6.5839243 0.004401846 0.023044836
7 3 0.20953411 -7.1376333 2.0625095 17.894793 0.6967742 1.7331084 0.63250715 6.5722237 0.04390525 0.052082323
7 3 0.19464515 -7.29945 2.108695 18.287598 0.7531014 1.7205936 0.68828225 3.5687623 0.11500669 0.18549073
7 3 0.08717037 -7.1562715 2.0124435 17.721756 0.5702081 1.81429 0.58542955 6.073283 0.17548008 -0.02676882
7 3 0.08426475 -7.267363 2.0667548 18.196653 0.75169986 1.7351043 0.6939925 6.394875 0.13149294 -0.04199484
7 3 0.0792363 -6.950739 2.0254028 17.315798 0.60467875 1.7803686 0.6017311 6.0112276 0.124357454 -0.06949231
7 3 0.07194375 -7.4413857 2.1598158 18.274176 0.70276636 1.7443314 0.66223896 6.405979 0.030927645 0.021884512
7 3 0.053980675 -7.032192 1.9951391 17.661829 0.6739382 1.7467487 0.6104719 6.4189544 0.03787028 0.09142815
7 3 0.053408723 -7.4720235 2.1465042 18.361782 0.6956807 1.7187303 0.62673825 6.570254 0.13912825 0.24413857
7 3 0.05340119 -7.392414 2.0722752 18.499716 0.83282685 1.726379 0.71060246 6.305651 0.098381236 -0.032634243
8 8 0.07020226 20.395287 1.6365418 26.852964 0.3952133 0.6337329 0.4160205 5.4851203 -0.09721994 -0.0076695383
8 8 0.062396925 20.10154 1.6085315 26.399498 0.39642522 0.6235174 0.4479739 5.3990293 -0.07939467 -0.009134388
8 8 0.051215477 20.516426 1.5956352 27.014637 0.39253816 0.64333266 0.3832425 5.2474613 -0.106825635 0.012061577
