0 5 0.35512224 9.564971 2.053306 53.67551 5.2070565 1.8971759 2.1045725 2.7064524 -0.044492096 -4.915226
0 5 0.31239635 9.714833 2.0524132 54.296986 5.2830315 1.9198097 2.1182413 2.7460988 -0.035914592 -5.286766
0 5 0.3041435 -8.493027 2.3682141 35.832603 4.710542 1.6251152 1.961858 2.2612147 -0.07543537 -2.5002286
0 5 0.23843253 -8.694999 2.3040516 36.46572 4.618909 1.5787574 1.928777 2.303533 -0.018993258 -2.0938072
0 5 0.21376844 9.794862 2.0528955 54.59561 5.2801437 1.892727 2.124412 2.723399 -0.06305219 -5.445096
0 5 0.19180913 -8.38351 2.3567076 35.27845 4.693384 1.6155252 1.9493489 2.2543926 -0.09120785 -3.4460244
0 5 0.15945975 -3.9151092 2.544413 96.82457 4.6796803 1.5678905 1.9737763 1.6633049 -0.035681985 -3.1852849
0 5 0.13225722 9.948294 2.0902872 55.87865 5.565232 1.951181 2.1919773 2.756838 -0.029113797 -5.5773497
0 5 0.13118294 -8.544297 2.3783112 36.251614 4.576771 1.5859344 1.8992618 2.2724004 -0.06329526 -1.6892143
0 5 0.107675806 -3.5481272 2.5265682 96.01864 4.804559 1.6544346 1.9765371 1.7178968 -0.046819326 -1.3948534
0 5 0.102921255 -8.767145 2.3806787 38.494324 5.087493 1.6642146 2.0090342 2.3124945 0.013423972 -2.4205048
0 5 0.09635237 -3.8784266 2.5300436 95.6551 4.6762953 1.5689297 1.9668747 1.6968567 -0.06153152 -2.567346
0 5 0.09507049 -3.9720502 2.614083 99.0289 4.6620884 1.5394193 1.9521794 1.6197289 -0.037965268 -3.2902095
0 5 0.08534642 -7.7728257 2.6760406 94.09334 4.824347 1.4685997 1.9396151 1.6287328 -0.025864016 -5.749076
0 5 0.080976605 -2.496988 2.1968827 100.41322 4.9829564 1.7692938 2.0277567 1.7718616 -0.037605777 -1.4667783
0 5 0.07839539 -7.88463 2.6295905 95.52816 4.811345 1.4735006 1.9458326 1.5357648 -0.010880966 -4.945489
0 5 0.07670846 11.491278 2.2449486 63.754013 5.198271 1.945847 2.1176684 2.8714917 -0.04733544 -1.8202313
0 5 0.07631931 -42.477077 4.09565 50.5426 4.5518026 1.6332093 1.92414 3.8069892 0.010932479 1.5332303
0 5 0.076111816 -1.103621 2.1374521 110.486 6.492469 2.3033817 2.2754748 1.8021454 -0.03318128 -0.93763727
0 5 0.06699135 -13.706905 2.7367892 44.828144 4.517324 1.6598547 1.9499632 1.6321354 0.050286874 0.0446062
0 5 0.066639654 -13.064018 2.725883 40.794144 4.421449 1.6314096 1.8825587 4.528897 0.043279067 0.1261388
0 5 0.06592215 11.70404 2.076538 64.5865 5.111137 2.0070887 2.1068647 2.8723266 -0.021145932 -1.4294105
0 5 0.064027436 -8.54415 2.3463254 37.629654 4.9592 1.6386131 2.0117729 2.2893524 -0.010098964 -1.6781571
0 5 0.062421042 -41.599968 4.1148143 49.64828 4.515779 1.6483271 1.9227349 3.6111264 -0.008977803 2.67767
0 5 0.062052052 -12.165184 2.6653633 42.212227 4.616222 1.5673733 1.9075366 2.0221074 0.007543111 -0.090392426
0 5 0.06129471 -0.20764697 2.2907095 115.61151 5.796792 2.054664 2.1939878 1.8071958 0.052949063 -0.6373884
0 5 0.056023657 9.531366 2.1160321 52.932816 5.2750626 1.9146184 2.108315 2.724948 -0.02173179 -6.542081
0 5 0.055461787 40.47445 1.1387466 54.113377 12.391165 3.027248 2.8674116 6.4925056 -0.08729916 1.0762862
0 5 0.05517225 -38.6656 3.472777 45.394688 4.3318996 1.6231455 1.8511983 3.6531878 -0.004904098 0.029740319
0 5 0.054970834 -8.21895 2.7375953 92.758316 4.835018 1.5045129 1.9511917 1.6520519 0.0059353523 -6.015851
0 5 0.054856636 -5.303449 2.674555 100.67365 4.715001 1.4847815 1.9416714 1.5301673 -0.009151055 -4.017783
0 5 0.054451376 9.369045 2.0457559 54.316715 5.237624 1.9426663 2.1089153 2.7363129 -0.025625592 -5.6657386
0 5 0.053269073 -3.9656892 2.5550947 98.20078 4.6953044 1.5885429 1.9749411 1.696256 -0.0056732306 -2.8876083
0 5 0.05306072 -11.772609 2.5165558 41.052025 4.629438 1.5479404 1.905272 2.0189848 0.000448972 -0.5302855
0 5 0.052207857 -38.176994 3.5049467 44.86547 4.307596 1.6221977 1.8396808 3.6322286 0.019697042 0.034475844
0 5 0.05169693 9.495743 2.0340798 52.6756 5.3732185 1.9232541 2.1122785 2.6678226 -0.05489841 -5.888641
0 5 0.051297218 -10.310121 2.161731 42.68685 6.9566784 2.1699505 2.3151305 2.2246563 -0.08536532 -1.6338646
1 5 0.050499577 -1.103621 2.1374521 110.486 6.492469 2.3033817 2.2754748 1.8021454 -0.03318128 -0.93763727
3 5 0.33186325 40.47445 1.1387466 54.113377 12.391165 3.027248 2.8674116 6.4925056 -0.08729916 1.0762862
3 5 0.28192303 39.414436 1.1469761 55.297607 12.148697 2.9792485 2.8611012 3.3165898 -0.07157401 1.1260961
3 5 0.19242513 40.4656 1.2345103 52.771435 12.166356 3.0728128 2.8394678 6.623722 -0.09407713 1.584106
3 5 0.18009607 41.297466 1.204366 55.29526 12.520144 3.0154276 2.8613036 6.5239983 -0.08886567 1.851378
3 5 0.16323252 44.748665 1.9007158 55.64475 12.694423 3.2321084 3.3480384 3.774787 0.009617297 0.08597003
3 5 0.15347579 39.28071 1.1566646 57.457085 11.940217 2.9974782 2.8047352 3.405796 -0.111256376 0.9482883
3 5 0.1412463 40.46688 1.229049 56.96424 12.346724 3.0166051 2.8604245 6.4977927 -0.091684036 1.7597352
3 5 0.118343316 41.748207 1.6493336 54.532036 12.811367 3.277043 3.2317905 3.590311 0.011014415 -0.3385892
3 5 0.1126056 40.562965 1.1656368 55.244606 12.285161 3.114848 2.9103897 6.5673447 -0.0837325 1.2579576
3 5 0.11053637 41.93715 1.294666 54.66395 12.454813 3.1145475 2.8655145 6.5853863 0.0057464615 1.2300875
3 5 0.1048343 39.487946 1.1024361 55.653053 11.9265375 3.050428 2.8928213 6.5519447 -0.08370049 1.2006557
3 5 0.1043002 40.019398 1.222625 58.765305 12.011621 3.022241 2.7918355 3.3849974 -0.06911 1.2166029
3 5 0.10121633 40.554127 1.036067 52.42373 12.661051 3.3150446 3.2660081 3.611298 -0.068337895 -0.09172637
3 5 0.09086194 42.18221 1.2155391 51.969086 12.60391 3.2816882 3.309438 3.8881812 -0.030954193 -0.08120136
3 5 0.06329585 40.75919 1.1442143 62.110336 11.816966 3.0976474 2.7551863 3.4497612 -0.08091859 1.1758626
3 5 0.062032893 40.51812 1.0472214 61.50891 11.663677 3.084001 2.7318106 3.4931889 -0.11286855 0.58183664
3 5 0.06137746 -13.378 1.2397269 48.969597 11.876849 4.9187617 2.723341 1.2355528 0.076420575 1.121052
3 5 0.06088005 -13.962791 0.9000701 50.565956 11.750262 4.8734813 2.6459594 1.2605158 0.0772368 0.22227275
3 5 0.06031989 42.709854 2.3042798 54.53327 12.723808 3.146047 3.6403184 3.7257628 0.0022168178 -0.12222398
3 5 0.059969846 38.889225 1.0999386 56.74381 11.693455 2.9780812 2.8359041 3.4434092 -0.069157146 1.0967897
3 5 0.05968899 39.314274 1.138525 52.41005 12.425744 3.17156 2.8920646 6.634246 -0.051406898 1.4345706
3 5 0.05570209 40.67209 2.06425 54.40852 12.364953 3.1708038 3.51741 3.6632066 -0.0250894 -0.051559016
3 5 0.053585675 41.052544 2.2488112 52.981033 12.566055 3.3375561 3.0885108 6.743346 -0.03587284 0.60036534
3 5 0.053252608 40.399147 1.232192 51.712223 12.059744 3.0584042 2.8396716 6.711028 -0.015920004 0.5240598
3 5 0.052943032 -12.750912 1.3014517 47.524014 11.542863 4.8996387 2.7300754 1.2036102 0.092728056 0.6797629
3 5 0.05273217 32.01393 1.2901425 48.99643 8.438253 2.6843505 2.5310276 6.7427006 0.03619621 0.41315943
5 0 0.050541878 -26.318819 2.3816972 54.34283 1.7060785 1.713245 0.56387305 4.8715453 0.15177628 1.9541678
7 3 0.23831476 -7.1588793 2.0424736 20.123337 0.6884655 1.7331263 0.64467466 3.7217908 0.015519945 0.1783413
7 3 0.22261003 -7.0231805 1.99743 19.756634 0.68489814 1.7390618 0.65504557 3.6667478 0.09827308 0.016699024
7 3 0.21779497 -6.968277 2.0131214 19.61745 0.7415503 1.7470492 0.66889644 6.711763 0.070770845 -0.01713971
7 3 0.18620692 -7.1016746 2.0040703 19.933279 0.656322 1.7032288 0.6046486 6.7205915 0.008676974 0.047295026
7 3 0.18546696 -7.115012 2.025515 20.011515 0.730123 1.7403141 0.690655 3.7570279 0.033020414 0.11851943
7 3 0.10594285 -7.583537 2.0718126 21.174145 0.6907835 1.7206283 0.6888536 4.003169 -0.077143624 0.053427413
7 3 0.0906303 -7.207633 2.053224 20.140314 0.6895247 1.696914 0.65143335 4.062403 0.032191552 0.024166852
7 3 0.08746407 -7.26675 2.0701525 20.364937 0.68090194 1.6953677 0.6243381 4.091719 0.024254018 0.032004893
7 2 0.07557621 -7.64797 2.1204596 21.968782 0.7252073 1.7273135 0.6599426 3.8162742 -0.05634138 0.06893137
7 3 0.07463102 -7.376671 2.126685 20.394693 0.5953151 1.7728676 0.624154 3.8457084 0.07025358 -0.079427145
7 3 0.07431398 -7.3592777 2.0290794 20.5111 0.6817402 1.7172061 0.64618 4.101065 -0.06605025 0.09618052
7 3 0.073666304 -7.1151247 2.028999 19.533743 0.74394906 1.7580092 0.7019788 6.4470444 0.015405318 0.023105785
7 3 0.07365287 -7.3198943 2.0193653 20.170261 0.744408 1.7513907 0.71208847 6.636887 0.035346553 0.06394468
7 2 0.06931076 -7.519147 2.1070333 21.304626 0.70926815 1.7335693 0.67234385 3.803333 0.061085448 0.104508676
7 3 0.05867883 -7.116868 2.0196753 20.088186 0.6596376 1.7319543 0.61749005 6.7042713 0.027227776 0.060634345
7 3 0.056763556 -7.4012423 2.0458963 20.338522 0.6719954 1.7260311 0.65371364 6.6810784 0.14026886 0.21457121
7 3 0.05390499 -6.8211637 2.0457535 18.660295 1.1462917 1.7784547 0.7638774 1.2543917 0.04320518 -0.08569218
8 8 0.056343302 9.217582 1.6132617 10.373856 1.1121885 1.0482696 0.43980083 6.5928574 0.07732568 -0.015385807
