0 5 0.26294205 28.123287 1.2652348 35.541027 4.462072 1.5669188 1.8953245 3.3795528 -0.041031476 -0.022676816
0 5 0.22949797 27.925665 1.2576109 35.080807 4.4654016 1.5579395 1.8972063 3.3339932 -0.008328859 0.010207389
0 5 0.15519077 -4.2468147 2.2937918 81.76527 4.6154723 1.5279005 1.9330287 1.7635272 -0.03424795 -3.4193997
0 7 0.13804275 28.716288 1.608755 35.235687 4.3053436 1.5470662 1.8493576 3.4987547 -0.057606235 -0.07563695
0 5 0.12229682 30.723146 1.5076066 39.22679 4.261538 1.598481 1.8532385 3.4221585 -0.021300474 -0.07529835
0 5 0.11326739 27.527733 1.2952337 34.53477 4.4351263 1.5681515 1.889818 3.320817 -0.007343242 -0.014850224
0 5 0.11028464 -4.227203 2.2800379 82.97675 4.6459465 1.5293999 1.9193116 1.759702 0.014798416 -2.9484198
0 5 0.107167765 28.394358 1.2852827 35.737606 4.4890795 1.5753903 1.8910471 3.4029095 -0.008828313 -0.0033308566
0 5 0.104808606 29.974766 1.6155676 37.386612 4.2820296 1.61429 1.8519675 3.374012 0.0032237768 -0.8347133
0 5 0.10074342 -4.2559776 2.2693982 80.94572 4.6022296 1.5247614 1.9218919 1.7379627 -0.067113325 -3.8365452
0 7 0.094999894 29.724255 1.366077 37.871086 4.2580442 1.6234742 1.8612851 3.4075975 -0.0067318166 0.00012313761
0 5 0.09373365 28.395342 1.2546537 35.087246 4.453858 1.5566779 1.8765397 3.2578027 -0.059151627 -0.23815146
0 5 0.08548994 -3.157922 2.2223263 88.39618 4.793047 1.5957847 1.9416687 1.6792048 -0.04802994 -1.2670034
0 7 0.084925614 30.20984 1.4585247 38.19964 4.204289 1.600344 1.8220555 3.3239594 -0.0020138407 -0.27836752
0 5 0.08466655 -2.0559068 2.0198426 98.1969 4.9619036 1.7697526 2.0092304 1.7179503 -0.04290974 -1.0325507
0 5 0.07955754 -0.15843028 2.1799169 108.76991 4.932926 1.8300266 2.0354419 1.7608374 0.018400276 -0.89530766
0 5 0.07837578 0.18091626 2.3292565 109.78993 5.1146083 1.8833587 2.072927 1.8019701 0.06362128 -0.57767266
0 5 0.07810427 -11.209029 1.784862 38.51397 11.793774 3.1424057 2.9387746 2.2374864 -0.07942985 -2.2786884
0 7 0.077935494 28.799273 1.4931877 35.81779 4.2611933 1.5783591 1.8230962 3.3542736 -0.015922457 -0.49455673
0 7 0.075568974 29.96718 1.3462118 38.012386 4.207542 1.5896868 1.8021933 3.3034532 -0.011185281 -0.39814097
0 5 0.07360643 -3.3954604 2.275721 86.790375 4.7041974 1.590043 1.9338343 1.7478988 -0.0034538405 -1.9615544
0 5 0.06761775 -4.2822847 2.299871 80.40772 4.5329866 1.5116899 1.9316511 1.7356555 -0.08214543 -2.979823
0 5 0.062415224 -4.3139153 2.2680175 82.261444 4.620271 1.5482705 1.9444762 1.7893258 -0.010257748 -2.4870439
0 6 0.062023073 -4.8741803 2.2380338 81.21752 4.551254 1.5323215 1.9214242 1.6815643 -0.05760631 -3.6019971
0 5 0.060601346 27.46136 1.2880621 34.851036 4.3945603 1.5842189 1.8871893 3.3611937 -0.04399298 -0.02861166
0 5 0.05896172 -35.42526 3.1240125 58.11671 4.199309 1.5783061 1.8030331 4.4303517 0.22102807 2.8111641
0 5 0.058800623 27.26934 0.8127814 34.723915 4.533918 1.6018946 1.9009433 3.4803395 -0.051501878 -0.030501945
0 5 0.054138303 27.563833 1.3331121 33.989082 4.4306097 1.5585558 1.8752974 3.2673898 -0.030670047 -0.03622602
0 5 0.053904966 43.145493 0.42137074 51.459553 4.4689465 1.624937 1.9055698 2.9711823 -0.06382801 -0.04037989
0 5 0.052669562 27.973917 0.8023264 35.392845 4.5565944 1.5867418 1.9058526 3.410129 -0.053816736 -0.023842927
0 5 0.0526295 -2.115906 2.0850246 97.462875 4.755461 1.6664833 1.9609863 1.6949121 -0.004348684 -0.97833276
0 5 0.05251181 -4.2852316 2.2623482 81.3318 4.5599627 1.5361989 1.9207779 1.7192398 -0.029695503 -2.4092672
0 5 0.052492835 -0.008410032 2.244924 110.106064 4.7971144 1.7304796 2.0126193 1.7752539 -0.03256632 -0.0626082
0 5 0.052048936 29.314186 1.5348244 36.024155 4.3077326 1.5601668 1.8457514 3.4734018 -0.054811716 -0.18665317
1 5 0.056327987 -2.0559068 2.0198426 98.1969 4.9619036 1.7697526 2.0092304 1.7179503 -0.04290974 -1.0325507
3 5 0.31991622 -11.209029 1.784862 38.51397 11.793774 3.1424057 2.9387746 2.2374864 -0.07942985 -2.2786884
3 5 0.20534828 -10.815014 1.7982879 38.007256 11.422946 3.0635853 2.8669376 2.4000702 -0.05610796 -3.0216877
3 5 0.17557174 -14.245295 3.0560703 43.69411 11.535848 3.2579226 2.8798425 5.1535683 0.0030441005 -0.19446442
3 5 0.17374201 -13.255547 2.3634977 42.814453 11.614496 3.242314 2.9625835 5.151486 0.0028371047 -0.22133395
3 5 0.16412285 -19.201925 2.1729202 38.72388 12.151011 3.5265214 2.8687916 4.407082 0.039430946 1.2383684
3 5 0.1465582 -14.845745 2.5298798 34.687763 12.213504 3.230011 2.7529385 4.6631055 0.0059154835 1.032041
3 5 0.13903274 -14.213985 2.803612 40.600773 11.754308 3.2628808 2.8921309 5.1242967 0.14026178 -0.29439884
3 5 0.13087618 -16.624725 2.6813388 36.235447 12.428348 3.3737447 2.8315036 4.5201955 0.027272431 1.0678339
3 5 0.13040018 -8.365342 1.9822857 24.81473 6.4963913 2.7464485 2.078 5.1052294 0.024152128 0.029323235
3 2 0.122984566 -8.809336 2.3792386 20.886103 3.8316126 2.5187173 1.5274923 4.467011 0.1046384 0.26504916
3 5 0.11968609 -10.827062 1.739534 38.294594 11.616166 3.139945 2.91641 2.1513498 -0.059305295 -1.744775
3 5 0.118307814 -14.3080635 2.0271294 41.3794 11.852694 3.20653 2.9804518 5.110522 0.039417863 -0.13175198
3 5 0.117931165 25.34478 1.2752898 139.28299 12.56271 3.120353 3.0287867 4.8758383 0.034816116 4.6320577
3 5 0.10199861 -10.485878 1.7622411 37.12633 11.49953 3.0772412 2.8896432 2.3296828 -0.010217614 -1.8114235
3 5 0.09572496 -13.687132 2.4101915 35.553383 12.268049 3.148183 2.7047532 4.839192 0.09171659 0.41738573
3 2 0.09337575 -7.4029164 2.247456 18.88199 2.4020946 2.533327 1.0692656 4.592705 0.09094339 0.28510174
3 5 0.08772452 -12.693835 2.037922 38.183296 12.12579 3.0554848 2.796681 5.2554035 0.036631815 0.07958399
3 5 0.087413244 -19.551723 2.1204205 39.05177 12.056153 3.4906304 2.88663 4.4020424 0.061710253 1.1643134
3 5 0.08634351 -11.558693 1.7375599 39.694416 11.878806 3.2697783 3.0255425 2.1732311 -0.023867294 -0.67935306
3 5 0.0852407 -11.073114 1.8767335 36.18464 12.220868 3.3091607 2.8874984 5.169143 -0.0020830901 -0.91685086
3 5 0.08119577 -18.762684 2.2095673 38.064922 12.342563 3.471057 2.8850405 4.444658 0.00043528527 1.9391279
3 5 0.08096058 25.482933 1.2605542 141.79724 12.417386 3.0888314 3.043686 4.8998113 -0.012307536 5.344541
3 5 0.07921937 -17.013859 2.219953 36.38744 12.299879 3.4796686 2.925027 4.51484 -0.0448116 2.263752
3 5 0.07272836 -12.425674 2.84909 41.813496 11.376196 3.2315822 2.8312407 5.321142 0.11207757 -0.5573193
3 5 0.06923087 -12.166222 2.0064163 33.41974 11.889978 3.24265 2.7765005 4.8276353 0.10650812 0.2558113
3 5 0.06348202 -12.85752 2.243931 42.554684 11.765036 3.153119 2.9370584 5.350153 0.026545743 -0.97892666
3 5 0.061479893 -13.575719 2.2767105 40.798492 11.190322 3.261719 2.8257635 5.1059494 0.05721516 -0.005963359
3 5 0.058905233 24.711966 1.2807229 135.60234 12.500763 3.1516728 2.9595437 4.888467 0.039468683 4.7369328
3 5 0.056522444 25.927902 1.2612721 142.26834 12.623842 3.076581 3.0263417 4.9063926 0.01916602 4.5201564
3 5 0.051294178 -16.248747 2.2532754 34.921036 11.91136 3.5356717 2.8872302 4.4992704 0.03592831 1.1602664
3 5 0.050370306 -20.173685 2.2768831 40.516315 12.5498905 3.4508538 2.8681722 4.517609 -0.0053307246 2.0892375
7 2 0.47563502 -7.107712 2.087727 17.935362 0.89082 1.7611389 0.7895821 3.6681662 0.38712615 0.5739841
7 2 0.28343076 -7.247615 2.1238532 18.299757 0.8674325 1.7441654 0.7182863 3.6735976 0.21272603 0.52668643
7 2 0.28047383 -7.075435 2.101614 17.833176 0.96288276 1.785148 0.8427757 3.7404447 0.2588021 0.51275206
7 2 0.20198558 -7.2304754 2.1151745 18.202383 0.90887433 1.727045 0.75979114 3.800031 0.3992566 0.7603317
7 2 0.111706585 -7.264718 2.1088424 18.411455 0.83004516 1.7306855 0.71616256 6.6692576 0.26604766 0.61370486
7 2 0.08648881 -8.809336 2.3792386 20.886103 3.8316126 2.5187173 1.5274923 4.467011 0.1046384 0.26504916
7 2 0.0832608 -7.953921 2.1311095 19.92094 0.8398256 1.7008997 0.7258636 3.7225454 0.046988204 0.49298143
7 2 0.08222388 -7.4029164 2.247456 18.88199 2.4020946 2.533327 1.0692656 4.592705 0.09094339 0.28510174
7 2 0.0804072 -6.8868847 2.0386257 17.424932 0.915505 1.7911019 0.80306065 3.7847686 0.23861636 0.400949
7 2 0.06843842 -7.8663387 2.120019 19.626213 0.7886893 1.6893535 0.69983524 3.7517905 -0.00896662 0.4769982
7 2 0.06311524 -6.7647 2.0576026 17.157934 0.9586659 1.8121749 0.8265361 3.918447 0.29419002 0.8184352
7 2 0.061090067 -7.8124747 2.1931727 19.605227 0.8309813 1.6488795 0.6791695 6.682544 0.13793735 0.36026472
7 2 0.058682527 -7.3843017 2.1186612 18.292572 0.8908217 1.7911328 0.73164326 4.053212 0.18367472 0.55189645
7 2 0.05348676 -6.8743906 2.0581777 17.520746 0.8879013 1.7754889 0.78922933 3.8011513 0.27598536 0.8310649
7 2 0.051213607 -7.568766 2.146747 18.647982 0.9581292 1.7528558 0.7273271 3.981319 0.4027252 1.0009432
8 8 0.07654503 18.0688 1.3990214 23.990023 0.33491984 0.7408635 0.34113583 3.3112314 -0.014947577 0.025255475
8 8 0.07485375 18.309944 1.3621542 24.351864 0.31053612 0.7451495 0.3135255 3.4672427 0.0089713875 0.04083299
8 8 0.061222687 17.832043 1.4088604 23.404423 0.34041137 0.72394246 0.35269937 3.2441306 0.00924772 0.020205934
8 8 0.06106871 18.233477 1.4314111 24.263258 0.35687292 0.83561474 0.38749498 3.7096086 -0.028051274 -0.015752336
8 8 0.055924304 18.419453 1.3912553 24.56512 0.31361663 0.7132773 0.31409228 3.1011553 -0.009249661 0.041567676
8 8 0.055592135 18.506184 1.417301 24.649942 0.34707326 0.85407645 0.37320092 3.830039 0.002047738 0.00041911937
8 8 0.053363472 18.318638 1.3876233 24.289564 0.3341935 0.7128161 0.3346154 3.1481977 -0.026324904 0.03631493
