0 5 0.47591007 20.771017 1.6626527 60.8769 5.1819034 1.9280735 2.1318972 3.0279136 -0.029244352 -2.1560621
0 5 0.44717517 -10.55227 2.0643039 15.796694 4.826999 1.5534859 1.9203389 1.6823617 -0.023822954 -1.9496461
0 5 0.38359743 -2.086414 2.0896938 43.525703 4.795083 1.5823013 1.9795742 2.698733 -0.06871093 -4.297016
0 5 0.29767376 -2.1112382 2.0688362 43.787937 4.840988 1.5672396 2.0007558 2.7054684 -0.059697352 -4.1352897
0 5 0.27381307 -2.1295376 2.07476 43.102985 4.795297 1.5827222 1.9874896 2.7103033 -0.021206854 -5.1759195
0 6 0.2548728 -10.814904 2.0898018 16.152987 4.761862 1.599658 1.927066 1.6653063 -0.043073554 -1.6100392
0 5 0.23403747 21.043095 1.6810391 61.818268 5.1991467 1.9537052 2.129946 3.0359676 0.001395708 -1.2111083
0 5 0.2015967 20.547258 1.7358131 59.962646 5.1186438 1.9116464 2.0881503 3.038971 -0.06946198 -2.2805448
0 5 0.17123005 -13.330847 2.3051758 53.80674 4.695366 1.5714152 1.9413977 4.3147783 -0.016895687 8.368143
0 5 0.16891964 13.01773 2.0705476 89.62101 4.672518 1.6379148 2.0085127 4.8843803 0.029256133 12.142385
0 5 0.14214572 -13.492835 2.3129501 54.731712 4.6794777 1.601737 1.9533294 4.345054 -0.0061841337 7.4631915
0 5 0.13356061 12.911031 2.1074872 89.05762 4.6600795 1.6219915 2.0079286 4.880378 -0.05824738 12.874921
0 5 0.13023624 -13.394467 2.3258157 54.245525 4.6751246 1.6014776 1.9586328 4.3080025 0.013054794 7.658536
0 5 0.12597507 -17.954094 2.4891133 22.306808 4.513308 1.6586038 1.9002036 4.4150486 0.069674544 0.42925882
0 5 0.104749896 20.359886 1.6821167 59.750015 5.23898 1.9719056 2.097101 2.9430203 -0.07777914 -2.13361
0 5 0.079803 -2.6675875 2.4412198 51.402588 4.7033725 1.5728846 1.9492475 2.8617725 0.006249752 0.04733704
0 5 0.076050125 -13.46835 2.4020448 53.61063 4.632897 1.6308627 1.9798976 4.0318136 -0.052316763 4.6206646
0 5 0.07546124 -1.9960914 2.2813716 50.000896 4.6772594 1.6046091 1.968486 2.9006238 -0.04706576 -0.97805357
0 5 0.07537762 -2.5398223 2.2960873 51.232933 4.607874 1.5722708 1.9219056 2.8500345 -0.032578006 0.050978944
0 5 0.07418798 13.341479 2.1049871 91.93703 4.6635704 1.6368908 1.9487749 4.7772613 -0.01741101 11.955016
0 5 0.07283714 -13.811806 2.3967845 53.392025 4.851405 1.6276898 1.9851937 4.144788 -0.013101793 5.655288
0 5 0.07224779 -13.5289955 2.3801608 52.965397 4.7639294 1.646099 2.0044572 4.123769 0.026169954 7.0636244
0 5 0.07139166 -2.0953696 2.3249521 50.261417 4.678561 1.6002169 1.976913 2.9213345 -0.037602976 -0.36778477
0 5 0.06609786 -13.103012 2.3423073 53.471233 4.78517 1.6313096 2.0095453 4.146846 0.030800989 5.1102614
0 5 0.0645489 -18.380783 2.4976075 23.307219 4.552738 1.610719 1.8762513 4.6354647 0.06217596 0.636301
0 5 0.056285422 13.2069435 2.0783348 91.00004 4.656604 1.6704164 1.9981542 4.8151245 -0.0039006872 11.306193
0 5 0.055891454 -13.552763 2.3262246 55.90837 4.624578 1.6373614 1.9720962 4.374327 -0.030458724 6.9381995
0 5 0.055573273 -13.015648 2.097026 53.082092 4.7285867 1.600177 1.9531226 4.270932 -0.04161185 10.282576
0 5 0.05521875 -10.974779 1.9637415 16.439392 4.645102 1.5723058 1.8749169 1.5611832 -0.07289783 -1.7806969
0 6 0.055165004 -23.251425 2.6672213 27.583164 4.57059 1.7769219 1.9331256 4.4559875 0.09056554 2.1841798
0 5 0.055046596 18.903181 1.583055 56.051205 4.694731 1.803089 1.9573166 3.0552058 -0.04812868 -2.5105467
0 5 0.053949088 -13.713503 2.490416 54.512016 4.807452 1.6315424 1.9833095 4.1061163 -0.03370592 6.1400423
0 5 0.051978808 -17.889153 2.5074606 22.5301 4.5259676 1.5883939 1.886518 4.719879 0.014290491 0.018445782
0 5 0.050883308 -22.23217 2.636087 26.86912 4.5148134 1.7494427 1.9121741 4.5296 0.1066035 0.42998827
0 5 0.05082235 -20.109236 2.2386508 70.66183 4.569052 1.6589397 1.9259748 4.3267083 0.09569532 8.932879
1 5 0.07925219 -0.075954124 1.8243338 93.324684 8.078637 3.0905757 2.8387382 4.701805 -0.10959405 3.4250762
1 5 0.06696283 -0.2380751 1.7370664 94.17813 7.614033 2.9789076 2.817512 4.728478 -0.07462658 3.524962
1 5 0.057752073 20.771017 1.6626527 60.8769 5.1819034 1.9280735 2.1318972 3.0279136 -0.029244352 -2.1560621
1 5 0.057463244 -0.020179007 1.6263297 97.49272 8.127869 3.0019112 2.8477051 4.7966094 -0.07430636 2.2613082
1 5 0.05575295 -0.17263485 1.6314533 99.77196 7.600626 2.9137065 2.8044896 4.820347 -0.0660838 2.5356984
3 5 0.1321099 -13.402079 1.215585 52.23169 12.670379 4.8530674 2.802803 1.1683921 0.06977493 1.9790252
3 5 0.08244287 -13.93836 1.1692553 53.24587 12.635047 4.7576466 2.806958 1.1565831 0.10684638 3.3221204
3 5 0.08158303 -12.577395 2.2596211 41.447113 9.2501 3.476676 2.5254564 4.045748 0.02484526 -0.7023293
3 5 0.07885516 22.554934 1.5922672 126.41233 12.492311 3.000927 3.043661 4.756326 0.015791895 2.1895823
3 5 0.06673763 -10.916976 1.9469916 37.854557 9.177195 3.445305 2.6627712 4.2139587 0.017907111 -0.32705632
3 5 0.06337251 -13.742759 1.8603674 48.087986 8.912783 3.5425634 2.7068458 1.049697 0.039145827 -1.0726514
3 5 0.063147016 -13.779004 1.7385955 55.393246 11.432752 3.889493 2.8398821 1.1214851 -0.0075886445 2.0044823
3 5 0.06055051 -0.075954124 1.8243338 93.324684 8.078637 3.0905757 2.8387382 4.701805 -0.10959405 3.4250762
3 5 0.05770921 -15.532927 1.320237 54.80839 11.837754 4.1613183 2.912697 1.2091489 0.05785662 -1.3257823
3 5 0.05562648 -14.555741 1.453819 51.286194 9.922076 3.6552937 2.7660198 1.2043345 0.022826223 -1.4752244
3 5 0.05210906 -25.930986 1.4747341 75.097595 9.420026 2.7372742 2.5582414 4.2486815 -0.050897956 5.2121606
5 0 0.2571125 7.961493 1.5119758 9.269 1.6958289 1.1313946 0.5154542 4.1446023 -0.062696815 0.036821987
5 1 0.22605796 7.706115 1.4926429 8.99048 1.7336732 1.1703196 0.52807987 4.1585484 -0.025685277 0.040973112
5 0 0.11890073 7.7656054 1.5072014 9.151864 1.6425537 1.1466681 0.4960598 4.104052 -0.027723122 0.020118818
5 1 0.11214053 8.450344 1.6043632 10.075659 1.8053155 1.1175026 0.4733787 3.8532538 -0.021526283 0.008918572
5 0 0.09635415 8.178759 1.5256755 9.523669 1.6786034 1.1333458 0.5635293 4.3040996 -0.021307478 -0.03506636
5 1 0.07152091 8.539337 1.5803561 10.178621 1.8045156 1.0917372 0.507443 3.8835015 -0.02215999 0.055823155
5 0 0.06765194 8.002452 1.5363462 9.400404 1.6037191 1.173043 0.52954036 4.129544 -0.008951904 -0.009044
5 1 0.05965806 8.116979 1.5955465 9.769741 1.8191019 1.118238 0.50179076 3.9277823 0.009293066 0.046700127
6 0 0.07629492 7.961493 1.5119758 9.269 1.6958289 1.1313946 0.5154542 4.1446023 -0.062696815 0.036821987
6 1 0.07045679 7.706115 1.4926429 8.99048 1.7336732 1.1703196 0.52807987 4.1585484 -0.025685277 0.040973112
7 3 0.29256725 -7.308977 2.0631459 21.930477 0.652947 1.7065508 0.6261258 6.3241863 0.11037087 -0.0209512
7 3 0.2638661 -7.3373632 2.094227 22.069342 0.6546391 1.7119807 0.59250945 6.3548865 0.08032524 -0.050915167
7 3 0.24614115 -7.5273504 2.087245 22.400595 0.61654586 1.7230829 0.61461234 6.722083 -0.062076524 0.022664774
7 3 0.2076884 -7.607941 2.095426 22.571407 0.6391648 1.7320715 0.6121191 6.7114363 -0.062812656 0.019236099
7 3 0.1836979 -7.38139 2.0911493 22.104986 0.6705556 1.7117482 0.6004783 6.3594813 0.03266739 0.026004247
7 3 0.12756804 -7.419494 2.103369 22.230976 0.66995025 1.7555497 0.6369736 6.4630117 -0.0038863504 0.031120878
7 3 0.12705714 -7.291828 2.0967658 21.674374 0.6318273 1.7288281 0.594773 6.7339697 -0.024733817 0.088765554
7 3 0.11754272 -7.6828437 2.0983977 22.718124 0.647054 1.7286288 0.6493354 6.7131276 -0.10556792 0.0397095
7 3 0.11695388 -7.19223 2.0738735 21.36319 0.6375202 1.7288498 0.60078514 6.667567 -0.032911316 0.07236532
7 3 0.09203762 -8.013782 2.1847315 24.327885 0.68521714 1.7355329 0.5919513 6.529283 0.04822667 -0.016715162
7 3 0.078088306 -7.5370636 2.098007 22.267101 0.6501469 1.7387279 0.6109626 6.235724 0.0781382 -0.0031201746
7 3 0.072234154 -7.4589114 2.1054678 22.068989 0.62904435 1.705168 0.6070202 6.7117696 -0.07641571 0.04491657
7 3 0.06003665 -7.398764 2.049214 21.958801 0.6547935 1.7582085 0.59029055 3.647711 0.005377533 0.46668983
7 3 0.056398705 -7.31975 2.0966158 21.902615 0.67136794 1.7481432 0.624287 3.707347 -0.09461662 0.13275835
