0 5 0.4683181 24.103115 1.4453592 53.64762 4.7791586 1.7657231 2.023716 2.992521 -0.02688025 -2.686535
0 5 0.32453817 3.2690432 1.999677 48.0546 4.750259 1.5680531 1.9693675 2.7809458 -0.048243124 -5.5684233
0 5 0.2896307 3.2984085 1.9831352 47.792328 4.7721157 1.5858103 1.9741591 2.735916 -0.045423098 -4.668849
0 5 0.2720765 24.534437 1.4801927 54.449757 4.785684 1.7530493 2.0121021 3.0222108 -0.078417875 -1.476045
0 5 0.2708922 -10.814512 2.1132898 28.624407 4.754212 1.6169667 1.9656311 1.8805716 -0.03685158 -5.384904
0 5 0.25419518 3.4616125 1.9973803 48.458473 4.753257 1.5694683 1.9676553 2.7313423 -0.07275812 -6.7547355
0 5 0.25293747 24.655699 1.4848918 55.0607 4.8468685 1.7736264 2.0449739 3.0421944 -0.038717568 -3.0260835
0 5 0.1866291 -10.505446 2.14697 27.817904 4.7542133 1.6857053 1.8790842 1.8171817 -0.096695885 -4.687867
0 5 0.17084457 -10.358275 2.1692467 27.306515 4.7134457 1.6793092 1.8779333 1.8507954 -0.102228016 -6.977409
0 5 0.1671042 25.175833 1.580967 56.1274 4.8699884 1.7902408 2.048108 3.075693 -0.0783114 -2.0419095
0 5 0.16625997 -11.071784 2.0158324 29.58599 4.899795 1.6698836 1.9289368 1.7423878 -0.03660045 -4.2123356
0 5 0.16090155 23.738274 1.4230909 52.737713 4.7956524 1.7923089 2.0154088 2.9798884 -0.050323486 -4.069033
0 5 0.14989477 -10.992557 2.1302683 29.049343 4.6510453 1.6887008 1.9041897 1.8698809 -0.1805151 -5.9679117
0 5 0.119296186 -10.721298 2.2650187 28.412722 4.6757383 1.6175575 1.8892553 1.8796043 -0.09048462 -5.1726933
0 5 0.11592635 24.431673 1.4844084 54.253456 4.83107 1.7747848 2.037804 3.0837624 -0.046920612 -3.279773
0 5 0.092963606 39.46976 0.26139206 54.017 4.426773 1.6794348 1.9169339 5.439724 0.034774832 6.713959
0 5 0.08731192 40.099087 0.24614215 55.02566 4.441645 1.6859767 1.921203 5.4227176 0.009852616 7.1429515
0 5 0.085042685 4.7118554 2.1025543 69.99932 4.632307 1.6240327 1.9282444 2.350619 -0.10857957 -1.4718701
0 5 0.08191435 -7.402548 2.316164 89.16354 4.855225 1.4581968 1.9661487 2.1749878 -0.029055987 -2.876721
0 5 0.079556055 4.3845854 2.0921416 71.653915 4.6313176 1.6501749 1.9462597 2.393447 -0.08380295 -1.5029664
0 5 0.07942061 -3.754298 2.2077575 94.1643 4.73844 1.5763631 1.9714078 1.797857 -0.05210492 -2.0522404
0 5 0.07857721 4.8039923 1.9824473 80.45325 4.625547 1.683845 1.9773395 2.2336166 -0.031005118 0.09075803
0 5 0.07685559 7.9645467 2.0473387 72.5233 4.6764927 1.58192 1.9669118 4.798315 -0.22316213 8.530738
0 5 0.07676544 8.258988 2.0016143 74.333435 4.6869287 1.5851454 1.9841301 4.7265625 -0.14480293 7.5902224
0 5 0.075666316 -3.9726949 2.2232924 95.00014 4.775792 1.5667238 1.97256 1.8156291 -0.01911939 -1.9246213
0 5 0.07553908 -11.481001 2.1353536 30.213373 5.770628 1.7259822 2.0269065 1.8434794 -0.0275356 -2.0444045
0 5 0.07410013 -3.41771 2.0051165 97.40717 4.7192693 1.6833665 1.9805623 1.7818097 -0.0380681 -0.42907417
0 5 0.07203102 8.278383 1.9571702 73.778076 4.669039 1.601935 1.9877737 4.713851 -0.16845287 8.516386
0 5 0.07053286 26.875275 1.4668095 59.756535 4.608337 1.7261412 1.985453 3.211515 0.023705428 -1.1586514
0 5 0.070504926 5.5421815 1.9268401 85.36333 4.638984 1.6767412 1.9699857 2.239897 -0.040295795 1.2563068
0 5 0.06929627 -7.35744 2.195289 88.53234 4.818486 1.4326895 1.9582742 2.2188625 -0.027970096 -3.1538246
0 5 0.06785016 6.04744 2.0759983 77.33177 4.5962534 1.6059365 1.9228747 2.2926815 -0.10576016 -0.6378841
0 5 0.06740707 3.825567 2.0851536 75.70219 4.531989 1.6723422 1.9587522 2.258191 -0.019702332 -0.77943474
0 5 0.067282125 22.891953 1.2774786 51.135136 4.4103603 1.5924939 1.8696095 3.3971813 -0.08644213 -0.7324861
0 5 0.066695735 4.188995 2.149089 80.27632 4.5685525 1.6908579 1.9683641 2.204064 -0.030991338 -0.041522175
0 5 0.06338586 1.736852 2.3557281 79.31955 4.391878 1.6145017 1.9116681 5.2171345 0.027712317 2.673823
0 5 0.0626749 40.43191 0.20944095 55.55466 4.459266 1.6921659 1.92275 5.3953204 -0.00749065 8.515664
0 5 0.06198362 1.7195832 2.348568 81.730644 4.420572 1.6324877 1.9151856 5.205647 0.011259275 1.5657326
0 5 0.061039526 -7.465696 2.2927194 90.34502 4.8811116 1.4592853 1.972162 2.1708124 0.0010753591 -3.0492885
0 5 0.060822703 -52.268604 3.1102304 61.90685 4.771238 1.7964051 2.0046904 3.650041 0.024484279 6.4719234
0 5 0.060610633 2.3628016 2.3059998 75.33183 4.4327636 1.63166 1.924182 2.1476326 0.03214422 0.5605243
0 5 0.05834573 7.455993 2.12045 71.25422 4.646974 1.5693104 1.9404117 5.020721 -0.19584851 3.001444
0 5 0.057979148 6.9939704 1.8207407 91.982025 4.6488814 1.6714432 1.9780265 2.197267 -0.06533249 0.94307244
0 5 0.05585955 8.198796 2.034097 73.3181 4.661277 1.5830587 1.9665706 4.7493744 -0.23133501 7.978586
0 5 0.055785008 8.926592 1.9794617 77.07875 4.6844926 1.6162151 1.9827983 4.6922407 -0.13373166 7.705876
0 5 0.055244096 1.8134031 2.3047032 85.33789 4.4342165 1.663185 1.9280535 5.2204747 0.056542724 1.2897561
0 5 0.05495018 9.033347 2.0053124 77.77932 4.7087226 1.6158025 1.9898709 4.6895013 -0.06193742 6.3873143
0 5 0.05427287 40.69899 0.2287755 56.29715 4.442321 1.6705656 1.9215696 5.3857102 -0.031615257 6.9035044
0 5 0.05378144 4.1860375 2.1530468 61.447735 4.5836306 1.6106075 1.9106978 2.4734476 -0.10994924 -2.2855003
0 5 0.053122953 -6.243048 2.3159919 92.27996 4.8645635 1.48574 1.970817 2.081151 0.0040973313 -2.5733733
0 5 0.050145235 24.50064 1.1360241 53.322945 4.355106 1.5904753 1.8629189 3.487015 -0.13647698 -0.19969633
3 5 0.16576926 21.598265 1.4448985 119.68427 12.757428 2.8732567 3.0971553 4.754608 -0.032272156 2.7087464
3 5 0.14765653 -12.189168 1.0341631 43.70474 12.263535 4.3118324 2.8515851 1.1775066 0.017235411 -0.39518368
3 5 0.12736425 -10.814512 2.1132898 28.624407 4.754212 1.6169667 1.9656311 1.8805716 -0.03685158 -5.384904
3 5 0.11859919 21.500114 1.4641566 120.75401 12.509898 2.8091598 3.0601556 4.775558 -0.04696031 2.2888675
3 5 0.11633282 -12.04782 1.0949702 44.341133 12.103496 4.3536005 2.8280382 1.2022741 0.0003698375 -0.4902885
3 5 0.110273056 -14.419822 1.3655386 44.16536 11.365889 3.956439 2.9235966 1.4723272 -0.011098055 -2.1312642
3 5 0.09349996 -11.071784 2.0158324 29.58599 4.899795 1.6698836 1.9289368 1.7423878 -0.03660045 -4.2123356
3 5 0.093251005 21.459303 1.4089332 116.4037 12.754895 2.9358957 3.0786777 4.7521744 -0.05255004 3.0208373
3 5 0.08889661 -13.404719 1.2182424 43.4539 11.537127 4.019854 3.0228117 1.5678177 0.036207117 -1.997019
3 5 0.07467481 -13.916228 1.005523 44.47791 11.041932 3.968085 2.9893823 1.4452621 0.013088686 -2.0682702
3 5 0.07154918 19.004448 1.6157631 114.48494 12.497515 2.7846334 2.959281 4.7341113 -0.14926845 5.333415
3 5 0.06866842 21.906996 1.3543098 120.09521 12.592423 2.8531947 3.0679855 4.7722 -0.08432754 2.419414
3 5 0.068193085 -45.713326 1.7774974 103.153244 12.457415 3.7674072 3.0394669 1.3647048 0.048827186 -1.0490296
3 5 0.06717792 -12.287521 1.1804256 42.518627 12.468257 4.2278895 2.870556 1.051298 0.044206813 0.64915454
3 5 0.06679525 -12.6866865 1.0680522 45.60996 12.891029 4.4249043 2.9930253 1.27757 0.023221834 -0.5599181
3 5 0.066402756 -45.162952 1.6641463 100.57063 12.677098 3.6716845 2.9865932 1.1935805 0.05722166 0.42970484
3 5 0.06594204 -41.298573 1.9831263 99.322014 12.235871 3.4672494 2.95349 1.583149 0.11313114 -0.2875296
3 5 0.065417945 -43.036293 1.7750182 97.741 12.86137 3.556149 3.0259192 1.3078388 0.055771478 -0.029622257
3 5 0.06400479 -43.170258 1.6362542 101.615036 12.305617 3.5252488 3.051261 1.4781461 0.05879867 -0.49464506
3 5 0.06375929 -44.05254 1.7558339 99.82958 12.606585 3.6959023 2.9460924 1.2513133 0.0389425 0.10042166
3 5 0.06339591 -13.889159 1.632952 45.067623 11.617433 3.8071742 2.9753737 1.6899674 0.010173611 -1.8411623
3 5 0.0623202 -50.09202 1.9721304 109.59451 12.28112 3.896002 2.9717057 1.1742272 0.028850326 -1.1559538
3 5 0.061611302 -46.65617 2.1234226 106.308136 12.408377 3.7069042 2.9942143 1.3894191 0.068285085 -0.9602111
3 5 0.057823606 -12.356848 1.0550437 45.603672 12.39758 4.460853 2.7599866 1.1767502 0.12855451 -0.16223913
3 5 0.05701923 18.847136 1.6965047 113.22573 12.880789 2.9389725 2.9524746 4.7129474 -0.0942421 4.663255
3 5 0.05543013 -42.401886 1.7928683 97.96217 12.432752 3.6021097 2.9461832 1.3122725 0.010864902 0.04287196
3 5 0.054773923 -41.48266 1.8482639 96.31505 12.831181 3.4792993 3.031988 1.339058 0.032343738 -0.83134055
3 5 0.053883474 21.465475 1.3472779 111.72049 12.699006 2.929199 3.0522428 4.7681594 -0.029153112 2.7190795
3 5 0.053181797 -44.46111 1.7234366 98.92611 12.945622 3.6142988 3.0458784 1.2519112 0.052188598 0.7568852
3 5 0.05311331 -38.52936 2.1260788 94.03682 12.0889 3.2423992 2.9539776 1.5323532 0.10705452 -0.9468928
3 5 0.052126486 -12.704882 1.1378839 42.959045 11.154635 4.115762 2.9458168 1.5059022 0.054628618 -2.1408784
3 5 0.051855955 -48.598854 1.7505888 106.51221 12.316943 3.8325565 2.999495 1.1676229 0.017963054 -1.4446467
3 5 0.051846657 21.76273 1.3252745 117.09273 12.620952 2.9345586 3.0518148 4.7482343 -0.090702556 2.8226705
5 0 0.16280822 8.741743 1.5565826 10.855141 1.6824512 1.6690744 0.63402194 4.405577 -0.04940956 -0.0018258337
5 0 0.13837604 8.519135 1.5051677 10.618711 1.6816871 1.6629018 0.60143197 4.4116645 -0.1236643 -0.038905
5 0 0.13429432 9.0140505 1.4832318 11.22157 1.6829244 1.6727837 0.6221923 4.3350177 0.0066983867 0.027286123
5 0 0.12213523 9.207275 1.5182943 11.336541 1.7616233 1.5619373 0.6172435 3.5520566 -0.1360308 -1.3586544
5 0 0.095309824 8.792248 1.4461299 10.974421 1.6899467 1.6671889 0.591579 4.2933545 -0.14354461 0.0059505273
5 0 0.089965835 8.905016 1.4955251 10.927602 1.6657244 1.6977365 0.61967784 3.9798808 -0.011835184 -0.14498019
5 0 0.08794066 9.183388 1.5414048 11.401316 1.8293582 1.5466462 0.6379615 3.7473338 -0.027718354 -0.75733864
5 0 0.08133119 9.348809 1.5301728 11.493044 1.6134964 1.5935894 0.5940398 3.4615097 -0.15956683 -0.95621073
5 0 0.07637299 9.111042 1.5060399 11.248925 1.7917747 1.5312699 0.6280071 3.3823354 -0.10147197 -1.0286314
5 0 0.07380338 9.163699 1.5258821 11.429141 1.8264797 1.4922653 0.63512623 3.595201 -0.05803383 -1.0250295
5 0 0.07334471 8.784034 1.5438721 10.783562 1.741201 1.6962619 0.6268841 4.6074867 -0.16685073 -0.03722202
5 0 0.07054275 9.265012 1.4851003 11.37615 1.1202109 1.6019441 0.6155133 2.6204748 -0.12656064 -0.03313293
5 0 0.066115886 8.6947565 1.4836488 10.688697 1.648935 1.7036945 0.586818 3.5905433 -0.11806728 -0.027583066
5 0 0.06543321 8.475333 1.535372 10.764453 1.7190533 1.6250389 0.59524846 4.2287865 -0.07910444 0.016597677
5 0 0.05737837 8.533114 1.4885802 10.839199 1.6637027 1.6341827 0.58159024 4.2006793 -0.06244088 0.014535002
5 0 0.053620167 9.019746 1.4799442 11.109924 1.6980003 1.7145549 0.5828608 4.242665 -0.1832724 -0.018337134
5 0 0.053251065 8.879557 1.4952108 10.792504 1.7733465 1.70406 0.64988756 3.9019835 -0.111418165 -0.22025356
5 0 0.052124295 9.515962 1.4948231 11.637778 1.0486689 1.5949198 0.60241014 2.7960858 -0.08984209 -0.025991071
6 0 0.1262491 8.741743 1.5565826 10.855141 1.6824512 1.6690744 0.63402194 4.405577 -0.04940956 -0.0018258337
6 0 0.12570968 9.207275 1.5182943 11.336541 1.7616233 1.5619373 0.6172435 3.5520566 -0.1360308 -1.3586544
6 0 0.09750421 9.111042 1.5060399 11.248925 1.7917747 1.5312699 0.6280071 3.3823354 -0.10147197 -1.0286314
6 0 0.096967645 9.0140505 1.4832318 11.22157 1.6829244 1.6727837 0.6221923 4.3350177 0.0066983867 0.027286123
6 0 0.0950648 8.519135 1.5051677 10.618711 1.6816871 1.6629018 0.60143197 4.4116645 -0.1236643 -0.038905
6 0 0.08418031 8.905016 1.4955251 10.927602 1.6657244 1.6977365 0.61967784 3.9798808 -0.011835184 -0.14498019
6 0 0.08057194 9.348809 1.5301728 11.493044 1.6134964 1.5935894 0.5940398 3.4615097 -0.15956683 -0.95621073
6 0 0.07559058 8.784034 1.5438721 10.783562 1.741201 1.6962619 0.6268841 4.6074867 -0.16685073 -0.03722202
6 0 0.07305181 8.6947565 1.4836488 10.688697 1.648935 1.7036945 0.586818 3.5905433 -0.11806728 -0.027583066
6 0 0.07149938 9.183388 1.5414048 11.401316 1.8293582 1.5466462 0.6379615 3.7473338 -0.027718354 -0.75733864
6 0 0.06786383 9.163699 1.5258821 11.429141 1.8264797 1.4922653 0.63512623 3.595201 -0.05803383 -1.0250295
6 0 0.06432562 8.792248 1.4461299 10.974421 1.6899467 1.6671889 0.591579 4.2933545 -0.14354461 0.0059505273
6 0 0.059820943 9.350407 1.5226398 11.530384 1.8197656 1.5543133 0.6283714 3.2347307 -0.10388838 -1.2682728
6 0 0.05921989 8.475333 1.535372 10.764453 1.7190533 1.6250389 0.59524846 4.2287865 -0.07910444 0.016597677
6 0 0.058364972 8.879557 1.4952108 10.792504 1.7733465 1.70406 0.64988756 3.9019835 -0.111418165 -0.22025356
6 0 0.05508809 9.019746 1.4799442 11.109924 1.6980003 1.7145549 0.5828608 4.242665 -0.1832724 -0.018337134
6 0 0.053094022 11.326597 1.5788007 13.504526 1.5935682 1.5379711 0.6724756 3.058018 -0.10524383 -0.41683286
6 0 0.05029427 9.265012 1.4851003 11.37615 1.1202109 1.6019441 0.6155133 2.6204748 -0.12656064 -0.03313293
7 2 0.13978727 -6.189019 1.7902963 19.318678 0.7416997 1.7180855 0.63002384 4.7941923 0.01727833 0.31289274
7 2 0.11145034 -7.0664816 1.9674928 21.887112 0.6872816 1.7050595 0.6275358 4.414744 -0.18485184 -0.066031136
7 2 0.10687734 -6.776716 1.8286288 21.201715 0.70764047 1.7078446 0.6049792 1.7803379 -0.093799844 -0.23299006
7 2 0.07778384 -6.9501023 1.9326084 21.510784 0.6693394 1.6898187 0.62330943 4.4884305 -0.10207426 0.23228914
7 2 0.07454529 -6.430325 1.7881498 20.149069 0.68546355 1.7642546 0.6314352 4.740062 -0.05857499 0.22070828
7 2 0.06968208 -6.6908073 1.9423314 20.792734 0.689887 1.699691 0.59487975 4.8908987 0.01777794 0.23138371
7 0 0.0635028 9.207275 1.5182943 11.336541 1.7616233 1.5619373 0.6172435 3.5520566 -0.1360308 -1.3586544
7 2 0.05942678 -7.5101085 2.0222812 23.309364 0.8393272 1.6911466 0.6600077 4.8305554 -0.042760238 0.37888685
7 2 0.055941917 -6.5967145 1.800763 20.485767 0.669249 1.7078869 0.60846514 1.6490208 -0.15446332 -0.23768571
7 2 0.054619994 -7.03915 1.9127233 21.715712 0.6511043 1.6974125 0.6261891 1.4817145 -0.18441378 0.028812222
7 2 0.053391572 -13.096964 1.9990911 40.250282 4.337304 1.5190669 1.7908086 5.003613 0.038525127 2.9032757
7 2 0.050714064 -7.1609254 2.050833 22.202084 0.6659975 1.6937816 0.64390683 4.3932967 -0.12998071 0.18982929
7 2 0.050182134 -7.0217648 1.9758737 21.945194 0.8520218 1.7300626 0.7122368 4.791974 -0.009367193 0.07024861
