0 5 0.05436993 5.0069976 1.7604877 112.76645 4.7391996 1.6706527 2.0280483 4.7592406 0.018986491 8.363046
0 5 0.052841112 -8.9935055 1.6768202 40.425835 12.130813 3.088226 2.9113684 2.3581438 0.02058916 -2.0101287
0 5 0.05146391 32.214695 0.8096447 39.2179 4.6304636 1.6338322 1.9437453 5.6919637 0.044131353 2.5757768
3 5 0.2695487 -8.9935055 1.6768202 40.425835 12.130813 3.088226 2.9113684 2.3581438 0.02058916 -2.0101287
3 5 0.23788173 -8.940211 1.6401126 39.769516 12.383673 3.0376697 2.977399 2.3110995 0.050071433 -1.203063
3 5 0.18189543 -10.446717 2.9964292 43.546722 11.100707 3.5038803 2.9008887 2.4467928 0.044291265 -0.14823857
3 5 0.124983944 25.53336 1.251299 140.6737 12.622196 3.2285004 3.0443573 4.8549223 0.04208663 5.543829
3 5 0.11211676 -10.509895 2.9049048 45.79875 11.604546 3.5134883 2.8990529 2.5544565 -0.0051790606 -0.9746329
3 5 0.10052626 -9.838965 2.1663911 45.979816 11.461641 3.3967066 3.0057719 2.5181231 -0.07380348 -0.4202836
3 5 0.09296897 -8.39868 1.7124759 38.61933 12.449416 3.2203698 3.0614533 2.3658876 0.027237056 -1.5831659
3 5 0.086362995 -9.19793 2.7417388 44.755405 11.45324 3.4345527 2.8859408 2.5933683 -0.022704788 -1.7233394
3 5 0.08495659 25.702805 1.2930307 143.21724 12.619961 3.2134924 3.0791194 4.878929 0.0033460092 6.126621
3 5 0.084074594 -8.969016 1.7693686 41.07802 12.168715 3.314855 2.9860942 2.468085 -0.008468839 -0.79685515
3 5 0.06917913 -9.366561 1.7959679 35.307957 11.710721 3.0945842 2.8789544 5.392343 0.079624236 -0.35553816
3 5 0.06407279 24.875252 1.267041 137.17912 12.628801 3.248989 2.980564 4.8671784 0.051846877 5.6877217
3 5 0.063890845 -9.992924 2.0593262 45.446518 11.724847 3.292517 2.9844282 2.605849 -0.11045014 -1.5937628
3 5 0.060734723 -8.931436 2.360065 38.38521 10.519006 3.346534 2.892649 2.4440918 -0.034039475 -0.102534495
3 5 0.054089487 26.086218 1.2249775 143.84142 12.669831 3.189052 3.0434568 4.890509 0.029331954 5.735347
3 5 0.052731056 -9.865989 2.1591918 42.86829 11.278296 3.4343507 2.9783983 2.523916 -0.06831254 -0.76892096
3 5 0.051110808 -9.545698 1.7678586 44.47832 12.2793455 3.2660575 2.893846 2.4069905 -0.0070766956 -0.18000937
7 2 0.4630883 -7.4874134 2.1530056 18.832027 0.7634426 1.7519037 0.72928053 6.4643593 0.37666428 0.35653937
7 2 0.29470503 -7.5310345 2.185755 18.979 0.8319532 1.7753686 0.78791815 6.6836185 0.22858831 0.31954306
7 2 0.2600856 -7.5365787 2.1874676 18.952972 0.74473715 1.7521738 0.6680005 6.393866 0.2473618 0.41596293
7 2 0.19033282 -7.5756993 2.1989148 19.131653 0.7913283 1.7291782 0.71568084 3.5523791 0.34524968 0.4648604
7 2 0.1079573 -8.193628 2.1965003 20.459488 0.76263034 1.7112063 0.7086065 6.6609335 0.15288861 0.5451304
7 2 0.090642236 -7.974718 2.1529999 19.932219 0.73638123 1.6760505 0.6933141 6.6716137 0.12441488 0.5917903
7 2 0.088596016 -8.24539 2.1292894 20.783756 1.019775 1.9740666 0.7725483 4.3212 0.10565975 0.16776606
7 2 0.0841021 -7.5892534 2.157071 19.07278 0.71078104 1.741616 0.6449249 6.277922 0.20894952 0.4366272
7 2 0.08118336 -8.038885 2.2812104 20.105673 0.76361156 1.7009878 0.6788969 6.61192 0.13401796 0.18996972
7 2 0.076751076 -7.264999 2.1106024 18.354298 0.809007 1.788995 0.7282232 3.5539877 0.258091 0.31119692
7 3 0.07522243 -7.0696416 1.9713469 18.101177 0.52605206 1.8228469 0.5980921 3.742802 0.21596044 0.054405034
7 2 0.06626165 -7.177822 2.1005936 18.146069 0.82954156 1.788394 0.7649322 6.6174126 0.3283405 0.56613666
7 2 0.057349198 -7.9945416 2.246523 20.01947 0.7851608 1.6571544 0.67774045 6.6156354 0.12232148 0.21191293
8 8 0.12984528 18.439224 1.4828299 24.345839 0.6242277 0.6881199 0.4631445 5.1801257 -0.085411206 0.004984688
8 8 0.09500533 18.230223 1.4443201 24.033682 0.59719527 0.7009108 0.4655154 5.2166314 -0.080285825 0.022958923
8 8 0.07430649 18.35665 1.4291003 24.234512 0.63755023 0.67345953 0.42838416 5.1256895 -0.10724403 0.031782113
8 8 0.057749666 18.772488 1.525735 24.811562 0.6361078 0.6691629 0.4569726 5.178756 -0.10652888 0.010182697
8 8 0.05769855 18.360405 1.4871637 24.163935 0.5131544 0.75409037 0.50349957 5.2623873 -0.08043082 0.034244765
8 8 0.05763962 18.315065 1.4062936 24.146334 0.6252953 0.65798604 0.43421742 5.1591187 -0.07956505 0.041699998
