0 5 0.45128888 11.334796 2.1042933 56.106983 5.330683 1.9060262 2.1284456 2.7932434 -0.036687456 -4.242956
0 5 0.41179946 -7.607508 2.3424711 36.716526 4.7713394 1.6087142 1.9707935 2.1822655 -0.03706056 -3.6468432
0 5 0.31576127 11.561874 2.1078272 56.904 5.3767014 1.9203315 2.1498692 2.8357496 -0.070969 -5.0607395
0 5 0.2100316 11.525576 2.1436267 56.643784 5.35441 1.897934 2.1370983 2.8154638 -0.10036535 -5.9583607
0 5 0.17549276 -8.104243 2.4194164 39.81402 4.700721 1.5940207 1.9367874 2.2736883 -0.0351281 -3.4998772
0 5 0.17496082 -7.744917 2.3339438 37.332016 4.7427044 1.5765294 1.9613461 2.1760874 -0.04026353 -4.341669
0 5 0.17209554 -7.868231 2.4291859 38.860977 4.727361 1.5712237 1.935664 2.314421 -0.06192331 -2.6891842
0 5 0.16694725 -3.8242402 2.5313306 95.070694 4.736764 1.60804 1.9931692 1.6753507 -0.029086048 -3.3304734
0 5 0.13205986 11.593258 2.1211443 57.481388 5.5507264 1.9249687 2.2064915 2.8457682 -0.02290575 -4.8596134
0 5 0.11617753 -7.894077 2.4488318 39.501465 4.7608695 1.5604414 1.9532562 2.3127625 -0.029865973 -1.1716291
0 5 0.115455665 -3.3870082 2.4897988 95.02433 4.8878183 1.717152 2.0197737 1.7284071 0.010643167 -2.7206779
0 5 0.106822975 -7.4145927 2.587433 88.400635 4.7547493 1.4661068 1.9038306 1.8602234 -0.028292809 -5.3683043
0 5 0.10276844 -3.8793652 2.5795696 96.28268 4.695265 1.5710769 1.9607041 1.6609895 -0.035878576 -3.3100657
0 5 0.09228947 -3.838569 2.5230756 93.86587 4.73454 1.6096977 1.9879918 1.7288022 -0.060230397 -2.7373853
0 5 0.08930246 -2.4970012 2.205288 97.12898 4.9275155 1.7495506 2.0343218 1.774158 -0.029730726 -1.9453781
0 5 0.087817594 -7.489935 2.553826 90.44682 4.751948 1.4550668 1.922827 1.8195772 -0.009588541 -4.9896936
0 5 0.083124496 11.101742 2.1768613 54.800526 5.2882953 1.8978693 2.112646 2.8088696 -0.034557384 -6.176734
0 5 0.07450745 -19.527561 2.3408146 69.105934 4.5527124 1.741653 1.9390222 4.348853 0.036407776 8.372653
0 5 0.07350903 -14.086366 2.827357 49.327244 4.6505404 1.7224573 1.9791449 1.0814017 0.024008716 -0.5447885
0 5 0.07269725 -1.4914703 2.1668086 106.73535 5.772185 2.010154 2.1732907 1.799522 -0.050386697 -1.1869105
0 5 0.069171496 0.3002248 2.4627647 118.20466 5.1803794 1.7862213 2.095811 1.80001 0.044186607 -1.3663261
0 5 0.0688608 -14.573362 2.3319945 56.835606 4.5962577 1.6820121 1.9535575 4.6123776 0.064297795 4.042992
0 5 0.06649252 -41.497852 3.949391 49.267715 4.553577 1.6680124 1.9303186 3.793838 0.020323431 1.5446705
0 5 0.06519893 -15.160627 2.3738616 59.14157 4.5879393 1.6861857 1.9558071 4.5491805 0.045761935 3.9429216
0 5 0.062433988 -7.443362 2.6521676 86.430244 4.7410207 1.502484 1.9007692 1.8428082 -0.013644923 -5.933597
0 5 0.06182439 -13.59208 2.6474607 50.169197 4.649454 1.6490358 1.9387155 1.4689388 -0.014716485 1.2774812
0 5 0.061382983 -5.218231 2.5781758 95.980545 4.7136436 1.4959557 1.9401864 1.6634121 -0.006261805 -4.370146
0 5 0.05911397 1.1235837 2.6713066 122.23056 4.896863 1.6736537 2.0445783 1.737818 0.080838144 -1.0726848
0 5 0.057427146 -16.913074 2.4084916 63.090088 4.5666165 1.6889522 1.946824 4.434453 0.05115608 5.355881
0 5 0.05669817 -19.283377 2.3869004 68.01167 4.538285 1.7456386 1.9327729 4.3520865 0.045545086 8.37486
0 5 0.05457037 1.1463795 2.5614934 124.45432 4.8637714 1.6198142 2.030668 1.7599636 0.032692827 -1.0137498
0 5 0.054535944 -16.230589 2.3638616 60.860096 4.5711384 1.6724442 1.9414989 4.4914145 0.06170766 5.371943
0 5 0.05260608 -3.8727827 2.5919921 95.44856 4.678781 1.5605525 1.954592 1.7410668 -0.07308843 -3.4326985
0 5 0.051900268 0.49747682 2.4222343 119.71099 4.9393616 1.6784829 2.037843 1.813009 -0.016683072 -1.7612789
1 5 0.0534789 -2.4970012 2.205288 97.12898 4.9275155 1.7495506 2.0343218 1.774158 -0.029730726 -1.9453781
1 5 0.050737873 -1.4914703 2.1668086 106.73535 5.772185 2.010154 2.1732907 1.799522 -0.050386697 -1.1869105
2 5 0.060541507 44.53293 1.205965 54.77782 12.486543 3.300762 2.9042642 6.5830393 -0.04991477 1.300196
3 5 0.36108154 43.209503 1.3017136 53.43718 12.608662 3.3465405 2.9460166 6.5619597 -0.04875923 1.0440663
3 5 0.34298006 44.53293 1.205965 54.77782 12.486543 3.300762 2.9042642 6.5830393 -0.04991477 1.300196
3 5 0.21341653 44.85576 1.1907203 55.351185 12.50739 3.280136 2.947053 6.5674334 0.005825663 0.77838176
3 5 0.21061976 45.46921 2.563648 55.571854 12.565325 3.413231 3.4561265 3.5257883 -0.018899681 -1.2748524
3 5 0.17674854 41.57044 1.4600533 52.735687 12.285029 3.2431605 2.9011614 6.52297 -0.09101602 -0.03703868
3 5 0.15069006 42.7444 1.5685135 51.686214 12.530845 3.4250734 3.378244 3.6473353 -0.10461073 -0.35345054
3 5 0.12878369 43.101048 1.2995872 54.496902 12.359803 3.1907218 2.9331386 6.5151925 -0.08323762 0.9848329
3 5 0.12583743 42.078194 1.4011054 52.387024 12.563707 3.4237773 2.8923006 6.6052155 -0.04470333 0.68093145
3 5 0.11589436 43.025055 1.2405303 53.56135 12.380195 3.3533587 2.8853042 3.586688 -0.06894633 1.057402
3 5 0.114434876 36.720684 1.4830167 48.1046 10.719935 2.9815097 2.7001173 6.3780584 0.09736301 2.7041135
3 5 0.09258567 42.14034 1.3421782 53.72469 12.232088 3.4157293 2.9226146 6.5861826 -0.025641246 0.5317502
3 5 0.09038172 43.25518 2.50169 52.869095 12.350264 3.346903 3.860355 3.514853 -0.04769726 -0.750046
3 5 0.08502248 43.57465 1.9924648 53.19164 12.418407 3.3708806 3.4840004 3.571941 -0.0051873215 -0.075580284
3 5 0.08424987 40.767834 1.2959067 49.356007 12.700153 3.4003596 3.3658395 3.5689013 -0.06200266 -0.054730557
3 5 0.07144394 35.246437 1.5054636 46.234276 9.0868435 2.8784754 2.582974 6.394639 0.083615944 2.519967
3 5 0.07082185 43.256172 1.256271 51.704617 12.244623 3.254922 2.810173 3.5449164 -0.024134623 0.33302554
3 5 0.06387816 33.137035 1.4265698 44.02356 7.2727504 2.2943425 2.267076 6.36946 0.11900053 2.972341
3 5 0.062137544 40.364822 1.2311825 52.763977 11.4919615 3.0372486 2.8086333 6.327741 0.0927236 3.0238452
3 5 0.05455826 38.907394 1.5421377 50.347736 10.634054 3.063575 2.7038517 6.528279 0.059898652 1.0494033
3 5 0.050650153 42.975475 2.1814616 54.446526 12.451298 3.464954 3.2764826 3.571364 -0.05650837 0.21128646
5 0 0.06539796 7.083113 1.5090873 7.795745 1.5669303 1.1271194 0.4573172 7.030533 0.054347925 0.021272957
5 0 0.0633546 6.945415 1.4756329 7.6276407 1.3847528 1.0337093 0.41096157 6.96566 0.051033802 0.01236926
5 1 0.05862546 9.0987 1.6227974 10.207313 1.6602015 1.111485 0.4790464 3.470052 0.037480496 0.037987735
7 3 0.24351496 -7.452928 2.0757291 21.000378 0.7206538 1.7501143 0.6856153 3.1454403 0.0219825 -0.058107555
7 3 0.21160406 -7.3306513 2.0862784 20.708614 0.74748015 1.7669963 0.64616436 3.0853415 -0.015296028 -0.08520518
7 3 0.19188523 -7.3892255 2.0896611 20.734575 0.6991618 1.725477 0.61559105 3.145742 -0.020438993 -0.00022218935
7 3 0.18267162 -7.438293 2.0922155 20.892183 0.70334625 1.7656598 0.646706 3.1752617 0.0019225497 0.0049835425
7 3 0.16875923 -7.5079875 2.1152072 21.094255 0.7712278 1.7439133 0.66672605 3.2993035 0.054294012 0.01980101
7 3 0.12402684 -7.4459243 2.113863 20.969664 0.69824004 1.7357638 0.60975873 3.591322 -0.11279791 -0.05321549
7 3 0.120080404 -7.6758227 2.0880399 21.589705 0.74368274 1.7352936 0.6603368 3.6153703 -0.09571058 -0.03375619
7 3 0.10879313 -7.9368134 2.112027 22.269978 0.721275 1.722696 0.6853579 0.47306994 -0.10149914 -0.010039865
7 3 0.09274968 -7.500071 2.1153555 21.099657 0.7020915 1.717664 0.62696904 6.71191 -0.088510625 -0.034102947
7 2 0.06390231 -26.657223 2.5905657 55.016502 0.9956489 1.719778 0.53600234 4.755974 0.19831057 2.2263255
7 2 0.06358695 -8.238071 2.2088892 23.471199 0.95687884 1.752044 0.6939995 3.430653 -0.08893591 -0.06075914
7 3 0.06073684 -7.661099 2.0880234 21.116587 0.77266043 1.75906 0.6856053 6.2782545 0.013569763 0.029804666
7 3 0.060555026 -7.485992 2.081109 20.604109 0.78023005 1.7664886 0.7063082 2.99761 -0.006930421 -0.016615612
