0 5 0.4038156 33.734818 1.4072573 56.22874 4.875955 1.8533418 2.0389004 3.0973744 -0.08429264 -2.640857
0 5 0.3647119 -6.331899 2.0556064 40.083916 4.708658 1.5851762 1.9558237 2.0121226 -0.04973241 -8.124457
0 5 0.29486215 12.37856 1.903061 56.99122 4.781755 1.5844507 1.9744691 3.1675992 -0.05218985 -3.490251
0 5 0.27163196 34.481796 1.493514 57.4576 4.933424 1.8759468 2.0587528 3.1251512 -0.06884088 -1.1442962
0 5 0.262003 5.268367 2.0329757 73.69043 5.1057663 1.7832379 2.0610447 5.0304484 -0.014459388 6.1102095
0 5 0.2432168 5.2096562 1.9871597 73.23986 5.141982 1.7726051 2.0893638 5.04501 -0.018422375 7.741627
0 5 0.24316205 -17.437927 2.4228613 50.946648 4.5986667 1.6346055 1.9339122 6.114221 -0.012426381 -0.031119518
0 5 0.20141879 -17.533663 2.5396185 51.209618 4.564806 1.6936111 1.9172783 6.0987306 0.03278341 0.06795176
0 5 0.19114806 12.629102 1.9537215 58.037178 4.805799 1.5776049 1.9771371 3.1602998 -0.032458343 -3.812291
0 5 0.18108997 34.407825 1.427984 56.828644 4.929711 1.8802706 2.057599 3.148336 -0.07461713 -3.875725
0 5 0.16847113 12.400391 1.975256 57.784756 4.730462 1.5508295 1.9492949 3.1382074 -0.038079843 -4.099508
0 5 0.15078951 -17.127178 2.5221987 50.683918 4.568044 1.7245347 1.9346809 6.137769 0.024353003 -0.037346113
0 0 0.13938761 10.378445 1.7557367 15.056512 1.8522943 1.3873119 0.60510576 3.9522908 0.0066773538 0.03767498
0 5 0.13539296 -6.2527575 2.0863976 39.658913 4.7636347 1.5859332 1.9444404 1.9984689 -0.03476063 -6.348237
0 5 0.12769642 5.317332 1.9658284 72.52513 5.0968523 1.7527536 2.067177 5.02607 -0.0011447333 5.957954
0 5 0.117130585 5.177138 1.9860477 73.943825 5.066574 1.7405312 2.070159 5.0549355 -0.08066713 7.571838
0 5 0.11503703 5.146846 1.9083338 71.99386 5.056243 1.6952369 2.056567 4.9985805 -0.0060068527 6.662318
0 5 0.10717327 13.815278 1.9738243 62.473457 4.5582185 1.5495216 1.9159919 3.1994216 -0.08550824 -1.684121
0 5 0.10649005 33.288906 1.4621994 55.48969 4.804525 1.8685719 2.0092878 3.10088 -0.007825823 -2.6716664
0 5 0.1052939 12.342898 1.9379557 57.280117 4.725154 1.5788147 1.9600245 3.1147637 -0.030633647 -4.6835794
0 5 0.09820566 13.2765465 2.0469747 62.294823 4.6039844 1.5462726 1.9125737 3.20163 -0.10829767 -2.3838656
0 5 0.095208146 12.389386 1.9612887 57.478813 4.796896 1.5492679 1.9651275 3.1792243 -0.04972647 -4.3687544
0 0 0.09245727 10.198405 1.6227995 14.834862 1.789481 1.3321413 0.57952803 3.792686 -0.07982842 0.020180378
0 5 0.09041778 -3.6562881 2.1127193 92.0603 4.8350873 1.5116897 1.9776653 1.5416623 -0.028746255 -1.8035147
0 5 0.088439174 -17.970518 2.4660087 52.797283 4.607798 1.6457053 1.9422086 6.180087 -0.0061211335 -0.02861485
0 5 0.08506406 5.675248 1.9766214 77.55575 5.3591714 1.8272972 2.1492667 5.077702 -0.016283007 6.071073
0 5 0.075237446 -6.9977903 2.2122428 43.89366 4.7884007 1.6557744 1.9875023 2.0471516 -0.08086148 -3.0858352
0 5 0.074642114 -18.168535 2.4122262 53.20931 4.6461453 1.6748154 1.974091 6.1853485 -0.018877288 -0.0069000516
0 5 0.073882245 33.336494 1.5039008 56.000603 4.7398453 1.7979401 1.9976691 3.1036794 -0.04269536 -2.1532474
0 0 0.0738145 10.357851 1.5916525 15.012953 1.8589404 1.3829417 0.5721074 3.8022447 -0.04333329 0.02910756
0 5 0.073327586 -16.380194 1.9291668 72.9792 4.4568787 1.6454545 1.9089284 4.366363 0.058705926 2.1900294
0 0 0.071848504 11.570036 1.6627531 17.32697 2.0723338 1.5065095 0.64282477 3.8699396 -0.052420147 -0.30417293
0 5 0.0711315 -3.5210454 2.0078125 96.46033 4.8509874 1.5554347 1.9881679 1.5821629 0.019139303 -0.9368003
0 5 0.07019174 5.504517 1.8585196 75.22859 5.34524 1.7999511 2.1619375 5.058546 0.0025379695 6.985925
0 5 0.06859301 -17.77112 2.13256 52.09079 4.1846204 1.8124713 1.9123572 5.7387004 0.009424308 -0.08367952
0 2 0.067455135 -14.559211 2.4371963 44.222878 3.5884461 1.6748116 1.2936652 5.7838626 0.051572397 0.04390803
0 5 0.0659185 13.667777 1.978448 61.36232 4.5990834 1.5605295 1.9184123 3.167239 -0.0831545 -1.3620895
0 5 0.0654896 -16.006735 1.913173 71.41796 4.4600134 1.6232129 1.9043677 4.337129 0.107245214 3.2096364
0 5 0.06486224 15.826684 1.9777827 68.33848 4.5059667 1.5465733 1.9132493 3.175664 -0.09255497 -1.2156698
0 5 0.06407327 33.21159 1.4023538 54.563484 4.456647 1.7546006 1.9224297 3.2650337 -0.045835864 -0.44365317
0 5 0.06292945 -7.1733975 2.2136235 44.94035 4.7594914 1.5713806 1.9498428 2.0263948 -0.09128654 -3.3406627
0 5 0.06256082 5.135927 2.0409334 72.68244 4.9964037 1.7144995 2.0782273 5.0472317 -0.08445155 7.6407247
0 5 0.061224934 32.421482 1.443077 54.015324 4.8413587 1.9042592 1.994136 3.18431 -0.09454934 -4.017733
0 5 0.061174806 -16.595013 1.9719139 72.96852 4.4463735 1.6457341 1.913628 4.447587 0.06374626 2.215701
0 5 0.060010694 -6.637721 1.9822252 86.911674 4.5805297 1.5227401 1.9275106 4.844395 0.025389222 -0.2017541
0 5 0.059865575 33.45526 1.4585822 56.362446 4.802892 1.8126595 2.0247436 3.164882 -0.07187837 -3.5920587
0 5 0.059583798 32.66742 1.6558506 53.771603 4.4200335 1.7681233 1.9124951 3.2404034 -0.027725343 -1.0355301
0 5 0.058325365 13.234651 2.0136454 61.89823 4.64405 1.5495532 1.9178356 3.1844199 -0.085979916 -1.9659653
0 5 0.058124114 -15.9794 2.0171585 70.77941 4.4725356 1.6328732 1.9092946 4.4807177 0.11736756 3.1592226
0 5 0.057522077 -3.695334 2.0730395 90.62119 4.781947 1.5054065 1.94789 1.4191637 -0.03672853 -2.5383227
0 5 0.057110623 -18.159544 2.224823 53.493298 4.5613513 1.8495852 1.9475199 6.1155334 0.057331987 -0.17810366
0 5 0.05572753 -3.7234507 2.1052372 91.241974 4.735989 1.4969801 1.9481487 1.4063724 -0.060064383 -2.4051425
0 5 0.05547939 5.6058054 2.1744192 79.83187 5.0959606 1.8303051 2.1280947 4.9658113 0.049003974 6.565375
0 0 0.053344894 30.928461 1.260712 53.0652 4.498361 1.7424937 1.9321991 3.324115 -0.07572472 -0.29959106
0 5 0.052989136 4.8487883 2.092786 76.580765 4.8583603 1.7342324 2.0620258 4.955129 -0.0871904 8.307339
0 5 0.052389197 -6.030426 2.0060587 87.78827 4.6499014 1.5248116 1.9567933 1.5070639 0.014387792 -1.6284074
0 5 0.052080438 5.420603 1.9369435 76.42413 5.264221 1.8409857 2.1170666 5.0327506 -0.031898446 7.4642262
0 5 0.051678803 -6.091757 2.005636 88.98057 4.6952877 1.5315076 1.9495388 1.1823049 0.0013209265 -1.8283615
0 5 0.050880168 -6.6439395 1.9172385 87.27693 4.606219 1.5174477 1.9190743 1.4490225 0.0106481295 -0.5548162
0 5 0.05022027 -3.71364 2.0248592 96.038 4.8644824 1.5352789 1.9765129 1.5957855 0.018510273 -1.855017
1 5 0.07086397 5.268367 2.0329757 73.69043 5.1057663 1.7832379 2.0610447 5.0304484 -0.014459388 6.1102095
1 5 0.06761988 5.2096562 1.9871597 73.23986 5.141982 1.7726051 2.0893638 5.04501 -0.018422375 7.741627
1 5 0.053975023 5.317332 1.9658284 72.52513 5.0968523 1.7527536 2.067177 5.02607 -0.0011447333 5.957954
3 5 0.13207594 -13.090907 0.649174 51.89351 12.109969 4.878668 2.8444226 1.1961865 0.06649368 -0.6214722
3 5 0.108507946 -12.992824 0.8012706 52.58129 12.102101 4.914734 2.8473938 1.261346 0.08572379 -0.5891771
3 5 0.09694133 -13.545009 0.5638497 51.159744 11.832003 4.772423 2.7275212 1.1659802 0.06501707 -0.5132069
3 5 0.088876754 -13.867886 0.5023937 52.756516 11.7203245 4.6748223 2.7945282 1.1580145 0.05065088 -0.6598153
3 5 0.07784914 -13.357059 0.62634945 53.50998 11.955574 4.815458 2.7909546 1.1946594 0.109918185 -0.69470155
3 5 0.06776049 5.268367 2.0329757 73.69043 5.1057663 1.7832379 2.0610447 5.0304484 -0.014459388 6.1102095
3 5 0.053463627 -14.035153 -0.046123266 54.240868 11.704597 4.6776476 2.6812077 1.1383225 0.08927951 0.008867826
5 0 0.15997192 9.697686 1.656791 13.939493 1.9260821 1.3673664 0.65527624 3.8602488 -0.06769285 -0.008844989
5 0 0.15723865 9.434738 1.6106931 13.558562 2.0094137 1.2880168 0.6341349 3.8959987 -0.05663196 -0.007138472
5 0 0.10713593 10.378445 1.7557367 15.056512 1.8522943 1.3873119 0.60510576 3.9522908 0.0066773538 0.03767498
5 0 0.10436356 9.789256 1.6681814 14.139924 1.9707628 1.3078766 0.58471596 3.8576603 -0.013236891 0.03156722
5 0 0.101679265 10.198405 1.6227995 14.834862 1.789481 1.3321413 0.57952803 3.792686 -0.07982842 0.020180378
5 0 0.099598594 9.852894 1.7016714 14.2422495 1.9357772 1.3623809 0.62545645 3.8589911 -0.10325398 -0.011748773
5 0 0.078029655 10.357851 1.5916525 15.012953 1.8589404 1.3829417 0.5721074 3.8022447 -0.04333329 0.02910756
5 0 0.0764881 10.811413 1.6926367 15.509632 2.0686362 1.48849 0.66588545 3.8386827 -0.03272924 -0.6281927
5 0 0.066427715 10.107607 1.5821297 14.5654745 1.8015816 1.3910457 0.622533 3.8817046 -0.06540175 -0.024860522
5 0 0.06322183 11.570036 1.6627531 17.32697 2.0723338 1.5065095 0.64282477 3.8699396 -0.052420147 -0.30417293
5 0 0.058166668 10.948756 1.696588 15.872262 2.1288686 1.463725 0.67015535 3.8151588 -0.03773217 -0.10586486
5 0 0.054144066 9.584182 1.6317198 13.735296 1.9247173 1.4224559 0.65608656 3.9240863 -0.14437774 -0.003591679
6 0 0.16832615 9.434738 1.6106931 13.558562 2.0094137 1.2880168 0.6341349 3.8959987 -0.05663196 -0.007138472
6 0 0.16015571 10.198405 1.6227995 14.834862 1.789481 1.3321413 0.57952803 3.792686 -0.07982842 0.020180378
6 0 0.15987131 9.697686 1.656791 13.939493 1.9260821 1.3673664 0.65527624 3.8602488 -0.06769285 -0.008844989
6 0 0.15932626 10.378445 1.7557367 15.056512 1.8522943 1.3873119 0.60510576 3.9522908 0.0066773538 0.03767498
6 0 0.118000925 10.357851 1.5916525 15.012953 1.8589404 1.3829417 0.5721074 3.8022447 -0.04333329 0.02910756
6 0 0.09582423 10.107607 1.5821297 14.5654745 1.8015816 1.3910457 0.622533 3.8817046 -0.06540175 -0.024860522
6 0 0.09147143 10.811413 1.6926367 15.509632 2.0686362 1.48849 0.66588545 3.8386827 -0.03272924 -0.6281927
6 0 0.07590966 11.570036 1.6627531 17.32697 2.0723338 1.5065095 0.64282477 3.8699396 -0.052420147 -0.30417293
6 0 0.070359245 9.584182 1.6317198 13.735296 1.9247173 1.4224559 0.65608656 3.9240863 -0.14437774 -0.003591679
6 0 0.06960325 9.867675 1.6195337 14.20892 1.7963624 1.5007463 0.5589481 3.980331 -0.03285355 -0.03302487
6 0 0.06747068 9.852894 1.7016714 14.2422495 1.9357772 1.3623809 0.62545645 3.8589911 -0.10325398 -0.011748773
6 0 0.0660885 10.948756 1.696588 15.872262 2.1288686 1.463725 0.67015535 3.8151588 -0.03773217 -0.10586486
6 0 0.0619607 9.789256 1.6681814 14.139924 1.9707628 1.3078766 0.58471596 3.8576603 -0.013236891 0.03156722
6 0 0.054944396 10.155275 1.6933918 14.776397 1.8420584 1.4470283 0.5834284 3.8660088 -0.093168594 -0.01839405
6 0 0.05189553 10.146534 1.6589906 14.461424 1.9501332 1.5020905 0.66241854 3.880018 -0.06406533 -0.04321685
7 3 0.3542306 -7.4478383 1.9828883 24.858597 0.72728574 1.7565782 0.68246907 6.761931 0.13736178 0.21911776
7 2 0.18511635 -7.5387836 1.9887729 25.181108 0.7374997 1.7401727 0.6858294 3.6655176 0.09159503 0.18491593
7 3 0.16273259 -7.3899946 1.9962063 24.710493 0.74296343 1.7675515 0.67844826 6.7553453 0.15063004 0.30718818
7 2 0.13509566 -7.4964805 1.914635 25.065813 0.66232383 1.7975346 0.6192326 5.949032 0.16161641 0.26147982
7 2 0.124534324 -7.7702727 2.0165482 25.816757 0.65439993 1.788062 0.630495 6.5734844 0.14815308 0.18605578
7 2 0.11368464 -7.63018 1.9751811 25.536686 0.7817646 1.7658892 0.67780626 4.3341484 0.081595115 0.31346104
7 2 0.09984988 -7.484765 2.009583 25.10002 0.7487124 1.7489525 0.6817329 3.652553 0.19523145 0.24360561
7 2 0.093260214 -7.638433 2.005557 25.483461 0.7359109 1.7609289 0.6631673 3.8071148 0.17795917 0.73052454
7 3 0.08741379 -7.6765385 2.0066915 25.692316 0.70217204 1.7573099 0.62754965 6.72939 -0.02791224 0.23431313
7 2 0.0836358 -7.387919 1.9249964 24.563002 0.7468964 1.7976849 0.67859083 6.710443 0.042505912 0.022974785
7 2 0.08101212 -14.559211 2.4371963 44.222878 3.5884461 1.6748116 1.2936652 5.7838626 0.051572397 0.04390803
7 2 0.08090314 -7.508731 2.0031455 24.922976 0.8213697 1.8269385 0.74102336 6.403594 0.13982458 0.09814212
7 2 0.079942234 -7.481661 1.9397984 24.779625 0.7331093 1.8020849 0.6809229 6.1603665 0.13913848 0.1567781
7 5 0.07190249 -17.127178 2.5221987 50.683918 4.568044 1.7245347 1.9346809 6.137769 0.024353003 -0.037346113
7 2 0.07107208 -7.6966143 2.0121422 25.729256 0.7209711 1.7636815 0.6497644 4.024214 0.16271146 0.75182563
7 2 0.059661634 -7.732399 1.9828607 25.45709 0.7391367 1.7500355 0.67145973 6.6748085 0.05658921 0.47681904
7 2 0.058290254 -7.664775 2.1872144 25.526161 0.7112496 1.7370472 0.6128537 6.16369 0.12853865 0.20518374
7 5 0.051874474 -17.533663 2.5396185 51.209618 4.564806 1.6936111 1.9172783 6.0987306 0.03278341 0.06795176
