0 5 0.4193564 -13.681414 2.3865578 24.85874 4.7032914 1.5417897 1.9352809 1.7873795 -0.07806868 -4.3436174
0 5 0.320619 -0.7928495 2.0443869 51.039154 4.7098303 1.6039205 1.9766142 2.4665601 -0.047825314 -6.150781
0 5 0.31301528 -13.557115 2.3998077 24.665611 4.682509 1.5223701 1.9148058 1.7593441 -0.04749094 -5.2617044
0 5 0.2960705 -24.222313 2.6431918 55.660034 4.516124 1.5088936 1.9504732 6.3958197 0.022833249 0.4789685
0 5 0.29524565 5.2934523 1.9665133 6.0068994 4.20617 1.4249909 1.7412452 4.3616667 -0.020244073 0.053848393
0 5 0.29049778 -0.82156867 2.108078 51.48119 4.7175574 1.6349145 1.9960166 2.4587421 -0.0016684048 -5.3075247
0 5 0.28056693 6.42957 2.2318382 7.274783 4.2138033 1.4166191 1.7743236 4.2893977 -0.05437114 0.059314094
0 5 0.2594712 -0.6808249 2.0808012 52.235264 4.72204 1.5954987 1.9654788 2.4967043 -0.04584749 -7.263441
0 5 0.23566337 20.130688 1.6918591 62.234848 4.753434 1.6558456 2.0098574 3.1615028 -0.030253075 -0.9654487
0 5 0.22004223 20.00487 1.6979017 61.9313 4.691702 1.6282694 1.9827276 3.1235604 -0.02930073 -1.9052633
0 5 0.18932453 -24.640364 2.6830413 56.709644 4.5599775 1.4935008 1.9553255 6.409772 0.070565626 0.3025295
0 5 0.16442125 -0.769665 2.0323904 50.61676 4.672395 1.5834097 1.9438169 2.4191403 -0.061884522 -6.7390885
0 5 0.15921941 6.140936 2.193707 7.012354 4.2656007 1.4210699 1.7764628 4.2403984 0.0034058057 0.02692049
0 5 0.15867676 33.392 1.7679515 49.74915 4.4775968 1.6799704 1.9023125 3.0223923 -0.0276137 1.5122771
0 5 0.1395228 15.213046 1.9192771 24.8811 3.695781 1.5455635 1.3382787 6.9323783 0.01789132 7.183251
0 5 0.13550769 20.676804 1.7350687 64.1099 4.815624 1.677894 2.0037172 3.198626 -0.010671567 -1.2472178
0 5 0.13536668 -0.8963318 1.9832613 53.28322 4.4927487 1.6151668 1.9048516 2.8206637 -0.15086153 -3.7191179
0 5 0.13302042 31.7369 1.8477789 48.091663 4.4402146 1.6406865 1.875662 3.1450593 -0.062388785 2.4026022
0 5 0.13216947 38.36112 1.6585627 51.37242 4.6219063 1.7458844 1.9521105 3.129651 -0.0011129826 0.5477112
0 0 0.13144614 12.318791 1.8131152 20.222149 2.3237813 1.5778663 0.8210925 7.05616 -0.027250536 5.478807
0 5 0.13085945 34.880585 1.6963354 51.3758 4.4826756 1.6927375 1.9163585 3.0104337 0.042140618 1.6777905
0 5 0.13010994 -24.326488 2.7270532 56.186256 4.488121 1.494354 1.9295496 6.4078937 0.035576403 0.31909186
0 5 0.1272224 38.227657 1.691435 50.275646 4.671505 1.7857915 1.9788386 3.1274602 -0.024197405 1.0892876
0 5 0.12048837 20.497873 1.7140434 63.33288 4.8223114 1.6540041 2.0238488 3.183158 -0.020408932 -0.44306454
0 5 0.11497201 19.886791 1.6699908 61.609924 4.661063 1.6483941 1.9730406 3.1056402 -0.047598045 -2.1655293
0 5 0.11057516 37.521152 1.6215901 53.497746 4.527607 1.7082787 1.942538 3.0922813 0.021741683 1.8707533
0 5 0.11026805 23.437693 1.9355402 37.17181 4.3276906 1.5868057 1.818505 6.827811 0.02603102 6.1052694
0 5 0.110031694 -14.7758665 2.3720355 27.179417 4.590969 1.4980654 1.8396572 1.6852257 -0.05898954 -3.0124495
0 5 0.102247365 -0.8283428 2.0043 51.85491 4.777324 1.6100848 1.9883463 2.5454779 -0.06537378 -7.080598
0 5 0.09105312 -24.163887 2.6474319 55.452076 4.4402413 1.4999915 1.9205794 6.3883305 -0.041442253 2.185237
0 5 0.08836742 -13.983369 2.3424911 25.389341 4.5543694 1.4906064 1.8292702 1.7082233 -0.10030236 -3.9715018
0 5 0.087945886 -0.56239796 1.9736891 54.21271 4.500032 1.6065469 1.8940915 2.76881 -0.123578705 -3.7287636
0 5 0.0863293 19.941105 1.703754 61.355125 4.766451 1.665434 1.9954238 3.1219692 0.0033510718 -1.3788425
0 5 0.08550591 20.794401 1.6888361 64.61678 4.8260703 1.6825222 2.02873 3.1741107 -0.05322469 -0.116266035
0 0 0.084009886 12.084248 1.7856605 19.861279 2.4570527 1.5365994 0.81381905 7.017831 -0.023747789 4.0671015
0 5 0.0792815 -13.278417 2.371925 24.19248 4.627418 1.4877189 1.8933811 1.7931178 -0.11699644 -4.148913
0 5 0.07826044 32.68286 1.8075693 49.745663 4.4251537 1.5926641 1.8640344 3.3201125 -0.048800305 5.923995
0 5 0.0781211 18.292116 1.9298651 29.732769 4.1559396 1.6163436 1.6496105 7.0277243 0.037453026 7.1517696
0 5 0.075132206 18.376862 1.6379609 56.658344 4.575352 1.6204066 1.9126737 3.313119 -0.12939087 -0.8783123
0 5 0.07506678 33.542454 1.7993138 49.97371 4.491325 1.6543912 1.9084078 3.085873 -0.08431307 2.332873
0 5 0.074702375 38.241238 1.6931792 51.187016 4.6067066 1.7128991 1.971622 3.1128814 -0.010533976 1.227796
0 5 0.06970992 38.512146 1.7530818 50.73864 4.657528 1.7428067 1.983079 3.143658 0.003940599 1.1390175
0 5 0.069377355 -13.684433 2.582763 24.470037 4.4112167 1.419292 1.8522128 1.6554339 -0.05183632 -2.386072
0 0 0.06895752 10.7508955 1.7196834 17.718473 2.058489 1.5437825 0.7290214 7.0078497 -0.016603803 2.2237434
0 5 0.06755214 38.091114 1.7459064 49.776806 4.6477475 1.7157298 1.9782547 3.2013018 -0.062478438 -1.098331
0 5 0.06695557 37.6623 1.6069236 50.780643 4.5929685 1.7613678 1.9523033 3.1489096 -0.023120578 0.95375067
0 5 0.06643909 34.456314 1.8307087 50.526886 4.4990125 1.7252861 1.8780826 3.0324748 -0.034695067 1.428681
0 5 0.06521075 34.184032 1.8363044 50.624207 4.466491 1.7165341 1.8752016 3.0948677 -0.014418772 1.0008396
0 5 0.0644569 -23.369257 2.559842 53.924133 4.3520894 1.5519686 1.8506668 6.1801424 -0.03769423 0.004712535
0 5 0.06378718 -21.535685 2.8089972 41.8975 4.80769 1.554213 1.9474052 5.028574 -0.0041477485 0.07283766
0 5 0.063650034 -15.275898 2.341608 28.079006 4.52211 1.4783068 1.8626289 1.6776273 -0.05404067 -2.087622
0 5 0.06231161 -0.8924567 1.9424136 52.651455 4.459879 1.606013 1.898511 2.7901635 -0.14027795 -2.7454572
0 5 0.06173981 -24.291702 2.590367 53.831493 4.587353 1.5198878 1.938116 6.324538 -0.06293093 0.8631869
0 0 0.06148791 12.908429 1.7825334 21.259663 2.0923953 1.5624574 0.7804144 7.065218 -0.014940014 2.8315797
0 5 0.06094419 36.71728 1.7139814 52.226673 4.5167127 1.712527 1.8986958 3.113978 -0.04577095 2.087698
0 5 0.060803425 -23.763538 2.5286393 53.9809 4.3588805 1.539506 1.8470666 6.1368685 -0.04500395 1.3736216
0 5 0.059435625 -1.4369574 2.038675 58.65721 4.4567122 1.5951769 1.892378 2.8515127 -0.1102964 -2.157415
0 5 0.056952145 18.468214 1.6884434 58.188305 4.563245 1.6127323 1.9077065 3.3392022 -0.09810382 -0.507519
0 5 0.05682573 -14.550968 2.3517957 26.388994 4.5209208 1.5053191 1.8584976 1.6598577 -0.06808499 -2.8572078
0 5 0.056487206 32.71463 1.8270643 49.192482 4.4162717 1.6725836 1.8635676 3.1840534 0.0137049835 2.3296347
0 5 0.05625491 -21.178885 2.6151543 39.78066 4.566912 1.5241416 1.8730385 1.679236 0.025470247 -0.26314762
0 5 0.05526053 -12.651276 2.225613 22.994913 4.5812793 1.478414 1.8272495 1.7518587 -0.096211135 -4.267429
0 5 0.053848907 -21.654675 2.6007452 40.861504 4.526196 1.4968483 1.8844854 1.8088932 -0.043186136 -0.0058847275
0 5 0.053301875 -13.31936 2.2659276 23.811125 4.4532957 1.4923803 1.8825712 1.6444173 -0.079768166 -1.7019281
0 0 0.052709445 11.581007 1.6861081 19.429 2.197789 1.589967 0.7407457 7.194006 0.04177233 2.0354102
0 5 0.05091944 -0.94368285 1.9802234 54.02004 4.5535264 1.6116534 1.8940343 2.7582242 -0.14091676 -2.2042873
0 5 0.05049298 -24.940289 2.4958217 49.51658 4.543818 1.5444559 1.9236571 2.1112316 -0.03338221 -0.039195046
0 5 0.05022333 30.693466 1.7380497 47.03386 4.3621235 1.629082 1.8403724 3.5125022 0.01443355 4.85455
1 5 0.052366488 -0.8963318 1.9832613 53.28322 4.4927487 1.6151668 1.9048516 2.8206637 -0.15086153 -3.7191179
3 5 0.13630654 23.97018 1.0624056 133.06639 12.725765 2.9909675 3.0513551 4.804393 0.04826016 4.5476446
3 5 0.09988211 24.231203 1.0348234 136.21269 12.583756 2.923318 3.0599794 4.8095922 -0.028305326 5.661878
3 5 0.07612129 24.64519 1.0810814 135.93945 12.76285 2.963348 3.038101 4.799248 0.018133054 4.2927446
3 5 0.067523524 23.61155 1.100869 130.62968 12.353208 2.9965565 2.9433253 4.8035536 0.011662677 5.4130716
3 5 0.058867298 -15.35377 0.28234577 59.25731 9.916587 3.8344996 2.4371963 4.3979645 0.0211438 2.979496
3 7 0.05883753 -15.756165 0.23552716 57.877304 10.19276 4.322587 2.480607 4.3999386 0.05747564 4.1211433
3 5 0.05853561 -16.267326 0.3485 60.04955 8.930321 3.426857 2.3052325 4.370307 0.015507581 2.1188176
3 5 0.057890058 24.485537 1.1184781 137.58083 12.595856 2.9266326 3.043761 4.836308 0.02408891 5.247222
3 5 0.051558714 -15.259097 0.1331693 62.43843 10.104283 3.8178298 2.5448813 4.4062676 0.015007338 2.1795013
5 0 0.13046913 10.7508955 1.7196834 17.718473 2.058489 1.5437825 0.7290214 7.0078497 -0.016603803 2.2237434
5 0 0.09657367 12.318791 1.8131152 20.222149 2.3237813 1.5778663 0.8210925 7.05616 -0.027250536 5.478807
5 0 0.0893912 10.617743 1.7174144 17.5137 2.043412 1.5378988 0.7247577 6.930336 -0.037975438 2.1649926
5 0 0.06856803 11.571985 1.74583 19.047642 2.0725057 1.5822507 0.76442873 6.99695 -0.028070416 2.0960276
5 0 0.05871549 10.019807 1.6525058 16.554121 2.0196514 1.4103919 0.69828904 6.952543 -0.013737891 1.1006905
5 0 0.05336726 12.084248 1.7856605 19.861279 2.4570527 1.5365994 0.81381905 7.017831 -0.023747789 4.0671015
5 5 0.051588442 15.213046 1.9192771 24.8811 3.695781 1.5455635 1.3382787 6.9323783 0.01789132 7.183251
6 0 0.12093562 12.318791 1.8131152 20.222149 2.3237813 1.5778663 0.8210925 7.05616 -0.027250536 5.478807
6 0 0.116693355 10.7508955 1.7196834 17.718473 2.058489 1.5437825 0.7290214 7.0078497 -0.016603803 2.2237434
6 5 0.09008116 15.213046 1.9192771 24.8811 3.695781 1.5455635 1.3382787 6.9323783 0.01789132 7.183251
6 0 0.078168176 12.084248 1.7856605 19.861279 2.4570527 1.5365994 0.81381905 7.017831 -0.023747789 4.0671015
6 0 0.05791992 11.571985 1.74583 19.047642 2.0725057 1.5822507 0.76442873 6.99695 -0.028070416 2.0960276
6 0 0.055212013 12.908429 1.7825334 21.259663 2.0923953 1.5624574 0.7804144 7.065218 -0.014940014 2.8315797
6 5 0.055180088 18.292116 1.9298651 29.732769 4.1559396 1.6163436 1.6496105 7.0277243 0.037453026 7.1517696
6 0 0.053692024 11.637034 1.6775329 19.163136 1.9135851 1.5975367 0.6391734 6.948868 0.02040725 1.5953342
6 0 0.050401676 11.243498 1.7078195 18.623167 1.9706635 1.6195095 0.68713766 7.459996 0.017684044 0.35619196
7 2 0.33444577 -7.188307 1.8492403 26.565256 0.9241943 1.8648038 0.8202885 4.6124425 0.15954755 0.58325714
7 2 0.2611748 -7.2312384 1.8131157 26.479952 0.9184632 1.8411987 0.7685357 4.1852617 0.10467558 0.24467301
7 2 0.24531262 -6.9486084 1.8474767 25.700459 0.93427646 1.8576926 0.8137949 4.5619917 0.24081536 0.5596629
7 2 0.21161784 -7.416049 1.8633578 27.489489 0.89209294 1.8584968 0.7960462 4.5402627 0.07771957 0.67671436
7 2 0.17382535 -7.001893 1.8405609 25.865147 0.8842049 1.8689251 0.76796514 4.518967 0.121221505 0.45232883
7 2 0.14670533 -7.1978335 1.8443279 26.30954 0.8288562 1.8611101 0.7451658 4.27864 0.15266322 0.66169643
7 2 0.14308625 -7.2370377 1.8431739 26.474163 0.89229673 1.8339138 0.80819553 4.594836 0.1767358 0.7017776
7 2 0.12610024 -7.2106924 1.8432443 26.410433 0.8293193 1.8458142 0.7132094 4.0584207 0.096996695 0.43840915
7 2 0.10396037 -7.307912 1.8029675 26.46285 0.96439815 1.8332754 0.7961679 4.3275104 0.06421386 0.28858107
7 2 0.07572334 -7.1633644 1.7826233 26.127846 0.87893397 1.9026957 0.787859 4.2348995 0.019348534 0.41696241
7 2 0.06866607 -7.2204566 1.8328214 26.198246 0.86350095 1.8463022 0.7521664 4.556845 0.19416536 0.7348034
7 2 0.06791774 -7.804841 1.8817348 28.680983 0.89352095 1.8111323 0.74116695 4.5545692 0.08111359 2.0845225
7 2 0.053687245 -7.264633 1.7645158 26.383432 0.957773 1.8916576 0.8193363 4.4058332 0.09951545 0.6764544
7 2 0.052124206 -7.545862 1.860372 28.231466 1.0415597 1.8280616 0.82647943 4.6167865 0.13797 2.1420472
7 2 0.052046187 -7.688609 1.8365883 28.30654 1.1401093 1.7634157 0.87112015 4.4640093 0.06410223 3.3346574
