0 7 0.5206528 4.549818 1.9396312 8.01957 4.321664 1.458304 1.7804509 4.760539 -0.09201653 0.056218714
0 5 0.28569028 7.8976955 1.8203647 57.6703 4.6230483 1.6137112 1.9475211 3.1581812 -0.10066787 -3.2308943
0 5 0.26018777 -8.40766 2.3704574 65.788635 4.5737786 1.5479348 1.9249343 6.1491475 -0.029789088 -2.3844886
0 5 0.2593829 36.790344 1.3806033 46.133446 4.6294875 1.5753309 1.9561518 1.672361 -0.08412086 3.9207375
0 5 0.24945126 -9.296106 2.0965915 42.195915 4.527623 1.6205864 1.9496251 4.9431863 0.07347182 -2.2266014
0 5 0.23517424 36.557102 1.3611149 45.757618 4.627296 1.5778387 1.9550195 1.7517929 -0.107436314 4.3583326
0 5 0.23500152 9.050833 1.8242383 64.21533 4.7471676 1.6450635 1.979122 2.9300756 -0.033522308 -3.2238107
0 5 0.18998483 7.823285 1.8383279 57.216568 4.571885 1.6055408 1.9229255 3.1055496 -0.11068104 -2.8142908
0 5 0.18390559 -32.963367 2.9554949 67.58954 4.6303062 1.6048152 1.9795763 6.22208 0.01492762 -0.5394556
0 5 0.18259592 24.369194 1.4072405 56.75596 4.523956 1.6179191 1.9150517 3.622586 0.026037866 -0.39458668
0 7 0.17940195 4.7984705 2.0007424 8.465651 4.4454713 1.528116 1.8057896 4.7385807 -0.0597367 0.03784428
0 5 0.17858218 -32.49436 2.9152806 66.42278 4.6821113 1.5940672 1.9931816 6.2336974 0.031591013 -0.013165441
0 5 0.1719867 8.764736 1.8661928 62.941555 4.581603 1.6833844 1.9432213 2.9433212 -0.033975832 -2.833125
0 5 0.15736648 -8.402527 2.354371 66.38919 4.5236998 1.5543661 1.9150589 2.9593253 -0.03796041 -1.1037307
0 5 0.1548455 -9.185263 2.1818647 41.612236 4.5847096 1.6344851 1.9508257 1.7440289 0.03154493 -1.559001
0 5 0.14051369 24.689121 1.3845983 57.355583 4.5384617 1.6031522 1.9289467 3.62139 0.00156039 -0.3445957
0 5 0.13328558 8.6899 1.7740333 63.134415 4.795095 1.67574 1.9993956 2.9350617 -0.011478001 -1.9785671
0 5 0.13238165 8.957449 1.7645005 63.873325 4.7169275 1.6379569 1.9474226 2.9001703 -0.025794106 -3.482083
0 5 0.13134201 -33.29917 3.081259 68.16648 4.676106 1.578745 1.9854835 6.270145 -0.043314137 -0.008896782
0 5 0.13045229 37.039177 1.3913281 46.4736 4.6109223 1.5950438 1.97066 1.6858702 -0.017105026 3.4520032
0 5 0.12790427 8.195449 1.8348899 58.84932 4.586893 1.6056775 1.9391272 3.0889409 -0.05234968 -3.0963645
0 7 0.1238307 6.451705 1.9621477 7.6259365 4.390232 1.4935454 1.8060784 4.90431 -0.006486428 -0.029584741
0 5 0.12322975 -32.816547 2.988012 66.9408 4.7439494 1.5678552 2.0012352 6.2610135 0.0025582071 0.033234697
0 5 0.11989941 8.838282 1.780093 62.630703 4.5791945 1.6705492 1.9284776 2.8946903 -0.054624625 -3.8638082
0 7 0.11391997 6.1030383 1.928678 7.830188 4.4676743 1.4690009 1.841532 4.7671595 0.014551675 0.0005281698
0 5 0.111558035 -30.747293 2.8271196 63.265114 4.4548664 1.5674342 1.9144588 6.2871027 -0.02136464 -0.042161573
0 5 0.10998588 -8.361802 2.3442218 66.124435 4.534115 1.5373359 1.9222351 6.1464806 0.018414976 -0.94061875
0 6 0.10398987 -40.2931 2.7954445 50.307476 4.395122 1.6698431 1.9137731 6.041211 -0.05442021 -0.00696148
0 5 0.10292062 5.5937304 2.2640848 8.696836 4.6643524 1.5359553 1.9138047 4.831803 -0.013066733 0.06412691
0 5 0.1014454 -8.821223 2.3993132 69.04236 4.707193 1.6067535 1.9660331 2.923382 -0.05133851 -2.6101472
0 6 0.10033873 -40.953537 2.8526769 52.421734 4.378577 1.6675808 1.9200929 6.043931 -0.03753165 -0.017147532
0 5 0.09941046 25.22808 1.4415473 58.742867 4.483667 1.5978544 1.9152352 3.6472309 -0.059419475 -1.345319
0 5 0.09877568 -8.927563 2.3920274 68.55242 4.715863 1.6463119 1.9560694 6.028419 0.003412852 -0.8151577
0 5 0.096955724 -8.965869 2.096434 41.173706 4.6067276 1.6295424 1.9149507 4.908563 0.07488316 -0.6159104
0 6 0.09687832 -40.129772 2.7507234 48.741642 4.402031 1.6918354 1.9084619 6.0720806 -0.064162016 -0.005633671
0 5 0.09188965 -8.994341 2.297935 67.49357 4.80608 1.611424 1.9975357 2.9245455 0.056411862 -0.7314273
0 5 0.09115586 -9.045058 2.4725013 70.30101 4.675016 1.6219612 1.9571767 2.9239328 -0.024386445 -3.057401
0 6 0.09035782 -41.54352 2.8523984 53.428444 4.3429523 1.6622117 1.910837 6.055726 -0.020448893 -0.009045004
0 5 0.09035578 5.259299 2.059521 9.025375 4.679967 1.5493773 1.9302435 4.7783723 -0.017597007 0.055625863
0 7 0.08979834 4.595935 1.9382656 7.6055727 4.4614453 1.480879 1.8310839 4.719486 -0.026700381 0.03565042
0 5 0.087780856 -8.970404 2.3408282 69.399536 4.6579 1.638334 1.9457772 2.9182487 0.0035504587 -1.3153685
0 5 0.08515827 24.741606 1.3822831 57.760925 4.4774294 1.595514 1.9156256 3.6168687 0.009961316 -0.010597519
0 5 0.080488294 -31.625792 2.8441162 65.94288 4.398812 1.556986 1.9101448 6.2799897 -0.039972827 -0.015285468
0 5 0.080101304 -32.004654 2.9275506 65.56779 4.65993 1.6260966 1.9892355 6.267418 -0.01049364 -0.011676643
0 5 0.07895004 -32.50921 2.964866 66.73744 4.6174507 1.6245474 1.9843115 6.260219 0.0065837707 0.001657892
0 5 0.07750659 36.37529 1.3591863 45.320427 4.6122985 1.5532552 1.9463946 1.7030538 -0.07902395 4.226481
0 5 0.07627523 38.572407 1.787362 48.910496 4.470692 1.5937223 1.9012421 1.6989251 -0.044303417 1.1649051
0 5 0.07570171 25.525347 1.4338598 59.321404 4.522106 1.5885807 1.9303132 3.6338964 -0.03455408 -0.7230348
0 5 0.07533938 5.347599 1.8324747 7.964311 4.539025 1.4943769 1.8850441 4.6964517 -0.0011586621 0.67029244
0 6 0.07073382 -39.581413 2.8452117 47.97515 4.42316 1.7069155 1.9303135 6.0733213 0.0042672902 0.00118565
0 5 0.07061585 7.8494225 1.7772754 57.98285 4.569585 1.5909934 1.9088334 3.0972953 -0.12087674 -3.6518762
0 2 0.069825746 -7.4503365 2.013955 32.63825 0.8573875 1.7562556 0.76935154 4.660731 0.15812549 -0.30686906
0 5 0.06917992 -8.664074 2.363648 66.73034 4.545392 1.5304754 1.9069523 2.9000788 -0.07134637 -2.0382023
0 5 0.06843299 -32.50872 2.9211333 67.09906 4.6522255 1.6130834 1.9854821 6.2585077 0.036378875 -0.03583484
0 7 0.067871176 5.8528643 1.8899771 6.960608 4.2887483 1.5402424 1.761197 5.0555406 -0.041345593 -0.027976101
0 5 0.06729222 -31.203566 2.8467658 63.3497 4.428559 1.5613858 1.9022733 6.2920537 -0.017747324 -0.043032467
0 5 0.066115655 4.6311345 1.7554984 7.4655647 4.524072 1.4960256 1.868767 4.5678396 -0.08582645 1.7092403
0 6 0.06589808 -39.660877 2.7979364 49.41045 4.419378 1.6809757 1.9316854 6.0421586 0.019884197 -0.025665374
0 5 0.0652363 23.47497 1.3334398 55.351185 4.1664 1.5076452 1.6420414 3.6269357 -0.050749697 -0.103594445
0 6 0.065004334 -43.622658 2.9390957 56.816097 4.30183 1.655924 1.8896849 6.0725927 0.005255323 -0.0054435115
0 5 0.06307905 -8.133049 1.9902637 36.81141 2.820414 1.6246855 1.3028957 5.011843 0.12898704 0.6571822
0 5 0.062108956 44.69991 0.8503095 78.5812 4.495112 1.6853031 1.9603906 4.971807 0.018492443 7.383629
0 5 0.06159978 36.68598 1.3581326 46.19606 4.5636463 1.5700886 1.9468876 1.9136279 -0.15095939 3.3159363
0 5 0.061034877 -8.6305275 2.1203027 39.31318 4.620955 1.6237035 1.9375666 4.886303 0.045804605 0.042418487
0 5 0.0601711 -31.186974 2.9111714 64.121605 4.4769626 1.5766617 1.9244338 6.290367 -0.0012596473 -0.0064604767
0 5 0.059182033 36.040585 1.9289082 45.742077 4.408666 1.6045332 1.9104177 1.7620583 -0.031340223 1.9338452
0 5 0.058639877 6.8596444 2.0762534 8.090252 4.4042125 1.523967 1.8071398 4.768221 0.0017488897 -0.018225884
0 7 0.05854782 5.8362083 1.8620286 7.142911 4.362482 1.540444 1.8065909 4.7168593 -0.0022847587 -0.028264156
0 5 0.05701993 7.8478 1.829208 58.279892 4.520001 1.5898767 1.8825841 3.077331 -0.13839214 -2.05611
0 5 0.055745095 -9.093904 2.3623524 68.14721 4.7211003 1.6159853 1.9728192 2.907073 0.009719176 -1.3776019
0 5 0.055080153 36.07966 1.2985048 44.98594 4.6558676 1.5497922 1.9672929 1.6448691 -0.0705193 5.0368576
0 5 0.05481496 38.52109 1.5970373 48.210712 4.5050764 1.6567855 1.9245775 2.057736 -0.013757972 2.2424293
0 7 0.05449248 6.3635106 2.0509906 8.294028 4.3968425 1.4884378 1.8422638 4.733139 0.006752003 0.002439877
0 5 0.054380625 32.814384 1.6819105 40.916496 4.504241 1.6119782 1.9065074 1.7522204 0.013664173 1.7177141
0 6 0.053411637 -42.74735 3.0001628 54.714413 4.398436 1.678809 1.9354479 6.058735 0.025583843 -0.023343664
0 5 0.053035636 25.28469 1.4413226 59.015366 4.3851185 1.5474895 1.8877491 3.5931396 0.021779666 -1.0509393
0 7 0.052199822 39.375378 1.2760292 49.224274 4.405583 1.5672042 1.8735813 4.822038 -0.03850033 2.3276527
0 6 0.051862415 -39.746323 2.7144682 49.760136 4.3654776 1.6685117 1.9015137 6.0594645 -0.050697066 0.009347726
0 6 0.051739782 -45.727627 3.096613 61.45333 4.2865696 1.6222932 1.8644108 6.080322 0.0043007545 -0.007109929
0 5 0.050631844 4.9129405 1.9264232 8.668255 4.7222843 1.4982607 1.8673699 4.6449723 -0.011286808 1.3004171
3 5 0.092600435 -0.33008558 1.3753504 123.33847 11.828974 3.2416904 3.182029 4.8459144 -0.011377584 0.44189528
3 5 0.068014964 -12.391909 1.1799599 52.4537 10.234966 4.5407004 2.6848106 1.5527073 0.07354738 0.5897915
3 5 0.05984322 -10.263541 1.2114898 46.214745 9.822438 4.2379436 2.7183273 1.6583186 0.04450494 -1.1290449
3 5 0.054674704 -9.800176 1.788904 44.46595 4.791491 1.6764655 1.9482343 1.7672005 -0.038602293 -3.1537535
7 2 0.24905743 -7.243081 1.9952412 32.462864 0.94769794 1.7532943 0.8451007 4.607408 0.21682729 -0.86919594
7 2 0.24471155 -7.4503365 2.013955 32.63825 0.8573875 1.7562556 0.76935154 4.660731 0.15812549 -0.30686906
7 2 0.17955638 -7.417727 1.9881473 32.435028 0.8883076 1.7352546 0.79477507 4.6021204 0.12989412 -0.30355287
7 2 0.15481493 -7.3380423 1.9986217 33.64689 0.92963374 1.7292677 0.8534208 4.5918875 0.13910645 -0.48184133
7 2 0.14225784 -7.349765 1.9748409 32.728218 0.93022174 1.7118489 0.8364775 4.566587 0.045948826 -0.94283396
7 2 0.083942406 -7.425983 1.9957446 34.05719 0.9172363 1.7252812 0.8424152 4.5846434 -0.009059314 -0.6612804
7 5 0.07635607 -8.162608 2.109566 35.624905 1.0869423 1.6959502 0.805509 4.79731 0.13712879 -2.1682398
7 2 0.07551137 17.334827 1.5982873 64.15314 0.6834732 1.820917 0.6029248 1.873934 -0.14974336 -0.28915614
7 5 0.074126065 -9.185263 2.1818647 41.612236 4.5847096 1.6344851 1.9508257 1.7440289 0.03154493 -1.559001
7 2 0.064795345 -7.2607765 1.9528805 32.600777 0.9155665 1.7416105 0.7675654 4.583159 0.04960089 -0.08940578
7 2 0.06466906 -7.6536717 2.0134594 33.35289 0.92340386 1.7561784 0.77448857 4.6832175 0.09087831 -0.101139955
7 5 0.06158009 -7.656105 2.0367522 33.288628 0.82103544 1.6988595 0.71048844 4.7230587 0.086232424 -0.21285075
7 5 0.058579836 -9.389613 2.224028 42.383408 4.5800548 1.6240196 1.9407645 5.0147963 0.08661663 0.30036774
7 2 0.054073088 -7.754276 2.1697905 33.96095 0.8975084 1.7187136 0.81014603 4.565563 0.0340835 1.3838117
