0 7 0.6968491 4.352142 1.9223945 8.092404 4.399978 1.4787499 1.8081921 4.784617 -0.07700041 0.0695114
0 5 0.25780746 9.903856 1.7302465 62.625538 4.6961837 1.5687859 1.9657274 2.832178 -0.054150708 -3.1878345
0 5 0.25763544 -8.677643 2.0898538 45.87623 4.7083173 1.5353738 1.9455658 2.2189074 0.069159895 -1.6580689
0 5 0.22020736 9.176853 1.7840071 59.08824 4.629329 1.5598515 1.9425994 3.0322976 -0.060131803 -2.6602538
0 5 0.20588374 41.42973 1.5233923 52.044224 4.682938 1.5816746 1.9644367 4.9658422 -0.06212637 5.2622743
0 5 0.19252324 -8.784251 2.134915 46.292942 4.7083106 1.5330807 1.9567821 2.231717 0.057698168 -1.2713379
0 5 0.192218 -32.945328 2.9655616 67.66491 4.715525 1.5723847 1.98393 6.2499943 0.09528478 0.05274556
0 7 0.1921446 4.6551704 2.0234199 8.742354 4.4401464 1.5268801 1.8187784 4.764527 -0.04032533 0.16065699
0 5 0.19076353 41.304764 1.5278642 51.80355 4.694582 1.6123829 1.9678854 5.0686474 -0.108060196 4.7082205
0 5 0.1712822 9.095465 1.8089697 58.856613 4.597732 1.5397159 1.9276648 3.0444016 -0.10374796 -3.6563816
0 5 0.16302705 26.803015 1.68437 60.85844 4.503867 1.5754892 1.9337822 3.6373496 -0.013315855 -0.2858174
0 5 0.15094507 -33.55323 3.0003965 69.126854 4.6228414 1.5840197 1.968005 6.234034 0.051088177 -0.3680158
0 7 0.14251573 4.521209 1.9986274 8.471396 4.408895 1.4663762 1.7917991 4.784853 -0.012639528 0.087053694
0 5 0.13792877 9.991109 1.7005695 63.039116 4.677644 1.55908 1.9397575 2.8144498 -0.052046128 -3.3430352
0 5 0.13427685 27.259926 1.7673311 62.473694 4.419786 1.5633532 1.8973602 3.5649018 -0.038156763 0.0120254755
0 5 0.13104674 9.17995 1.7569526 59.497547 4.598009 1.5460194 1.9252412 3.0766973 -0.1177488 -3.849693
0 5 0.12742467 -33.20561 3.001042 68.103065 4.734074 1.5522752 1.9871385 6.2555423 0.058290884 0.13024521
0 6 0.1205555 -41.306595 2.7902577 49.124382 4.7687383 1.8739629 2.0266638 2.8204021 -0.06590639 0.006019959
0 5 0.11815498 9.723108 1.6825905 62.18727 4.7500916 1.5777185 1.9836437 2.8900967 -0.03972477 -3.104136
0 5 0.114834495 -32.73064 2.966351 68.65235 4.4016414 1.5655557 1.9032241 6.2731557 0.02065179 0.050944835
0 5 0.11457899 -9.796119 2.6891267 74.55633 4.4006257 1.4931303 1.8809979 2.0497658 0.021168789 -2.0835955
0 6 0.113086425 -32.226597 2.9714236 66.51128 4.4714437 1.5618744 1.9131873 6.240533 0.039404735 0.03199042
0 5 0.10783202 40.427067 1.5844694 72.04661 4.59804 1.7410864 1.9342871 4.989118 0.035804294 9.841673
0 5 0.10706855 -33.89391 3.1009984 69.77088 4.658815 1.572211 1.9721847 6.254978 -0.024407009 -0.012830603
0 5 0.10224465 41.716415 1.4612153 52.382515 4.762907 1.55671 1.9855167 4.8990726 -0.0647013 5.527898
0 5 0.09868205 27.19824 1.7296445 61.635307 4.5493584 1.5641993 1.9374037 3.620669 -0.025080662 -0.035954054
0 5 0.0977784 40.85732 1.5673466 72.42819 4.586961 1.7704433 1.928013 5.036256 0.0763774 9.791803
0 5 0.09207301 -9.6311455 2.6127214 73.600426 4.3908815 1.4733063 1.8718683 5.1843753 0.06887585 -2.2469945
0 6 0.089665756 -41.08348 2.9273891 52.29149 4.519182 1.7165077 1.9707416 2.830026 -0.07250625 -0.027693098
0 5 0.08803666 -9.635485 2.662621 72.0101 4.356142 1.489792 1.871473 2.0170362 0.0035277735 -2.3329532
0 6 0.08634089 -41.561394 2.933761 53.87674 4.3865147 1.6578507 1.9237728 5.969385 -0.0707116 -0.040216826
0 6 0.084966555 -40.493435 2.7833269 49.31744 4.65522 1.8186358 2.025231 2.836934 -0.053425 0.0006033331
0 6 0.082907364 -32.90593 2.9877837 68.24161 4.663721 1.581468 1.9702016 6.2705727 0.041804537 -0.039921302
0 5 0.08264222 4.9817705 2.2376301 8.931326 4.604625 1.5465978 1.8618355 4.697423 0.002423197 1.2419761
0 5 0.080481686 -9.476402 2.5163803 70.66887 4.363592 1.4604595 1.8837965 5.147111 0.031190297 -2.0342262
0 5 0.07922564 27.034027 1.6851475 62.182762 4.4858747 1.5571506 1.915413 3.5758886 -0.081092454 -0.016219348
0 6 0.0776543 -40.704952 2.675327 48.43431 4.689871 1.836553 1.9957472 2.8194432 -0.06807783 0.007666355
0 5 0.07688398 39.695107 1.7200613 70.880905 4.6062236 1.7676812 1.9284811 4.99071 0.064485304 8.777912
0 6 0.076642066 -33.031853 3.0171733 66.86957 4.4741993 1.5687888 1.9077625 6.210512 0.08003722 0.029383387
0 5 0.07402533 -8.761196 2.1754131 45.369694 4.699917 1.5468705 1.9207385 2.1573763 0.025938837 -2.9050956
0 5 0.07201153 -9.860862 2.6973472 76.175964 4.3941646 1.4898022 1.8752226 2.017896 0.07731833 -1.7961888
0 6 0.070617355 -42.839504 2.9625106 55.968895 4.3229823 1.6679494 1.8984078 5.961225 -0.021654975 -0.004998425
0 5 0.0705634 39.18581 1.6095297 70.41887 4.5885167 1.6910659 1.925682 4.9440475 0.023228278 10.746259
0 5 0.07008788 5.496907 2.3886223 9.137764 4.640818 1.548523 1.9068038 4.8828063 -0.025322404 0.0903939
0 5 0.06954848 42.05746 1.417197 74.76395 4.626673 1.7318673 1.9521027 4.9723897 0.017267821 10.263299
0 5 0.067655146 9.575124 1.6740682 61.957912 4.7120447 1.5803003 1.9678304 2.967202 0.019006846 -1.8376228
0 5 0.06590183 40.853184 1.4512248 50.96794 4.6760774 1.58721 1.9679712 5.1356745 -0.047383986 5.9183946
0 6 0.06369711 -44.597424 3.173195 60.81139 4.2938595 1.5938394 1.8638337 5.992646 -0.012175636 -0.0060030073
0 5 0.06367937 27.800562 1.7321434 63.011646 4.3477297 1.5888599 1.8656906 3.4705272 -0.014311997 -0.005347058
0 5 0.060858943 9.707505 1.7885103 61.74527 4.5790796 1.5649031 1.9269816 2.9393456 -0.00464606 -2.637566
0 5 0.06082909 -0.69405276 1.538556 121.49034 10.769271 3.141636 3.0724206 4.8937335 -0.05066245 0.83513016
0 5 0.060382385 40.310253 1.6904285 71.52385 4.6157174 1.7899201 1.9369446 5.0311484 0.07281556 9.097168
0 5 0.060149435 -9.116579 2.2802527 51.37389 4.478432 1.5302762 1.8749914 1.9778662 0.03606043 -0.6724033
0 5 0.058118243 27.63077 1.7016988 63.148655 4.474056 1.5578219 1.9027946 3.6346285 -0.040881015 -0.789352
0 5 0.05767819 -33.421783 3.0795074 70.02987 4.393003 1.5546988 1.8900564 6.29583 0.0075914655 0.07883394
0 6 0.057624184 -32.597336 3.0174804 67.24884 4.472 1.5609674 1.9056765 6.2637987 0.045260265 0.0758455
0 6 0.057086393 -41.104668 2.900331 50.196865 4.7092705 1.8651305 2.0293646 2.839107 -0.0068267146 0.0055611674
0 5 0.05630823 9.609937 1.8153942 60.80687 4.556491 1.5667518 1.9157625 2.9667566 -0.047649577 -2.1029522
0 5 0.05617605 41.424393 1.4473062 52.324574 4.710257 1.5804269 1.9891384 4.8099184 -0.111387685 6.6524606
0 5 0.05607511 -33.407352 2.9621935 70.87462 4.3242216 1.5657859 1.8917683 6.282014 0.014562426 0.28838623
0 6 0.055825282 -41.751663 3.0050344 52.944946 4.516207 1.7212303 1.9678937 2.8204875 -0.033482216 -0.040483646
0 6 0.054903176 -45.54183 3.3091536 64.25953 4.3204026 1.5709455 1.8515302 6.0150533 -0.013815993 -0.01506405
0 5 0.054405 -8.831633 2.1615596 47.855167 4.4630265 1.580138 1.8728781 1.931186 0.017283833 -0.636756
0 5 0.053875193 38.708977 1.7066617 69.57103 4.5696516 1.7127652 1.9133728 4.9393187 0.04444935 9.4710655
0 5 0.053626373 5.6072187 2.150798 8.658543 4.5448203 1.4986805 1.8945168 4.7438197 0.007843532 0.110771574
0 6 0.053275235 -42.107414 3.0169764 54.457344 4.436629 1.674774 1.9347081 5.973146 -0.03260033 -0.036716018
0 5 0.053140648 -7.973759 2.441296 91.47979 4.6498284 1.5859022 1.9248378 2.1133046 -0.042694874 -2.967367
0 5 0.05170026 42.44033 2.0280142 53.926464 4.5504403 1.5658035 1.9335709 1.7149963 0.0016999785 2.3627229
0 6 0.05016436 -35.785576 3.0386152 70.99043 4.4415207 1.5759459 1.9001654 6.1756754 0.07372717 0.04647094
1 6 0.051941257 -41.306595 2.7902577 49.124382 4.7687383 1.8739629 2.0266638 2.8204021 -0.06590639 0.006019959
3 5 0.07970077 -0.69405276 1.538556 121.49034 10.769271 3.141636 3.0724206 4.8937335 -0.05066245 0.83513016
3 5 0.071624324 -11.163675 0.89908874 51.497826 9.8826275 4.0204196 2.6320252 1.6639848 0.10116098 -2.5287461
3 5 0.06932739 -13.939196 0.6619396 60.405777 10.605072 4.103254 2.5040197 1.3632438 0.065780684 -1.2508439
3 5 0.05278465 -10.841387 0.8991183 53.60088 10.495849 3.938129 2.779524 1.7972593 0.07911768 -2.9801173
7 2 0.20724498 -7.4915323 1.9765306 33.203403 0.7867068 1.7110983 0.70516306 4.624093 0.1350418 -1.2094088
7 2 0.18907121 -7.3894095 1.9641933 32.888428 0.77296454 1.7277735 0.6883228 4.652629 0.18643846 -1.426945
7 2 0.17161827 6.708621 1.8512948 13.689334 0.6705175 1.7695383 0.62154907 4.140494 -0.079952955 -0.022595463
7 2 0.1461646 7.17809 1.8415759 14.694749 0.6807913 1.7645377 0.63542384 4.010375 -0.09787134 -0.0062811766
7 2 0.121508695 6.6004114 1.8316288 13.465637 0.6656621 1.7676456 0.6101248 4.000661 -0.066072226 0.010114983
7 2 0.12032689 7.020251 1.8246462 14.438462 0.64235145 1.7867366 0.61143136 3.9253595 -0.09148118 -0.0041553807
7 2 0.11503338 -7.3562794 1.9583158 32.82533 0.77142274 1.722943 0.69339436 4.6529517 0.08268685 -1.0784799
7 2 0.10799178 -7.620732 1.9809561 33.80154 0.7577291 1.6943284 0.7061829 4.608468 0.10073578 -1.1223528
7 2 0.10243249 -7.4817553 1.9687028 33.641052 0.81299716 1.6962337 0.71920115 4.691078 0.10589624 -0.8078038
7 2 0.08988144 -7.3945985 1.9412978 33.06272 0.8070884 1.7284867 0.6989184 4.693814 0.11057963 0.31318608
7 2 0.08207821 -7.4184313 1.9416885 33.233795 0.7786559 1.7149818 0.6886185 4.690517 0.13025014 0.0054391064
7 2 0.08092861 6.692644 1.8694935 13.531867 0.65788525 1.7473447 0.5984753 4.2254605 -0.091262616 0.014708437
7 2 0.07964699 6.360232 1.9479365 12.823786 0.65795183 1.7432469 0.6313687 4.120606 -0.062156178 -0.0048958696
7 2 0.07516935 10.980507 1.7716322 22.416573 0.5922621 1.6685226 0.5877347 4.2993298 -0.1335296 -1.8470155
7 2 0.073488444 7.5683255 1.7829521 15.49793 0.71310675 1.7791667 0.6395906 3.755945 -0.06946628 -0.015219253
7 2 0.072632395 12.964526 1.7096512 26.435411 0.58326626 1.65627 0.60272676 4.2353024 -0.10914076 -1.097981
7 2 0.069920816 -7.904488 2.0274115 37.70117 1.0753552 1.6465898 0.8377427 1.7173318 0.06643489 -0.9882626
7 2 0.064289995 6.0459905 2.0364342 11.731221 0.98440015 1.6736915 0.8118023 4.6016064 0.08035582 0.06550174
7 2 0.059498407 7.807568 1.7509438 16.058855 0.65150565 1.7472035 0.5998086 3.906589 -0.10027833 -0.03133575
7 2 0.05499917 6.4208913 1.9660999 12.806855 0.67156476 1.720856 0.6032494 4.3030424 0.013695417 0.101461306
7 2 0.05444766 -7.45207 1.9636347 33.114403 0.77490145 1.7475474 0.6821292 4.646973 0.109208114 -0.5069995
7 2 0.054266695 10.3011675 1.8806989 21.05389 0.56870455 1.6781706 0.54692346 1.3723538 -0.13172804 -1.723708
7 2 0.052520495 7.307909 1.8499374 14.81851 0.7005786 1.7847787 0.6088362 4.042755 -0.10518881 5.4694712e-05
7 2 0.05184421 15.465283 1.5969766 31.543894 0.5877221 1.667564 0.6248969 4.1963625 -0.09704335 0.10450459
7 2 0.050871752 -7.7110157 1.9909012 34.66245 0.78696823 1.6778105 0.72790617 4.6561346 0.042426214 -1.0285676
