0 5 0.4415927 5.101019 1.8861179 6.8924603 4.34336 1.4275597 1.8137692 4.457351 -0.011736279 0.017384265
0 5 0.369938 -12.365469 2.399529 36.785625 4.756395 1.5792656 1.9274703 1.9639329 -0.07407855 -5.03495
0 5 0.33527264 4.9565306 1.8143098 6.3585463 4.3466697 1.4584368 1.7926764 4.401273 -0.018764578 0.017227024
0 5 0.28673586 -12.44002 2.457976 37.058575 4.806761 1.5635397 1.9210746 1.9719026 -0.11011344 -3.8098338
0 5 0.28428102 4.475893 1.8941836 60.48495 4.7450237 1.6959455 2.011157 2.8631234 -0.022427728 -1.4774559
0 5 0.26646498 4.6474886 1.9332585 61.473904 4.716618 1.6992095 1.9814645 2.8578396 -0.08448927 -2.5131948
0 5 0.25021502 21.988153 1.4722819 57.736862 4.658565 1.5838163 1.9671706 2.9601617 -0.04351125 -3.7854407
0 5 0.24351919 -12.246487 2.4638107 36.563343 4.6999645 1.5902303 1.9444716 1.9316773 -0.091535345 -6.7579794
0 5 0.23646994 -4.5731587 2.1074204 61.73373 4.6394086 1.5401683 1.9187304 2.398661 -0.07261738 -6.3442225
0 7 0.22564568 4.72091 1.8401048 6.423542 4.4243073 1.4662448 1.829646 4.4211407 0.04465857 0.004834803
0 5 0.21276976 4.0131717 1.8481882 56.353844 4.7391357 1.636683 1.9586928 3.0164042 -0.13744132 -3.0293984
0 5 0.20154652 4.488077 1.9655433 60.023407 4.6361566 1.6881785 1.9626017 2.8462815 -0.014204862 -0.79609287
0 5 0.19512388 21.557592 1.4783132 57.035343 4.713828 1.5543772 1.990632 3.0072088 -0.00466871 -4.1927614
0 5 0.18977498 4.5962825 1.803053 5.974103 4.4005 1.4903119 1.7996142 4.403262 0.0057976022 0.008500654
0 5 0.18887705 -13.240141 2.3316913 39.562275 4.564324 1.5526091 1.8732203 2.0429826 -0.08367365 -3.62884
0 5 0.16515008 -31.403046 2.932234 65.58561 4.768655 1.6121998 2.006575 6.3490887 0.040914066 -0.008120113
0 5 0.16093867 4.5735736 1.906756 60.810375 4.7190785 1.7051976 1.9677736 2.8375535 -0.04037106 -2.9461074
0 5 0.14776619 22.033203 1.4659998 58.12478 4.6968546 1.5695828 1.96875 2.9934292 -0.06557681 -4.78366
0 5 0.14396496 5.3225837 1.946718 7.1009264 4.3176594 1.4590532 1.8100079 4.514657 -0.04829489 -0.020796394
0 5 0.13182068 4.6230965 1.9404836 61.899944 4.7101946 1.7139277 1.9921277 2.862215 -0.008486168 -2.2426236
0 5 0.13121334 -12.143692 2.2946966 36.6817 4.631881 1.5530996 1.8987154 2.1833034 -0.070919655 -3.4273846
0 5 0.12633716 -29.81799 2.7499933 62.577866 4.435783 1.6107925 1.9111669 6.3767543 0.029931376 -0.028193561
0 5 0.124577 4.2306404 1.8429079 56.596428 4.7051353 1.6134831 1.958044 2.931769 -0.110633254 -3.7192168
0 5 0.12006136 -4.6895256 2.1020622 63.4086 4.611684 1.5357801 1.9088936 2.0245152 -0.052617513 -6.048552
0 5 0.12005991 -31.675264 2.8701499 66.12781 4.6526265 1.6099266 1.9834243 6.346591 0.0709514 0.025449302
0 5 0.11922986 -13.367694 2.4136274 39.72045 4.5134583 1.5510132 1.8678861 2.010197 -0.106159836 -3.9151094
0 5 0.109855294 -12.051717 2.371747 35.84706 4.6943307 1.553577 1.8985955 2.0063503 -0.10325816 -2.948101
0 5 0.10820851 -29.844362 2.7534478 61.99411 4.4180846 1.6094626 1.8960385 6.3553586 0.070576645 0.029905714
0 5 0.10757569 -4.520161 2.0632272 60.925484 4.6295156 1.5407559 1.912805 2.365771 -0.04415859 -5.084244
0 5 0.10736349 -31.229654 2.9347925 65.166695 4.758957 1.5837139 2.0010564 6.3654585 0.05429562 0.07798905
0 5 0.10728386 21.626568 1.4878254 57.326927 4.7694526 1.5484074 1.9983866 3.027114 -0.060151353 -3.5014913
0 7 0.10596443 5.315609 1.971036 7.4833336 4.3244915 1.4195169 1.7954437 4.4032207 0.013397744 0.006625617
0 5 0.10206228 20.145876 1.4456143 53.02539 4.5792165 1.5582318 1.910972 3.0217757 -0.11585137 -2.9532156
0 5 0.09846492 21.86121 1.529167 57.508476 4.678433 1.5758907 1.9656404 2.9644537 -0.07292937 -3.9706163
0 5 0.096885115 -4.6582975 2.0658636 62.367466 4.6642 1.5199754 1.9121438 2.2968776 -0.08933052 -5.6194205
0 5 0.092143446 -4.6880264 2.0218496 70.208115 4.751761 1.579008 1.9898467 2.7101939 -0.017545374 -3.543987
0 5 0.09192606 3.911838 1.8202753 57.89905 4.6521535 1.6269196 1.9384708 2.9394207 -0.12249909 -2.1570773
0 5 0.09178809 -4.540337 2.0626657 61.17517 4.669734 1.5586827 1.9401226 2.3440735 -0.098505355 -5.4214406
0 5 0.09091686 -38.34671 2.865377 68.25631 4.620788 1.6972638 1.9950005 4.9541364 0.058764726 2.1812618
0 5 0.09071089 -5.0317907 2.0217447 68.20813 4.64621 1.5000037 1.9056959 2.4057379 -0.03614474 -5.0781717
0 5 0.09044817 -31.288464 3.0313642 65.36541 4.6754403 1.6090474 1.9656727 6.372389 0.02331786 -0.24752492
0 5 0.09019606 -5.204285 2.1390316 68.61089 4.6142473 1.5643853 1.9489503 2.7190628 -0.011712041 -3.3907259
0 5 0.08910027 5.4947047 1.9242983 6.632063 4.676062 1.585728 1.9266076 7.364945 -0.039460838 -0.020916173
0 5 0.08733255 -12.407585 2.3097243 37.419666 4.643062 1.5880783 1.9191381 2.1418202 -0.06443119 -3.2293239
0 7 0.080511115 4.96827 1.9443394 7.016547 4.4570355 1.4481826 1.8416554 4.295016 0.036725827 0.02907551
0 5 0.079329014 21.394398 1.5016116 56.58008 4.715292 1.5644429 1.9789715 2.9939582 -0.009279236 -4.06727
0 5 0.077874936 -11.971878 2.3962522 36.23874 4.645739 1.5362852 1.8891077 2.128448 -0.06382609 -3.3932743
0 5 0.077823825 -20.043995 1.76811 73.48522 4.6070538 1.5744022 1.9351999 4.303995 -0.04175442 7.7280054
0 5 0.07675476 38.00638 0.123485446 65.10467 4.5395527 1.6621605 1.9603177 4.924624 -0.015275211 8.515457
0 5 0.07631828 5.220721 1.871939 6.2914834 4.340177 1.4868882 1.8014649 4.432551 -0.09202448 -0.04817232
0 5 0.07581767 -3.771163 2.0061622 94.26628 5.0018578 1.8450928 2.007058 1.3770217 -0.052269563 -1.9980507
0 5 0.075200014 4.02516 1.8790656 59.641335 4.634698 1.650306 1.9299098 2.890641 -0.11815569 -1.0348358
0 5 0.07202244 -4.1917486 2.1690395 85.396675 4.6500945 1.6286827 1.9320015 1.3376877 -0.06523051 -2.4061272
0 5 0.071557924 -19.672024 1.8460972 73.35177 4.585232 1.5520747 1.91805 4.3206925 -0.04174658 8.950194
0 5 0.06932165 20.978922 1.4103999 54.434444 4.5346584 1.5726073 1.9112155 2.9196987 -0.13589571 -1.1852355
0 5 0.06824748 4.772194 1.48184 5.8227606 4.6324043 1.562022 1.9158579 7.409848 -0.020618116 0.038416978
0 5 0.06639194 -4.5403757 2.0439448 61.64101 4.6518273 1.5405947 1.910046 2.0114853 -0.046986267 -5.8161025
0 5 0.062825896 -4.611741 2.0383847 61.985157 4.6031094 1.5292796 1.8967822 2.0539317 -0.040680237 -5.022483
0 5 0.062348537 -4.357064 2.1216161 93.28562 4.70315 1.7089621 1.9468198 1.3659775 -0.030827709 -1.6830188
0 5 0.06173558 -14.550205 2.616752 44.610203 4.638093 1.5984393 1.8770022 1.8903183 -0.10262032 -0.18932351
0 5 0.061118126 36.860683 0.17133206 63.028687 4.527993 1.6602924 1.9554821 4.9357686 -0.037573844 8.506866
0 5 0.060735732 -4.1917725 2.1020193 84.63011 4.692778 1.638554 1.9382228 1.400725 -0.08566005 -2.757977
0 5 0.060572643 -30.858679 2.7983801 65.65817 4.3613954 1.5809455 1.9002721 6.4481893 0.049376316 0.037179373
0 5 0.05783003 -3.0148323 1.8731732 103.76513 6.666173 2.58002 2.3439286 1.4284468 -0.05723419 -0.58824056
0 5 0.05719248 -38.620495 2.8663201 68.33479 4.6547713 1.7373719 2.0049777 4.7470293 0.07808586 1.945573
0 5 0.05605973 -38.03523 2.9132817 67.61011 4.6005073 1.6576551 1.9806519 4.889329 0.06334125 2.2077909
0 5 0.055923782 -14.636568 2.3966098 43.542 5.7860804 1.7926062 2.0492516 2.0780053 0.021010706 -2.147797
0 5 0.05556216 -18.825678 1.8814328 72.40575 4.556314 1.5461026 1.8798329 4.357771 -0.037469424 8.461835
0 5 0.054992527 -5.0313077 1.9805121 67.36124 4.6079855 1.5285844 1.9263333 2.4319649 -0.029384512 -4.543224
0 5 0.054822154 -30.950592 2.8133364 64.839066 4.5707064 1.6055286 1.9603986 6.395365 0.059838966 -0.012232336
0 5 0.05397728 37.269627 0.19977379 63.76441 4.5507627 1.6955895 1.9706503 4.9205627 -0.037935827 10.514696
0 5 0.053434804 0.5147903 1.9047688 107.80064 5.262692 1.8552071 2.1427474 1.7947757 0.044167295 -1.7201968
0 6 0.053167794 -50.119576 3.0771677 61.04652 4.441891 1.7018851 1.9660082 6.180172 -0.04735176 -0.010087168
0 5 0.052941684 -20.711533 2.0717196 76.64539 4.5427575 1.5593572 1.900469 4.339629 -0.08435803 8.292895
0 5 0.05274814 -4.6634893 2.0770402 68.83421 4.7159305 1.5571439 1.9842992 2.7144487 -0.040779665 -4.188895
0 5 0.051338598 -4.6370225 2.101997 70.383995 4.731652 1.6016895 1.9712152 2.5146728 -0.020185761 -3.5011806
0 5 0.05065707 3.9624643 1.8370647 56.040062 4.670691 1.6339141 1.9547071 3.0035338 -0.110958576 -1.7076435
5 0 0.2666517 11.226466 1.6511004 20.472878 1.7309774 1.4434491 0.5415571 3.583161 -0.04396855 -0.010946237
5 0 0.20611045 11.367145 1.6348321 20.74954 1.7249694 1.3752706 0.50794894 3.656315 -0.074562594 -0.012931816
5 0 0.17125018 11.242755 1.6738632 20.625961 1.7553989 1.4026363 0.5650999 3.8492737 -0.040948905 -0.012597144
5 0 0.14471321 11.604531 1.6257222 21.246231 1.7966387 1.5157334 0.6000702 3.5189023 -0.03538115 -0.047865704
5 0 0.13210675 11.26076 1.6443857 20.6355 1.718343 1.4082794 0.5184857 3.5565686 -0.05109226 0.0011088774
5 0 0.1178397 11.481962 1.6584272 21.09163 1.7070109 1.370449 0.50840193 3.6211245 -0.047413297 -0.0011778884
5 0 0.09739937 12.114625 1.6765949 22.13698 1.8310345 1.5335821 0.62282586 3.0304093 -0.041324176 -0.029669993
5 0 0.08621322 11.336665 1.6007881 20.894045 1.8140506 1.4753193 0.5623349 3.7456176 0.016868794 -0.0009363964
5 0 0.07867516 12.029982 1.6408234 22.021421 1.814591 1.334758 0.5770189 3.8507085 -0.0057656914 0.03573955
5 0 0.060541637 11.135938 1.7363396 20.374321 1.7848716 1.2726123 0.5273148 3.6837668 -0.029607229 0.016747266
5 0 0.051259566 12.597616 1.6440811 23.0713 1.8055409 1.448501 0.59940094 3.7362902 -0.006716104 -0.002510475
5 0 0.05050687 11.954545 1.688429 21.911592 1.8314983 1.2725616 0.56024635 3.7232418 0.026186975 0.035788994
5 0 0.050217614 11.955455 1.6405115 22.011366 1.7979324 1.2963498 0.54455584 3.80937 0.016020259 0.036836844
6 0 0.061142504 11.242755 1.6738632 20.625961 1.7553989 1.4026363 0.5650999 3.8492737 -0.040948905 -0.012597144
6 0 0.05739318 12.114625 1.6765949 22.13698 1.8310345 1.5335821 0.62282586 3.0304093 -0.041324176 -0.029669993
6 0 0.05155488 11.3611145 1.6667476 20.803608 1.7987418 1.3677108 0.53150636 3.7006464 -0.051681623 0.024624787
7 2 0.33466738 -7.6512213 2.0580587 30.576225 0.7749651 1.7661452 0.67858595 4.663606 0.32098085 1.0183678
7 2 0.2692178 -7.817911 2.0776646 31.298962 0.80986273 1.7824434 0.67924005 4.683903 0.3285074 1.1079657
7 2 0.1685891 -7.7946973 2.0613337 31.156591 0.7820213 1.7792221 0.6716147 4.649628 0.2829458 1.0014873
7 2 0.14652324 -7.838975 2.0043626 31.143915 0.7011092 1.7623657 0.62235683 4.656404 0.21781309 1.1087996
7 2 0.13385199 -7.759481 2.0121067 30.890282 0.7891571 1.7458717 0.6856018 4.7239447 0.3299614 0.92847115
7 2 0.092022635 -7.5875206 2.0888264 30.809925 0.8146408 1.777238 0.66418225 4.8655763 0.17891835 0.710235
7 2 0.083195046 -7.708566 1.9102235 30.796926 0.7579632 1.7826071 0.6559998 4.7492704 0.21307431 0.8461223
7 2 0.075477906 -7.68011 1.9427958 30.99121 0.7918673 1.8001751 0.67799777 4.802817 0.2226975 0.9034939
7 2 0.07177523 -7.8937793 2.1325169 31.480316 0.78361064 1.7511744 0.6703584 4.6884127 0.2798814 2.381679
7 2 0.07056736 -7.8912697 2.0527372 31.208372 0.9842297 1.6892208 0.65932375 4.6304455 0.02763007 3.0001698
7 2 0.06896411 -7.701527 2.039796 31.416182 0.83092684 1.7571629 0.7190743 4.5966926 0.344663 1.7415243
7 2 0.06291525 -7.6688256 2.0361757 31.212044 0.8287898 1.7635626 0.7371956 4.5892406 0.30431736 2.406809
7 2 0.06135185 -8.184712 2.0828094 31.500858 0.7303097 1.7681977 0.6469903 4.6374555 0.2238804 2.2136152
7 2 0.05840409 -8.137045 2.0172987 32.57209 0.86366266 1.7179769 0.67674327 4.6636796 0.03784389 4.6428576
7 2 0.05672823 -7.7981668 1.9703598 29.938679 0.7462591 1.725307 0.6117079 4.58607 0.020773089 2.2335708
7 5 0.05472352 -4.5731587 2.1074204 61.73373 4.6394086 1.5401683 1.9187304 2.398661 -0.07261738 -6.3442225
7 3 0.054065797 20.940222 1.1539613 65.778786 0.6223945 1.8627983 0.5920795 1.7453015 -0.059960052 -0.5152416
7 2 0.05155485 20.845453 1.1366539 65.41006 0.6244056 1.8376291 0.58325976 1.67813 -0.09278241 -1.7419417
7 2 0.050586563 -7.995458 2.1246784 31.781487 0.7640048 1.7321712 0.6890436 4.7047086 0.2557446 2.690093
7 2 0.05057377 -8.147111 2.0504086 32.011585 0.78179675 1.7879982 0.6269177 4.6934075 0.21376453 0.86069006
7 2 0.050176825 -8.306989 2.0365727 33.342796 0.84045625 1.7090641 0.671946 4.5868244 0.10807148 4.4959736
