0 5 0.36314476 -11.137603 2.4877822 30.758804 4.687676 1.8910643 1.9858527 2.1510322 -0.023513343 -1.2688365
0 5 0.23532285 -9.246092 2.0812228 24.435083 2.4188945 1.8007559 1.2572749 1.9590776 -0.020217454 -0.26622716
0 5 0.19658862 -8.746386 2.0745382 22.75053 2.0117562 1.8107857 1.1820732 1.8669974 -0.017500645 -0.48585653
0 5 0.18801509 -11.331916 2.5484502 31.2229 4.7424035 1.9064265 2.0086806 2.152395 -0.009740343 -1.853879
0 5 0.18419226 -11.06167 2.4742208 30.485897 4.6832056 1.8925623 1.9905118 2.1072724 -0.08148468 -1.2123141
0 5 0.16442242 -10.965859 2.5318859 30.079702 4.6110587 1.8958907 1.955627 2.0904014 -0.04986824 -1.4684652
0 2 0.15216504 -7.569594 2.0092175 19.406084 0.74910194 1.8094571 0.7365537 1.5060874 -0.04652296 0.06592485
0 5 0.118996024 -10.26577 2.1539702 28.515753 4.745923 1.8642061 1.9706489 1.981638 -0.1538099 -2.2433007
0 7 0.10698431 36.684376 0.2848388 43.62416 4.203628 1.6682842 1.8364418 5.6850734 0.06529943 4.131123
0 5 0.10555658 -7.838563 2.0155692 20.208181 0.8843021 1.8035624 0.7868874 1.8993198 -4.506111e-05 -0.05990239
0 5 0.09177085 -8.753414 2.7843258 91.14978 4.6983094 1.4912599 1.9513565 1.8978869 -0.025850534 -5.5824146
0 5 0.088265486 -4.833572 2.6069262 95.332664 4.671896 1.5602889 1.9643756 1.4838144 -0.02318078 -5.8381367
0 5 0.0855519 -31.192593 2.844966 62.76886 4.4966855 1.6325362 1.9320586 1.5453948 -0.018724728 -0.04823093
0 5 0.08316102 38.637012 -0.031780362 46.237415 4.572975 1.7450613 1.9636362 5.7350616 0.065671496 1.4074745
0 5 0.08289431 -9.960199 2.902275 93.7577 4.6498947 1.5410126 1.9564723 1.8977612 -0.010998083 -4.651338
0 5 0.0766023 -4.7557325 2.5650141 94.82865 4.700825 1.5816965 1.9640731 1.5123079 0.0066753253 -5.385834
0 5 0.07294916 39.51068 0.10079658 47.245037 4.5270925 1.7464745 1.9553958 5.720042 0.092413135 1.3483318
0 5 0.067776866 -31.478512 2.8883917 62.942368 4.47802 1.6367215 1.9253529 1.5874888 -0.009959694 -0.040141493
0 5 0.06601017 -3.0705469 2.3664052 97.43462 5.0945187 1.7806572 2.0443773 1.5678003 -0.05044432 -2.3085756
0 7 0.06465896 37.688198 0.25583595 44.77714 4.2308717 1.6753061 1.849393 5.6880665 -0.0060316278 4.1683393
0 7 0.06464394 37.07087 0.29129106 44.114677 4.2306213 1.6495018 1.8387614 5.679457 0.048097104 4.954615
0 5 0.063996926 39.57325 -0.07603532 46.51897 4.574831 1.748447 1.9358134 5.7573843 0.06759632 2.5680432
0 7 0.06251037 38.593235 0.2889467 45.501854 4.1874437 1.6330873 1.831473 5.689816 0.046712846 4.8920093
0 7 0.061880667 37.829704 0.21884674 45.149055 4.247344 1.6769882 1.852231 5.69053 0.04736746 3.2753048
0 5 0.060244534 -8.564823 2.6691434 90.887115 4.738249 1.4810917 1.953686 1.8101268 -0.014901184 -6.0681477
0 5 0.059799105 -2.5015976 2.162435 101.68008 5.076664 1.7991571 2.0521657 1.60522 -0.030668762 -1.9854385
0 5 0.057669446 40.443478 0.14551121 47.704674 4.548812 1.7353368 1.9636786 5.749998 0.06475054 2.3705335
0 5 0.05754294 -7.8463373 2.074374 20.121025 0.8631763 1.7892507 0.74457824 1.7289957 -0.071499415 -0.017181033
0 5 0.056739487 -4.6879015 2.5650363 93.34262 4.7017183 1.5751768 1.9460411 1.518668 -0.059802026 -4.0308084
0 5 0.056021784 -1.1041617 2.281887 106.162895 4.8373246 1.7215896 2.0188043 1.7298453 -0.03008942 -2.1340077
0 5 0.054738108 -11.389774 2.4935193 32.848755 4.7580786 1.8672591 2.0107727 2.1107233 -0.022353582 -0.66512805
0 5 0.053147256 -10.519427 2.2066443 29.351795 4.699802 1.8745434 1.9461023 2.005072 -0.07379306 -3.6818259
0 5 0.053048152 -4.846922 2.6076086 93.96031 4.635381 1.5398499 1.953268 1.4667602 -0.066014074 -5.6185026
0 5 0.052336257 -8.892131 2.790029 91.97189 4.7462087 1.5137118 1.9629004 1.9064181 0.003726557 -5.187508
0 5 0.051545065 -3.2708037 2.4479249 96.22159 4.9264927 1.7188181 2.0156045 1.559291 -0.0047512185 -3.337388
3 5 0.4175996 13.59149 1.0919994 51.945625 12.007739 3.2578273 2.9330957 3.636761 -0.08527763 -1.19436
3 5 0.15225008 12.581513 2.3286767 49.508595 12.19208 3.324701 2.9431777 3.677366 0.040832594 -1.0295078
3 5 0.14639741 13.194267 1.6360528 51.0682 12.297178 3.1682174 2.9914653 3.7426789 -0.0030145282 -0.21166736
3 5 0.10499098 13.276026 2.049919 51.538307 12.277071 3.3046715 3.1043947 3.6997125 0.020705244 -0.43834457
3 5 0.09577431 14.084048 2.1630032 53.945232 12.494387 3.3836663 3.1471462 3.6137927 0.010145562 -0.707278
3 5 0.081157334 13.52783 1.58792 50.098995 12.34666 3.2420614 3.0441477 3.773286 -0.035212055 -0.09912292
3 5 0.08061513 13.888031 1.1096541 51.68932 12.169732 3.232147 3.0129383 3.5463538 -0.09358513 -0.72114694
3 5 0.077654526 13.951761 1.1812278 51.029846 12.033515 3.223952 3.012715 3.511067 -0.05662202 -0.3505418
3 5 0.06929478 12.786289 1.6580188 50.332962 11.698415 3.1554098 3.206756 3.5841749 0.0032621603 -0.03195859
3 5 0.056214683 14.299562 1.0953629 53.26145 12.21404 3.2154746 2.9555247 3.7197778 -0.06560404 -0.12143481
3 5 0.053674098 9.107164 1.6076818 69.01316 7.87861 2.9476383 2.7176597 3.1454601 0.016147526 -0.60116637
3 5 0.051872533 21.898752 1.0903982 54.525585 11.910116 3.170007 2.9056764 4.7364335 0.0011086799 0.08593614
4 5 0.051405948 13.59149 1.0919994 51.945625 12.007739 3.2578273 2.9330957 3.636761 -0.08527763 -1.19436
7 2 0.28795126 -7.569594 2.0092175 19.406084 0.74910194 1.8094571 0.7365537 1.5060874 -0.04652296 0.06592485
7 2 0.1430975 -7.5600076 2.0333548 19.312397 0.75213516 1.7935357 0.71126586 1.3232995 -0.06462572 0.09172569
7 5 0.12246268 -7.838563 2.0155692 20.208181 0.8843021 1.8035624 0.7868874 1.8993198 -4.506111e-05 -0.05990239
7 2 0.11856406 -7.617116 2.0247397 19.553696 0.7670551 1.7798631 0.68240374 1.5375385 0.0042371806 0.012643665
7 5 0.10049853 -8.746386 2.0745382 22.75053 2.0117562 1.8107857 1.1820732 1.8669974 -0.017500645 -0.48585653
7 3 0.090759896 -7.7353425 2.1384928 19.600199 0.7147702 1.6675574 0.6614335 6.567085 -0.1586598 0.031266
7 3 0.08587096 -7.5526586 2.02424 19.25845 0.7590586 1.7836332 0.6788377 1.5417982 0.04872784 0.10466909
7 3 0.079605885 -7.553147 2.1634624 19.188618 0.6772655 1.6612252 0.6223351 3.5798013 -0.08797261 0.08110403
7 2 0.07799351 -7.7230086 2.0200853 19.808615 0.8608641 1.7552171 0.69058216 1.8897029 -0.043262273 -0.026834462
7 5 0.0759719 -9.246092 2.0812228 24.435083 2.4188945 1.8007559 1.2572749 1.9590776 -0.020217454 -0.26622716
7 3 0.063155964 -7.889727 2.258282 20.074934 0.666665 1.6780529 0.67090213 6.6551185 -0.22486502 0.074063726
7 5 0.0562904 -7.8463373 2.074374 20.121025 0.8631763 1.7892507 0.74457824 1.7289957 -0.071499415 -0.017181033
7 3 0.05549711 -7.808653 2.1773813 19.795929 0.7135985 1.6828172 0.69184864 3.3544185 -0.2439909 -0.032215618
8 8 0.062959954 21.160976 1.72868 27.92016 0.45885962 0.64282125 0.477292 5.58482 -0.07695949 0.0008603856
8 8 0.058577485 20.997179 1.6661214 27.71041 0.45488465 0.6453486 0.4331392 5.5518703 -0.07295405 0.0053807627
