0 5 0.3443509 33.637207 1.5461025 45.266647 4.524688 1.555461 1.916984 3.309553 -0.024917755 -0.25780737
0 5 0.16751389 33.2976 1.5129855 44.922443 4.522399 1.5414269 1.9170521 3.2884917 -0.0519808 -0.6056237
0 5 0.16315882 33.909584 1.5156741 45.584736 4.5264883 1.5715961 1.919154 3.336966 -0.04302918 -0.01975021
0 5 0.15253317 33.44369 1.5067794 45.12688 4.4772763 1.5519825 1.9122841 3.3243275 0.017048469 -0.011301348
0 5 0.121407636 -4.46616 2.4318223 89.43295 4.6411867 1.5271325 1.9433315 1.7499356 -0.05099932 -3.780173
0 5 0.11248361 -7.448839 2.507722 84.527306 4.576297 1.5031343 1.9245688 1.8951298 -0.0032000896 -4.3208785
0 5 0.10308408 0.31563595 2.3335013 109.849464 5.2357926 1.9276085 2.0930793 1.8657619 0.06593437 0.37135646
0 5 0.09289057 32.63371 1.4834204 44.135925 4.4408517 1.5679317 1.9019147 3.3461814 -0.031252194 -0.004700793
0 5 0.08355797 -4.638711 2.4801507 89.17026 4.610687 1.5125769 1.9317392 1.7710177 -0.062385768 -4.3500147
0 5 0.08216953 36.156868 1.7573788 48.600582 4.1915097 1.5901955 1.8364271 3.362216 -0.053036757 -0.4683794
0 5 0.08082766 36.71401 1.8351166 49.29273 4.258792 1.5674702 1.8448184 3.3720827 -0.025978293 0.028045189
0 5 0.07740411 -7.2962246 2.5055923 86.574905 4.601142 1.5069007 1.9353846 1.7986212 -0.016833855 -4.4193845
0 5 0.07453989 -4.5131288 2.443409 88.415565 4.5705566 1.5006802 1.947139 1.7685465 -0.07870917 -3.4433606
0 5 0.073651895 -7.280849 2.4772916 83.06986 4.5509515 1.4929814 1.8976067 1.8622614 -0.04495857 -4.042555
0 5 0.06946775 -1.6015704 2.060556 101.93509 4.9813523 1.8080479 2.0284424 1.7994411 -0.049777962 -1.5205662
0 5 0.06688615 -11.629591 1.7781444 37.949974 11.363827 3.2652678 2.8893442 2.0667264 -0.09740421 -1.7847737
0 5 0.06609216 -3.314759 2.3499193 92.43952 4.818319 1.6182649 1.9625567 1.752394 -0.054214932 -1.7652097
0 5 0.063765615 0.11749317 2.23916 110.24712 4.8925967 1.7733613 2.0388966 1.8558027 -0.030550966 1.5076567
0 5 0.063480735 47.56421 0.46846932 57.751205 4.4866505 1.6415864 1.9302771 2.8137803 -0.013371523 -0.54423976
0 5 0.061605982 0.69304365 2.3334794 108.42773 5.0571446 1.8668629 2.0783947 1.841122 0.08861144 0.89196783
0 5 0.059449326 -9.299979 2.0325944 26.415043 7.6488366 2.6068199 2.0966475 2.0632343 0.070279665 -0.6287644
0 6 0.057600748 -10.043577 2.1159525 66.83266 4.4155264 1.5572135 1.8868929 1.8278477 -0.069736466 -0.89327806
0 5 0.057590447 49.031628 0.28230608 57.867863 4.338135 1.6417733 1.8877321 5.7567663 0.041828178 3.3958068
0 5 0.0568499 48.49393 0.2783516 57.83479 4.3396683 1.621417 1.8869895 5.723926 0.03331729 3.189036
0 5 0.056175407 -7.4768686 2.5075293 85.17519 4.5601664 1.5068758 1.9227625 1.9061801 0.0031853616 -3.850583
0 5 0.056096848 -11.314221 2.0919847 34.378628 9.768313 2.8804052 2.6457598 2.345682 0.0033230297 -1.0439106
0 6 0.055699255 -10.034473 2.155086 71.78061 4.401993 1.5389452 1.8843182 1.8466922 -0.07391971 -0.35477012
0 5 0.055419583 43.55921 0.8813939 54.440987 4.517966 1.5931733 1.9202777 2.9999588 -0.02625163 -0.01845589
0 5 0.052559126 38.147564 1.2051175 49.213562 4.490799 1.5726019 1.9210705 3.2357886 0.0033225399 -0.04033783
0 5 0.052176658 4.5857344 2.093202 115.82561 4.917247 1.708899 2.0577774 4.6542463 0.0038778596 4.895939
0 5 0.05195329 49.105392 0.1770035 59.55369 4.3475676 1.614123 1.8899157 5.7328615 0.028465146 3.057072
0 6 0.051538035 -9.88514 2.1346042 61.46669 4.409161 1.5611407 1.8827416 1.8102884 -0.06255418 -0.14541215
0 5 0.05149514 47.792072 0.42116788 59.139175 4.496996 1.6626024 1.9342952 2.7460318 -0.0033237236 -0.004618317
0 5 0.051200796 49.18251 0.123806775 60.40056 4.3277464 1.6115888 1.8863393 5.776161 0.023182483 3.6147938
0 5 0.05076942 -7.4390917 2.476734 83.791405 4.497725 1.510867 1.930085 1.9202538 -0.079462685 -3.0134568
0 5 0.050388277 50.498043 0.23741305 58.953518 4.343193 1.6600406 1.8872486 5.7981324 0.0053869113 3.1157568
3 5 0.23828019 -11.629591 1.7781444 37.949974 11.363827 3.2652678 2.8893442 2.0667264 -0.09740421 -1.7847737
3 5 0.23780937 -16.40282 2.6700077 39.455925 11.671979 3.3274376 2.861937 2.06288 0.015163133 -0.22008458
3 5 0.19438538 -15.482082 2.3266706 31.839417 12.085014 3.4974627 2.8560622 4.960234 -0.00070694275 0.056838267
3 5 0.18602063 -16.029455 2.3331256 32.942375 11.836493 3.561407 2.7855766 4.9773865 -0.04128111 0.8777022
3 5 0.15954801 -10.941778 1.8276342 36.78351 11.119215 3.2154808 2.8391998 2.183939 -0.03199894 -2.7736168
3 5 0.15146743 -17.214243 2.426101 34.723717 11.457444 3.446847 2.6906915 4.970958 0.022781553 0.57575357
3 5 0.14842285 -14.911239 2.7683349 39.96962 11.498989 3.4509976 2.8650672 2.1350493 0.038957484 -0.2364986
3 5 0.13566343 -9.299979 2.0325944 26.415043 7.6488366 2.6068199 2.0966475 2.0632343 0.070279665 -0.6287644
3 5 0.13053451 25.350811 1.2697448 139.28497 12.647781 3.0888815 3.018522 4.85144 0.014096325 4.036868
3 5 0.121421695 -11.314221 2.0919847 34.378628 9.768313 2.8804052 2.6457598 2.345682 0.0033230297 -1.0439106
3 5 0.102434024 -12.311005 1.8356142 39.714363 12.4095335 3.3829565 2.9408891 2.1849906 -0.046552166 -1.2943733
3 5 0.09781167 -13.979699 2.0214431 39.79793 11.557375 3.3942332 2.9744058 2.1424978 0.0136978105 -0.19930744
3 5 0.08690954 25.435202 1.2652895 141.91974 12.524173 3.0624201 3.039426 4.874736 -0.019522438 4.6693106
3 5 0.08407293 -15.734352 2.0750046 32.764347 12.050791 3.523666 2.953479 4.964304 -0.025083262 1.5342449
3 5 0.08265599 -14.294413 2.6649652 39.976807 11.711118 3.3321648 2.840995 5.317599 0.07006381 -0.3685676
3 5 0.08120215 -16.215267 2.141025 33.67541 12.432639 3.5210721 2.9684381 5.016289 -0.03810007 0.44454902
3 5 0.07315645 -11.404431 1.7186594 38.678032 11.46559 3.3103328 2.8901854 2.103408 -0.005557404 -1.4400625
3 5 0.07219801 24.59262 1.289741 134.80266 12.598472 3.126907 2.958768 4.8616023 0.018485645 4.104138
3 5 0.068657205 -6.552952 2.0988896 16.90073 1.0616035 2.0823665 0.8779342 5.6584325 0.20478314 0.31992
3 5 0.066487834 -15.37002 2.200939 38.397774 11.304209 3.3548994 2.8106155 5.2372646 0.0039570592 -0.08268277
3 5 0.061486885 -12.541755 1.6517949 40.48367 11.40693 3.3177032 3.0169115 2.13182 -0.054018505 -1.2932993
3 5 0.06121489 25.954498 1.2505481 142.40796 12.669759 3.0484653 3.0115762 4.8853335 0.010463215 4.038629
3 2 0.059712246 -11.684378 1.8060071 34.449993 9.9597225 3.3335485 2.6725118 2.1585996 0.075914465 -1.0161257
3 5 0.058509152 -11.001129 1.6817522 37.33321 11.331968 3.3004549 2.8835044 2.2085948 -0.027135659 -1.399093
3 5 0.05672204 -12.2222185 2.7640665 41.38302 10.949566 3.3405974 2.7764242 5.4302278 0.03956546 -1.1131074
3 5 0.055265393 -14.20884 2.236625 37.69744 11.110791 3.3718457 2.8329256 1.9996928 -0.0044192625 -0.14388354
3 5 0.05158575 -12.79273 2.105665 42.78336 11.228052 3.2201927 2.8375666 2.255058 -0.030301943 -0.83747756
3 5 0.050778285 -7.5670457 2.2938404 17.979223 1.4593086 2.2421787 0.99989206 5.04037 0.051185295 0.20551446
3 5 0.050723758 -17.409834 3.0133233 39.68222 11.751032 3.5968719 2.910609 5.244193 0.027200872 0.46740133
7 2 0.4371965 -7.095261 2.0597386 17.798813 0.83935976 1.7279222 0.7416509 6.1029654 0.40847155 0.38349828
7 2 0.29045105 -7.173168 2.1332576 18.054417 0.8985225 1.7822565 0.78315127 6.216225 0.37291637 0.3088113
7 2 0.24520922 -7.255714 2.1142864 18.230642 0.8025943 1.7259598 0.6670481 6.1563764 0.2835259 0.2888942
7 2 0.21861148 -7.3066764 2.112306 18.327763 0.8611527 1.7059405 0.72113293 6.309015 0.43278128 0.5177148
7 2 0.104829766 -7.094648 1.8714336 17.74696 0.49459943 1.5873377 0.55361056 4.9054637 0.23039158 0.18263009
7 2 0.10065899 -6.8331423 1.997046 17.12545 0.7790747 1.8118998 0.7070185 6.2672167 0.3081885 0.15458035
7 2 0.082632236 -7.307905 1.9760752 18.903004 0.8452037 1.708122 0.73294824 4.539406 0.27498776 0.39825785
7 2 0.082367994 -6.8399763 2.066242 17.302668 0.8385904 1.8168272 0.7694361 6.331525 0.29892382 0.36235556
7 2 0.07755083 -7.9236736 2.2057757 19.6724 0.84981227 1.654042 0.6832886 6.1011395 0.15981424 0.16105333
7 2 0.071402974 -7.311113 2.0788438 18.401392 0.80815667 1.7161888 0.70430505 6.09756 0.23784514 0.45689303
7 2 0.06954381 -7.9330955 2.2192287 19.744019 0.8697247 1.6679298 0.6840166 6.1692457 0.1956565 0.15922245
7 2 0.06580757 -7.278353 2.1391268 17.967249 0.9484524 1.798085 0.755384 6.217983 0.1831656 0.20332196
7 2 0.062581606 -7.74473 2.0999656 19.307003 0.8476935 1.694467 0.7102045 6.236778 0.12466485 0.3059407
7 2 0.057060894 -7.4846992 2.142664 18.43356 0.9251738 1.7256981 0.70139706 6.347704 0.45469746 0.7799687
8 8 0.07930506 18.749012 1.4850531 24.492073 0.4001547 0.681276 0.43341917 5.4549136 -0.074675865 0.0013439246
8 8 0.072802015 19.596075 1.5638624 25.675024 0.391366 0.6898036 0.3843488 5.80236 -0.07282807 -0.020873804
8 8 0.070346005 19.269686 1.5154971 25.170086 0.40326887 0.69786507 0.40724632 5.641915 -0.07902699 0.0032023862
8 8 0.06951674 19.411276 1.6225119 25.758354 0.3734541 0.6809906 0.35247716 6.1253633 -0.031082083 -0.015433131
8 8 0.051290806 19.873339 1.6804091 26.372635 0.37758476 0.69969136 0.3798947 6.288727 -0.016380902 -0.024618877
8 8 0.050832096 18.773483 1.4094546 24.330698 0.39269865 0.68839866 0.42300725 5.3720565 -0.058881186 0.01325288
