0 5 0.1585494 -40.340866 3.6312325 59.909233 4.605347 1.5838548 1.9779967 2.3520713 -0.059516788 -1.491921
0 5 0.11804742 -40.436462 3.5733347 59.967968 4.5768285 1.5726545 1.9543796 2.1853356 -0.03330122 -3.2891946
0 5 0.115834154 -40.231503 3.6776042 59.614746 4.5410523 1.5951173 1.9419253 2.186058 -0.04160607 -3.4820993
0 5 0.09258309 40.25182 0.26794398 47.474617 4.2040577 1.661434 1.842702 5.7503705 0.08427811 5.1204157
0 5 0.08823428 -41.050602 3.6383834 60.81945 4.531151 1.577887 1.9515182 2.1614008 -0.078067504 -2.3266885
0 5 0.075217545 -39.28311 3.4620037 58.149143 4.3896227 1.6006001 1.9099652 1.637853 -0.051738948 -0.039882094
0 5 0.07160347 41.478683 0.2291382 48.54785 4.2141557 1.6577722 1.8402259 5.7706633 0.055210344 4.731797
0 5 0.06615181 41.877045 0.18680239 49.794765 4.5607495 1.655018 1.9519268 5.7860494 0.0326733 3.2758522
0 5 0.06567573 40.92928 0.0159266 48.873207 4.631197 1.6444682 1.9579552 5.789952 0.011381278 3.1458874
0 5 0.065565616 -21.39027 1.9369584 69.12597 4.510512 1.661767 1.9214911 4.361704 -0.06253801 9.382752
0 5 0.064578794 42.779182 0.16381502 49.901535 4.577275 1.6612102 1.9285434 5.8312616 0.029390136 4.959667
0 5 0.06329065 -21.602966 1.9351127 69.84595 4.465855 1.6422769 1.9064766 4.3638372 -0.04725042 11.89702
0 5 0.06107122 43.344227 0.20906496 51.990353 4.5495276 1.6626003 1.9480331 5.8130836 0.087503105 3.5922048
0 5 0.059576303 42.13175 -0.01930517 49.276047 4.6242356 1.6469331 1.9388764 5.814665 0.03506591 4.897856
0 5 0.056467846 42.90373 0.24481606 50.80485 4.5656776 1.6676537 1.9635316 5.8028994 0.06770442 4.0137787
0 5 0.05617203 40.64281 0.20851398 48.60263 4.26225 1.647853 1.854235 5.714162 0.10969757 3.9249122
0 5 0.055212796 0.676099 1.5823838 48.710552 11.988413 3.1190574 2.9097688 2.8100958 -0.0073628565 -0.73240906
0 5 0.05408423 -39.872498 3.482107 58.799194 4.3743873 1.5923657 1.9028393 1.6466781 -0.054123618 -0.12542976
0 5 0.053527243 -21.766106 1.9382192 70.720345 4.546567 1.6395459 1.9318644 4.3482075 -0.08238471 10.548431
0 5 0.052542243 41.5542 0.2360062 48.91888 4.2432046 1.6658827 1.8522345 5.74215 0.028905941 5.538229
0 5 0.052355286 39.568016 0.2731679 46.976646 4.2497587 1.6474595 1.8407601 5.703947 0.10342027 5.1138687
0 5 0.05225324 40.024876 0.26606673 47.23872 4.2410355 1.6590062 1.8443565 5.739811 0.09395058 5.256073
0 5 0.05073516 43.291306 0.15361863 53.296215 4.573294 1.6302564 1.9431672 5.887542 0.050830342 2.0829656
3 5 0.46387586 0.676099 1.5823838 48.710552 11.988413 3.1190574 2.9097688 2.8100958 -0.0073628565 -0.73240906
3 5 0.18407375 0.7936019 1.5812606 49.0205 11.823933 3.0981705 2.84935 2.9157271 -0.02427141 -0.008382029
3 5 0.15503357 0.73713845 1.6120441 47.983376 12.062268 3.1093376 2.950974 2.90538 -0.05372145 -0.6835397
3 5 0.14972986 1.20728 1.6448333 49.50953 11.872114 3.1599364 2.864047 2.9789875 -0.010364978 0.01257452
3 5 0.14434364 0.82721525 1.6519197 49.881508 11.937307 3.1257126 2.884328 3.0085616 -0.08612503 0.07879143
3 5 0.10796329 1.4039669 2.440556 49.108437 12.081239 3.1576555 3.0174875 2.8212206 -0.006785971 -1.4655839
3 5 0.09097705 1.0178865 1.9128973 50.532227 11.84087 3.1964078 2.9091375 3.0725083 -0.042826556 -0.12552965
3 5 0.085732244 1.2665318 1.6612377 48.493668 12.219881 3.1108327 3.0498438 2.8576531 -0.094883285 -0.27591217
3 5 0.08492818 0.46404365 2.7909415 47.71277 10.975216 3.1139476 2.793739 3.1306458 -0.0097521 -0.06508419
4 5 0.06283204 0.676099 1.5823838 48.710552 11.988413 3.1190574 2.9097688 2.8100958 -0.0073628565 -0.73240906
6 0 0.06912586 -16.557625 2.1272016 44.09049 1.915476 1.6268888 0.6277476 1.0931177 -0.06431787 1.6421123
6 0 0.06855077 -16.62917 2.13513 42.5643 1.9218655 1.6204413 0.6612272 1.0613601 -0.043823384 1.2424667
6 0 0.06200442 -16.923464 2.178709 42.575497 1.7589678 1.6278291 0.5922239 1.1724489 -0.049867943 0.36863795
6 0 0.056059744 -17.722624 2.2096298 44.215847 1.793476 1.642879 0.59209776 1.5337296 -0.0879033 -0.014700219
6 0 0.053182162 -16.881247 2.1505253 43.328907 2.0998552 1.6115927 0.71437633 1.0521256 -0.047642663 1.9185854
6 0 0.051138803 -16.509554 2.1630936 43.72916 2.0041995 1.6071419 0.6482268 1.0683132 -0.05779686 1.0116116
7 3 0.37822422 -7.2209096 2.0876224 18.091715 0.7346548 1.7338258 0.69838196 6.5685287 -0.031252228 0.01947271
7 3 0.2649924 -7.146839 2.0616617 17.856163 0.72319245 1.7304721 0.64942193 6.6171656 -0.018097742 0.03805674
7 3 0.25582862 -7.322515 2.1128628 18.251787 0.7718791 1.732518 0.7084522 3.5917082 0.027079033 0.092755824
7 3 0.10297455 -7.401029 2.083787 18.557503 0.7617048 1.7266836 0.7043475 6.461155 0.03573422 -0.056031853
7 3 0.10261812 -7.396399 2.1375344 18.139303 0.7198113 1.7410731 0.6734136 6.4419637 -0.009449898 -0.008079539
7 3 0.09191478 -7.4712024 2.1420066 18.308205 0.7152963 1.7278687 0.65416825 6.5946198 0.026128003 0.14236769
7 3 0.09112497 -7.1797185 2.0800867 18.067547 0.64388096 1.8232832 0.62486005 6.436534 0.15396687 -0.026462121
7 3 0.06820516 -7.135134 2.075467 17.862112 0.6589115 1.8072834 0.6465687 6.3279347 0.11423648 -0.07660451
7 3 0.06805145 -7.506599 2.0820146 18.67252 0.8466215 1.7231954 0.7054672 3.2511768 0.001824433 -0.04201207
7 3 0.06371614 -7.027457 2.0050616 17.678703 0.6928545 1.7457685 0.638571 6.5415897 -0.067643605 0.05396554
7 3 0.0625513 -7.422966 2.0153136 18.441702 0.6391915 1.6739374 0.59854645 0.5802289 -0.08506025 -0.10306262
7 3 0.051504042 -7.4661574 2.0040064 18.558493 0.6103545 1.6555238 0.58996433 0.50763404 -0.07498054 -0.0071432926
7 3 0.05063575 -7.202708 2.1798255 17.5842 0.64746124 1.7687734 0.62319916 6.2604923 0.09603085 0.18717676
8 8 0.06131658 20.834864 1.6632284 27.418377 0.4039578 0.6201303 0.42213014 5.4279685 -0.09844407 -0.0061906744
8 8 0.057108093 20.570513 1.6316123 26.998077 0.40548304 0.6096309 0.4533841 5.3893266 -0.07825757 -0.008860084
