0 5 0.38049123 -5.5254197 2.0108032 41.161823 4.6963334 1.5636922 1.9469912 2.1016219 -0.0314371 -9.8970375
0 5 0.34381074 32.28029 1.3726349 52.420395 4.646907 1.7758764 1.9790249 3.130773 -0.023086952 -1.452535
0 5 0.29806787 3.9636726 1.9701494 69.05698 4.817185 1.7427726 2.020806 4.9390883 -0.02755777 9.355439
0 5 0.26640427 12.96598 1.7933924 56.973286 4.805631 1.6390644 2.000499 3.0241325 -0.02668939 -2.602899
0 5 0.26533228 -5.57278 2.0304713 41.623398 4.788172 1.5593266 1.9546895 2.1966825 -0.10169888 -8.687172
0 5 0.2618542 31.455536 1.4233515 51.315475 4.6661115 1.7877156 1.965362 3.0682902 -0.085491434 -0.9736336
0 5 0.24860674 -18.774536 2.5828757 52.5063 4.6180854 1.6378347 1.9386673 6.1510205 -0.010273758 -0.027707435
0 5 0.21984373 32.567085 1.4128704 52.945045 4.738125 1.7968371 2.0152617 3.1258597 -0.044647533 -0.4542651
0 5 0.18843676 31.789644 1.411503 51.83506 4.707451 1.7592402 1.9908422 3.094695 -0.03802891 -0.41549143
0 5 0.18088098 -18.698088 2.5151687 52.01431 4.7158895 1.5841472 1.9625671 6.149304 -0.023403633 -0.038650546
0 5 0.17310256 4.0023527 1.9832027 69.62984 4.799201 1.7209302 2.014566 4.9461513 -0.07223574 8.193177
0 0 0.16242515 9.880086 1.7176645 14.467339 1.9484009 1.5925871 0.61739635 3.9491215 -0.023690699 0.030826654
0 5 0.1556174 4.296837 1.9409924 69.37905 4.7946725 1.6817793 2.0089133 4.910263 -0.021706078 10.302889
0 5 0.1552982 4.31067 1.9639518 69.024216 4.824406 1.7192664 2.0191653 4.946634 0.005164575 8.871107
0 5 0.14797701 13.00942 1.860867 56.640785 4.703991 1.5813903 1.9607233 2.9191146 -0.032110266 -4.557825
0 5 0.14327687 -18.9637 2.6309156 52.691376 4.6492896 1.6242085 1.9472939 6.1090755 -0.01336304 -0.03046316
0 5 0.13673739 13.156953 1.8026917 57.82456 4.869807 1.6677853 1.9956006 2.9848335 -0.024882805 -2.677641
0 5 0.13614836 13.358945 1.8235186 58.153217 4.785077 1.5799823 1.9651828 3.0085258 -0.042144842 -3.7759013
0 5 0.13130137 13.021 1.8234624 57.248173 4.818258 1.625031 1.9983957 3.0100563 -0.0036543552 -2.3204298
0 5 0.12107708 -3.8386018 2.1373582 89.73501 4.8039427 1.5708688 1.9632332 1.7459359 -0.00723923 -2.5798619
0 5 0.11350865 -38.298016 3.0586562 48.0659 4.538427 1.6235524 1.9208567 6.071086 0.0022131149 1.9125128
0 5 0.11078129 -4.0170436 2.068504 87.44985 4.7262616 1.5300231 1.9235935 1.7936667 -0.06803146 -3.7067506
0 5 0.10559517 -37.67427 3.1219192 47.321117 4.5378428 1.6083921 1.9268612 6.111725 0.055242248 1.559602
0 5 0.10491159 -4.0917253 2.1075163 88.44428 4.728424 1.5396752 1.9313366 1.7959545 -0.0893403 -4.0215473
0 5 0.10364493 -19.060051 2.5144362 52.994198 4.7437167 1.588466 1.9724091 6.1632233 -0.029511638 -0.013111844
0 5 0.10182378 31.774366 1.4605117 51.62363 4.6065254 1.7261269 1.9610869 3.1206937 -0.09783238 -0.80946124
0 5 0.10173477 -37.468643 3.0674953 47.04252 4.5312233 1.6234572 1.9307798 6.107312 0.06669344 1.1059715
0 5 0.09913442 12.94943 1.9306538 57.227047 4.685562 1.5287031 1.915192 3.2346523 -0.10814426 -1.7821909
0 5 0.099124365 13.515381 1.9160492 58.345676 4.594316 1.5278188 1.9072948 3.2138166 -0.079328805 -1.4534565
0 5 0.097332425 -19.106127 2.5984535 53.629948 4.588428 1.6018308 1.9287313 6.1942005 0.014971657 -0.008233197
0 0 0.094950944 9.310338 1.5745059 13.557796 2.0484731 1.6271833 0.5940073 4.0942054 -0.03217374 -0.014877933
0 5 0.09132037 32.645424 1.4231247 53.392403 4.594114 1.7670836 1.94754 3.2253115 -0.03853081 -1.6186986
0 5 0.089249305 -3.5509713 1.9714574 96.239624 4.8778396 1.6480637 2.008485 1.6763947 0.021928089 -0.9196825
0 5 0.08599788 -38.453045 3.09501 48.3637 4.532838 1.613052 1.9191016 6.0732207 0.018269816 1.4932008
0 5 0.08403239 12.860333 1.8742253 56.26758 4.7349186 1.5796113 1.9528314 2.893781 -0.018791294 -4.894411
0 5 0.07903981 3.6808774 2.0352244 71.62327 4.7144804 1.7098322 2.016084 4.899034 -0.055104695 8.764675
0 5 0.072068036 -6.3235097 2.313891 45.97489 4.6052303 1.530703 1.893778 2.1713238 -0.015870942 -2.2630665
0 0 0.07063472 19.076246 1.9890323 29.552357 3.1577954 1.6490116 1.2608277 3.905305 -0.060334325 -0.7028999
0 0 0.06962074 10.998282 1.6341388 16.34464 1.9549353 1.5109488 0.6167932 3.9258802 -0.06235853 0.019072626
0 5 0.06863295 4.3614297 1.9341925 70.50041 4.867445 1.8364885 2.027069 4.983338 -0.016422857 6.2621717
0 5 0.06762116 -6.574057 2.041648 50.91901 4.311663 1.5388782 1.6168569 2.0466027 -0.09043656 -4.770251
0 5 0.067558765 -6.689439 2.0954576 48.396255 4.121778 1.5787613 1.3283376 2.033667 -0.077025 -4.1691937
0 5 0.067414895 4.6770263 1.9166346 70.071655 4.700292 1.5760844 1.9824963 4.857129 0.0049728863 10.259044
0 5 0.06715091 3.6036522 2.0886297 70.99876 4.687534 1.7180104 2.0088499 4.8502145 -0.03572154 9.212818
0 5 0.06574814 13.2839775 1.9187531 58.648037 4.7057095 1.5141186 1.8942386 3.225867 -0.10178066 -1.1189741
0 5 0.06489348 -6.3859196 2.5414515 47.06435 4.7773743 1.5522747 1.9302001 2.0751784 0.044479623 -1.6461637
0 0 0.06333226 29.732513 1.6634144 46.10407 4.320323 1.6821221 1.8780042 3.576717 -0.027544003 -0.96013343
0 5 0.06035343 -17.14468 2.2208896 49.507793 4.511226 1.8262432 1.950796 6.0354896 0.04376781 0.008681864
0 5 0.059844688 -19.106949 2.5050547 53.22735 4.7317 1.5814017 1.946507 6.166858 -0.009980486 -0.02484834
0 6 0.058901124 36.079903 1.2572509 46.699795 4.382221 1.5541569 1.8718061 2.9553645 0.04590784 -0.0018872544
0 5 0.058453877 -40.375168 3.0816374 49.741085 4.5234637 1.6670132 1.9257183 5.9838777 0.045964383 2.1797452
0 5 0.05752367 -4.538183 2.066752 86.22587 4.56602 1.5667045 1.8927671 1.966703 -0.034465656 -4.0598216
0 5 0.057308637 17.250109 1.9315076 69.9473 4.48131 1.5155648 1.8964472 3.2299645 -0.083258465 -0.029730007
0 5 0.057230297 -6.096436 2.178479 46.63396 4.7508335 1.487312 1.9497374 2.2054617 -0.05291006 -4.0878534
0 5 0.057028197 -3.7878387 2.0229044 94.34412 4.817067 1.595497 1.969742 1.6903666 0.006724613 -2.2839577
0 5 0.05702715 4.506647 1.9996545 72.04493 4.854568 1.6751788 2.0986772 4.8677983 0.0036787987 8.864912
0 5 0.056779902 -36.856586 3.135065 46.582478 4.4313173 1.5821846 1.8939723 6.1587095 0.032442674 1.1586694
0 5 0.056422994 -20.115284 2.4921212 55.367104 4.664259 1.6675694 1.9771727 6.135259 0.006399017 -0.027683476
0 5 0.0549271 32.844944 1.4621072 53.174995 4.321053 1.6976207 1.8926536 3.1394007 -0.02847944 0.00628455
0 5 0.054780304 -6.052072 2.142698 46.38181 4.768829 1.5390975 1.9379488 2.1711156 -0.041263893 -3.8743525
0 5 0.052654337 -6.591558 2.0305924 50.994797 3.944189 1.5386778 1.2879109 2.0029812 -0.080109164 -5.31523
0 0 0.05231682 10.370324 1.5869967 15.258747 1.6800253 1.5395896 0.5200546 3.9349325 -0.04749894 0.042031467
0 0 0.052038413 11.943441 1.8716339 18.062538 2.2786262 1.6846552 0.89999104 3.8711379 -0.069113865 -0.023146484
0 6 0.05143449 35.89391 1.1363461 47.41575 4.3667293 1.5665717 1.8538502 2.9823692 0.05682809 0.0067130793
0 0 0.05140032 9.888121 1.7206709 14.4974375 1.707234 1.670278 0.55519813 3.9200048 -0.060746938 0.01875408
0 5 0.051335886 -17.398533 2.2105975 50.603077 4.791428 1.819907 1.9682842 6.2287087 0.07163017 -0.47406697
0 0 0.051322896 28.213194 1.461787 45.08427 4.472463 1.7178576 1.8847142 3.2143767 -0.047240153 -1.2875915
0 5 0.05080322 -36.499138 3.0818667 46.140224 4.4337044 1.5810624 1.8952271 6.18547 0.02054344 0.5283767
0 5 0.050683692 -3.53098 1.9026519 110.87713 7.1950574 2.4127295 2.5146546 4.7856555 -0.051057227 0.16339552
0 5 0.050562415 -6.8990703 2.0774012 49.737434 3.9677136 1.552517 1.3322251 2.01822 -0.040708374 -4.746031
3 5 0.10090474 -14.68222 0.23547435 55.53914 11.71126 4.527405 2.7085638 1.0911201 0.10629603 0.33765298
3 5 0.08968999 -14.76476 0.30883622 53.94895 11.346048 4.5568523 2.6402204 1.1148769 0.098140575 1.2976131
3 5 0.061219368 -14.715757 0.35518408 58.141106 11.746481 4.5313683 2.822908 1.1290212 0.056904025 -0.36790925
3 5 0.055883788 -14.392304 0.21928334 56.53401 11.68433 4.4871407 2.7335544 1.1080548 0.10268791 0.03692325
3 5 0.054669052 -17.155813 0.47209942 57.77773 9.661074 3.8678975 2.4986753 4.2576594 0.043167546 1.6929067
3 5 0.053034943 -15.549012 0.48594177 53.322247 9.980785 4.2759743 2.4591644 4.2564497 0.08159037 2.1579552
3 5 0.05078579 -17.14468 2.2208896 49.507793 4.511226 1.8262432 1.950796 6.0354896 0.04376781 0.008681864
5 0 0.2232635 9.307787 1.5518967 13.600671 1.8704004 1.4315585 0.595042 3.9403887 -0.11439537 -0.036298096
5 0 0.15449049 9.258218 1.5352358 13.498349 1.8881216 1.3594626 0.5733374 3.9316154 -0.06033627 -0.0042996313
5 0 0.10157938 9.583376 1.584744 14.008061 1.9107859 1.4659396 0.6378346 3.8238108 -0.07236043 -0.13057087
5 0 0.093466856 9.880086 1.7176645 14.467339 1.9484009 1.5925871 0.61739635 3.9491215 -0.023690699 0.030826654
5 0 0.09050567 9.756347 1.5795286 14.223226 1.8516603 1.4565259 0.61600137 3.9172862 -0.050435245 -0.029832855
5 0 0.079466335 9.310338 1.5745059 13.557796 2.0484731 1.6271833 0.5940073 4.0942054 -0.03217374 -0.014877933
5 0 0.07548029 10.998282 1.6341388 16.34464 1.9549353 1.5109488 0.6167932 3.9258802 -0.06235853 0.019072626
5 0 0.06885352 9.888121 1.7206709 14.4974375 1.707234 1.670278 0.55519813 3.9200048 -0.060746938 0.01875408
5 0 0.057476558 9.353747 1.5680459 13.643678 1.864268 1.4134893 0.5706865 3.8212192 -0.063209 0.0123542845
5 0 0.05599552 10.863638 1.6463466 15.859737 1.9286406 1.5268625 0.605969 4.1579666 -0.06452617 -0.022813687
5 0 0.055456433 9.602812 1.5680561 13.8812065 1.8396243 1.4710778 0.6256699 3.697224 -0.11854316 -0.025226835
6 0 0.16400194 9.880086 1.7176645 14.467339 1.9484009 1.5925871 0.61739635 3.9491215 -0.023690699 0.030826654
6 0 0.12179533 9.888121 1.7206709 14.4974375 1.707234 1.670278 0.55519813 3.9200048 -0.060746938 0.01875408
6 0 0.120343186 9.302038 1.5549734 13.550809 1.8506219 1.4250256 0.60885817 3.973487 -0.14763665 -0.007429337
6 0 0.119717896 9.310338 1.5745059 13.557796 2.0484731 1.6271833 0.5940073 4.0942054 -0.03217374 -0.014877933
6 0 0.10953764 10.998282 1.6341388 16.34464 1.9549353 1.5109488 0.6167932 3.9258802 -0.06235853 0.019072626
6 0 0.09852816 9.583376 1.584744 14.008061 1.9107859 1.4659396 0.6378346 3.8238108 -0.07236043 -0.13057087
6 0 0.09208489 19.076246 1.9890323 29.552357 3.1577954 1.6490116 1.2608277 3.905305 -0.060334325 -0.7028999
6 0 0.0862825 9.756347 1.5795286 14.223226 1.8516603 1.4565259 0.61600137 3.9172862 -0.050435245 -0.029832855
6 0 0.07994099 10.863638 1.6463466 15.859737 1.9286406 1.5268625 0.605969 4.1579666 -0.06452617 -0.022813687
6 0 0.06686247 13.165668 1.4923525 19.264322 2.6677155 1.5315614 0.9201344 3.1464796 -0.026552655 0.00937305
6 0 0.06465915 10.370324 1.5869967 15.258747 1.6800253 1.5395896 0.5200546 3.9349325 -0.04749894 0.042031467
6 0 0.056644708 9.258218 1.5352358 13.498349 1.8881216 1.3594626 0.5733374 3.9316154 -0.06033627 -0.0042996313
6 0 0.056595635 10.095735 1.6508896 14.916047 1.8042456 1.6277524 0.6272624 3.8710206 -0.07588718 -0.0020591486
6 0 0.05313827 14.995848 1.5389555 21.808887 2.9629416 1.572104 1.1266427 3.1639595 -0.0190433 0.049183555
6 0 0.053070195 11.943441 1.8716339 18.062538 2.2786262 1.6846552 0.89999104 3.8711379 -0.069113865 -0.023146484
7 3 0.4128852 -7.393652 1.982995 24.825098 0.69051874 1.787131 0.69143313 3.9105382 0.076807365 0.12698013
7 3 0.20822378 -7.38634 2.015974 24.92235 0.71547824 1.7851799 0.685708 3.8123364 0.19287099 0.2640531
7 3 0.1758196 -7.5474825 1.9873402 25.377335 0.6863219 1.7576975 0.6981952 4.3433814 0.122644104 0.21988001
7 3 0.14300832 -7.674677 2.010714 25.792658 0.6823432 1.7886416 0.65127206 3.9038923 -0.0030181268 0.11016958
7 2 0.12686668 -7.51606 2.0513945 25.133154 0.7950372 1.8488504 0.7349678 6.3612514 0.16115354 0.2452161
7 2 0.12022115 -7.2461176 1.9578631 24.200775 0.790063 1.806363 0.7140319 6.774938 0.17994407 0.64199036
7 2 0.11096823 -7.451953 1.9478981 24.88851 0.735315 1.8248264 0.6747263 6.4298935 0.1698267 0.38610476
7 3 0.10858702 -7.426436 2.015554 24.96226 0.6907789 1.7970967 0.66007686 3.663299 0.038480386 0.039968587
7 3 0.10383907 -7.797513 2.0508242 26.14176 0.6794694 1.7915395 0.65496576 4.2077613 0.18555264 0.6513112
7 2 0.09415738 -7.517654 1.982308 25.002563 0.7744311 1.8185728 0.7128773 3.6897037 0.23491938 0.40015233
7 3 0.09005451 -7.504334 2.0097802 25.290243 0.71418995 1.7540269 0.6800659 4.237915 0.1941392 0.16611353
7 2 0.08617328 -7.5958076 2.0550137 25.326193 0.8045384 1.8347418 0.7429348 3.8791373 0.16461414 0.24363759
7 2 0.08080769 -7.2465305 1.9409574 24.307985 0.75426304 1.8237004 0.68691045 4.031775 0.11071255 0.21260682
7 2 0.07041232 -7.370823 1.9314339 24.591585 0.741148 1.8430966 0.6459098 4.786141 0.106819175 0.40961418
7 2 0.06633578 -7.7295666 2.0321665 25.717169 0.6410307 1.7987695 0.61427796 4.8555565 0.10846006 0.3059144
7 2 0.06335922 -7.7749505 2.0247126 26.149384 0.9359557 1.7919941 0.7409532 4.9275546 0.13456336 0.42667338
7 2 0.06285069 -7.5070643 2.1755207 25.076035 0.77940005 1.7691659 0.65506244 3.698733 0.18387291 0.36620834
7 3 0.06260832 -7.8281865 2.047793 26.351215 0.6422097 1.7710812 0.6283469 4.4726744 0.23883544 0.9001935
7 2 0.059852883 -14.242164 1.8194495 60.58823 0.9608818 1.7361816 0.6047051 4.374088 0.043113917 2.0575047
7 3 0.05663963 -7.721436 2.014143 25.835573 0.6205381 1.7525686 0.6254675 4.3802238 0.05475688 0.6161113
