0 5 0.5278888 -12.8490505 2.2207963 18.648697 4.701929 1.4739574 1.8698936 1.6792606 -0.06844051 -3.5800123
0 5 0.3440522 -13.191057 2.2495384 19.213276 4.6978817 1.4869908 1.8800259 1.6981565 -0.018230883 -1.6945506
0 5 0.34174764 -2.3667102 1.9755037 47.84825 4.7268996 1.5920984 1.9775556 2.417809 -0.06057322 -6.30531
0 5 0.26904723 -2.3303204 2.0079021 47.54821 4.699863 1.5753726 1.9634494 2.3571136 -0.054064155 -4.5013275
0 5 0.2595986 -21.267094 2.3797588 51.480206 4.7032127 1.5525184 1.9743699 6.1383777 0.04004363 -0.5784041
0 5 0.2347825 18.335527 1.8182871 63.642178 4.806533 1.5837747 2.0052867 3.146956 -0.05609812 -2.5502403
0 5 0.20394266 -13.372717 2.290447 19.51946 4.6652946 1.4982812 1.8766639 1.6869503 -0.04386228 -3.433797
0 5 0.1977722 19.10201 2.0220218 29.543953 4.27174 1.5429499 1.7728165 7.0536613 0.016356273 6.521176
0 5 0.19518451 18.512232 1.8521829 64.80223 4.7492356 1.5693859 1.9771376 3.130589 -0.0023196014 -1.657897
0 5 0.17847112 -21.65303 2.4017615 52.381268 4.7526236 1.5443295 1.9811553 6.1326056 0.036093757 0.029429328
0 5 0.15955566 25.515968 2.0510902 39.162823 4.372855 1.5580201 1.8388952 3.6676543 0.02374536 5.226137
0 5 0.15910259 -12.992339 2.2840269 18.801619 4.7138505 1.4790938 1.8650278 1.6843812 -0.0195209 -2.542286
0 5 0.14766099 1.7381934 2.0588665 67.614685 4.600581 1.5920625 1.9407645 4.8950987 -0.039526705 7.8274574
0 5 0.14580968 17.376078 1.8414783 60.56287 4.6771817 1.5470194 1.9537092 3.2471774 -0.025186744 -1.6460098
0 5 0.13046387 0.8236041 2.0795088 68.43556 4.977281 1.8653814 2.0971181 5.6835394 0.029877229 2.0026255
0 5 0.12684128 -21.32337 2.4137273 51.81009 4.6839952 1.5721893 1.9547049 6.159037 0.051892012 -1.7325339
0 0 0.12062459 14.9495735 1.8865366 23.226978 3.2078664 1.5420132 1.199768 7.044922 -0.060171388 5.6630554
0 5 0.11251119 -2.5370915 1.9577544 48.900444 4.6773543 1.5871407 1.9551673 2.49423 -0.045743056 -5.3898416
0 5 0.111236244 27.615389 1.9869027 42.306885 4.40077 1.5882694 1.8572624 3.4323745 0.018563783 4.937296
0 5 0.10311051 17.390146 1.850282 60.99772 4.6456566 1.5538807 1.9352846 3.1916258 -0.06517116 -0.4668601
0 5 0.1018686 25.89084 2.0876412 39.73681 4.337651 1.5782628 1.8372854 3.6686914 -0.032971162 6.8838444
0 5 0.09935153 -21.743103 2.4546568 52.860893 4.7024226 1.5493894 1.9655787 6.190408 0.043625034 -1.3480414
0 5 0.09719179 1.469714 1.9845347 66.726425 4.656083 1.6305572 1.9512827 5.020357 -0.13262147 6.3529124
0 5 0.096611254 18.562836 1.8257324 64.584045 4.8398805 1.5993586 2.0004878 3.1243763 -0.02868652 -2.2673228
0 5 0.09645576 1.6264752 2.0092962 65.89881 4.575858 1.605215 1.9441295 4.965436 -0.09336281 6.6192446
0 5 0.09599137 -2.3398259 1.9230456 47.024117 4.7640014 1.5357933 1.9739431 2.4399137 -0.060497418 -4.0187225
0 5 0.095106915 -20.905197 2.3942156 50.773014 4.679476 1.5751878 1.9578292 6.1539025 0.07165572 -1.0147887
0 5 0.091649 24.534313 2.0326617 37.75128 4.379681 1.5573579 1.8342223 6.549716 -0.025118815 5.1704493
0 5 0.090162165 1.8998145 2.0963957 68.00804 4.578704 1.5970663 1.9522028 4.8727517 0.021060525 7.038872
0 5 0.08981508 -2.5283566 1.959916 50.140926 4.4067025 1.5706122 1.839409 2.795356 -0.10594597 -0.6088602
0 5 0.08807672 1.291684 1.9438691 65.57867 4.847413 1.7690111 2.0106714 5.099127 -0.082223274 3.643615
0 5 0.08749016 -2.0806448 2.0600524 50.996265 4.8678985 1.6514553 2.0026276 2.436355 0.021028494 -1.9143554
0 0 0.08395863 12.738874 1.7936372 20.240711 2.0129328 1.4162302 0.66192144 4.1091814 -0.07652935 0.019894458
0 5 0.083328865 18.647045 1.8509842 65.43249 4.799073 1.5528412 1.9778485 3.1604865 -0.0029625865 -0.8803553
0 5 0.08321693 -2.142681 1.9270244 50.294468 4.355152 1.569787 1.825925 2.7612064 -0.10507777 -2.4114978
0 5 0.0796728 -2.2647686 2.0058885 48.21045 4.6951613 1.5335218 1.9564952 2.396087 -0.06321855 -3.401869
0 0 0.079628125 10.723993 1.6985967 16.77925 2.086912 1.4707129 0.664629 3.9235482 -0.052708767 -0.023625147
0 5 0.07809659 -1.9775934 2.0880103 55.07501 4.6331744 1.5345728 1.9643282 2.5801036 -0.025563091 -0.06800978
0 5 0.07757471 -19.37425 0.9205113 66.773346 4.4170213 1.6661046 1.8808024 4.347719 0.03515035 1.9907106
0 5 0.073741905 -21.064022 2.4025664 51.047867 4.6000786 1.571998 1.933984 6.159598 0.013626365 -0.06088769
0 0 0.06956129 12.517942 1.7815251 19.545256 2.0622401 1.4549025 0.71063 4.075854 -0.06198682 2.2262592
0 5 0.06950367 -23.389198 2.474029 57.767757 4.604483 1.5764401 1.9513024 6.149574 0.03850875 -0.4324474
0 5 0.068014845 0.5363396 1.6325822 69.52297 5.599359 2.1930776 2.184116 5.1324105 0.0038536098 1.4734509
0 5 0.065926686 -18.562752 1.6398335 71.84324 4.438696 1.5406029 1.9008965 4.2727947 -0.027226305 5.679903
0 0 0.064811744 12.0184355 1.7078907 19.000462 1.9523708 1.4035056 0.61786234 4.044124 -0.05434119 0.47633696
0 5 0.06456383 1.1558815 2.02604 69.3224 4.767407 1.7628359 2.030627 5.751827 0.030384509 0.8787549
0 0 0.06446623 11.91489 1.7376907 18.626383 1.88292 1.4003016 0.61023766 4.003129 -0.06069936 1.4258965
0 0 0.062666945 27.46302 2.0540304 42.480892 4.282169 1.5120023 1.8066 4.8039217 0.031097835 3.5831935
0 5 0.0622984 -26.316322 2.4943905 40.15779 4.5823426 1.6263577 1.9343973 4.2674766 0.016645154 0.007160468
0 5 0.06208284 -25.91101 2.5360227 38.23357 4.5551257 1.5940559 1.9042485 1.2171504 -0.013018327 -0.027564006
0 5 0.062032312 0.6546967 1.96065 67.448814 5.2092247 1.9940128 2.1600165 5.688635 0.04203605 0.41462377
0 5 0.061635017 4.855018 1.7748938 5.192352 4.004979 1.44499 1.7363408 4.4003544 -0.041767433 0.034044046
0 5 0.059256803 1.8077368 2.0706625 66.62812 4.5857687 1.5965403 1.9588662 4.8497787 -0.04355882 7.1687846
0 5 0.058646735 -0.7181881 2.0721192 64.47561 5.0639 1.7242179 2.030099 2.4565852 -0.042881228 -0.06187568
0 5 0.05844056 -27.023329 2.5611062 40.0895 4.537109 1.6126873 1.9288043 1.0909126 0.0056204014 -0.013025304
0 5 0.058421627 -23.966854 2.7606158 58.8524 4.5798836 1.5612901 1.9339278 6.152503 0.051098496 -0.10574078
0 5 0.056668095 -2.4414814 1.9196023 48.193336 4.401198 1.5677831 1.8504033 2.814224 -0.1043459 -1.0285072
0 0 0.055997428 10.500951 1.6805708 16.47582 1.895574 1.3833205 0.6032698 3.8593955 -0.0647139 1.2859669
0 5 0.054355487 -24.798456 2.4509284 37.474384 4.5799026 1.619327 1.9104182 1.2310048 0.043411694 0.0039465036
0 5 0.05274297 18.713678 1.8114755 65.70409 4.8289933 1.6072308 1.9976321 3.1197753 0.021380967 -1.4707105
0 5 0.052124154 29.915453 1.7777373 45.480724 4.434176 1.6444862 1.8462851 3.7315075 0.025321035 2.9276059
0 5 0.05188075 -2.17231 2.0064638 49.249783 4.763316 1.6312128 1.9720315 2.4361806 0.012419891 -2.3365357
0 5 0.05164885 28.855171 1.7288692 43.512497 4.4075828 1.6302357 1.8407547 3.9830635 0.015889829 3.131166
0 5 0.050985098 -15.938006 2.4411151 24.38517 4.676514 1.6076288 1.9223907 1.6136892 -0.024614038 -0.02321411
1 5 0.05522737 0.8236041 2.0795088 68.43556 4.977281 1.8653814 2.0971181 5.6835394 0.029877229 2.0026255
1 5 0.054877736 0.5363396 1.6325822 69.52297 5.599359 2.1930776 2.184116 5.1324105 0.0038536098 1.4734509
3 7 0.0653084 -15.904442 -0.07136059 58.55979 10.451876 4.3323717 2.6017842 1.0917109 0.026972791 1.6227391
3 7 0.06470202 -15.435601 0.044923544 58.625393 10.333985 4.2120233 2.6542904 1.0601221 0.030685073 1.230825
3 7 0.06200823 -15.560965 0.116779685 56.91276 9.44416 3.858401 2.5077224 1.0440248 0.01461784 0.34627
3 5 0.05861178 0.5363396 1.6325822 69.52297 5.599359 2.1930776 2.184116 5.1324105 0.0038536098 1.4734509
3 5 0.05443093 0.8236041 2.0795088 68.43556 4.977281 1.8653814 2.0971181 5.6835394 0.029877229 2.0026255
3 5 0.052223366 0.4227686 1.7867551 69.04769 6.372912 2.489005 2.3429399 5.1562757 0.003734488 0.9839208
5 0 0.16956997 10.500951 1.6805708 16.47582 1.895574 1.3833205 0.6032698 3.8593955 -0.0647139 1.2859669
5 0 0.12622386 9.877638 1.6203631 15.504548 1.8722552 1.2484578 0.5546643 3.8385592 -0.06301313 0.013251394
5 0 0.09395555 10.723993 1.6985967 16.77925 2.086912 1.4707129 0.664629 3.9235482 -0.052708767 -0.023625147
5 5 0.079001494 19.10201 2.0220218 29.543953 4.27174 1.5429499 1.7728165 7.0536613 0.016356273 6.521176
5 0 0.06714498 10.060139 1.6595706 15.814492 1.9299879 1.2770939 0.57707196 3.8543448 -0.05611325 0.002967557
5 0 0.06516098 14.9495735 1.8865366 23.226978 3.2078664 1.5420132 1.199768 7.044922 -0.060171388 5.6630554
5 0 0.05593603 10.27498 1.7085822 16.11974 1.9024514 1.3632919 0.59494114 3.913379 -0.06878335 -0.008533669
5 0 0.055342816 10.16569 1.6819534 16.011765 1.8748312 1.265974 0.5284864 3.8599985 -0.026223024 0.023016319
6 5 0.10202127 19.10201 2.0220218 29.543953 4.27174 1.5429499 1.7728165 7.0536613 0.016356273 6.521176
6 0 0.10121705 10.500951 1.6805708 16.47582 1.895574 1.3833205 0.6032698 3.8593955 -0.0647139 1.2859669
6 0 0.083252326 10.723993 1.6985967 16.77925 2.086912 1.4707129 0.664629 3.9235482 -0.052708767 -0.023625147
6 0 0.08075828 14.9495735 1.8865366 23.226978 3.2078664 1.5420132 1.199768 7.044922 -0.060171388 5.6630554
6 0 0.06009378 12.517942 1.7815251 19.545256 2.0622401 1.4549025 0.71063 4.075854 -0.06198682 2.2262592
6 0 0.054302316 11.91489 1.7376907 18.626383 1.88292 1.4003016 0.61023766 4.003129 -0.06069936 1.4258965
6 0 0.05242453 12.738874 1.7936372 20.240711 2.0129328 1.4162302 0.66192144 4.1091814 -0.07652935 0.019894458
6 0 0.050582994 11.016481 1.6505456 17.214989 1.8079265 1.5116345 0.5515945 4.3179016 -0.027948938 1.6407276
7 3 0.31964138 -7.2130647 1.9893813 25.789473 0.7296919 1.754367 0.70346117 6.100116 0.19681165 0.10022052
7 2 0.23797418 -7.5283446 1.8921108 26.621235 0.7845616 1.7500565 0.7036832 5.9924927 0.3549639 0.1433073
7 2 0.15715638 -7.5893555 1.9151435 26.771496 0.8172425 1.7459828 0.71254116 5.9636636 0.2155485 0.057405755
7 3 0.14860794 -7.8008475 2.0238128 27.846834 0.6882167 1.7560272 0.63414997 6.243782 0.25019246 0.4040752
7 2 0.143414 -7.5225334 1.9374788 26.521008 0.74970984 1.7829765 0.6999425 5.877152 0.34226495 0.19695991
7 3 0.14340742 -7.722282 2.0147882 27.58787 0.7102892 1.7534459 0.6723713 6.231829 0.2500645 0.33555692
7 3 0.122262254 -7.366238 2.0084515 26.24216 0.74529856 1.7857114 0.68455654 5.8127537 0.20968491 0.23995599
7 2 0.11366851 -7.3386054 1.883714 26.021425 0.8004268 1.7903697 0.6560424 5.941446 0.3204552 0.15715212
7 3 0.1071908 -7.399967 2.0260022 26.453197 0.77000535 1.7656913 0.69094175 5.9595065 0.36737064 0.34667304
7 3 0.102454856 -7.3905377 1.9787257 26.14141 0.7442116 1.7374836 0.6970264 6.03819 0.08013602 0.01703728
7 2 0.07015507 -7.4678183 1.9977418 26.423338 0.8329623 1.8289325 0.74477535 6.039626 0.32749692 0.36329412
7 3 0.06608176 -7.781455 1.9962237 27.510265 0.73170865 1.768615 0.6701036 6.1765165 0.2837038 0.541839
7 2 0.057399746 -7.407367 1.9825321 26.565758 0.76657695 1.7638471 0.6909808 5.9947424 0.1656591 0.1503363
