0 5 0.2978767 -11.4662285 2.0750911 13.501046 4.625969 1.7948073 1.9308492 1.751554 -0.16700013 -1.3874589
0 5 0.105528854 38.486603 0.26976794 45.40942 4.2091823 1.6793771 1.8391324 5.769555 0.04806868 5.0238543
0 5 0.09547947 40.521812 0.19271636 48.04957 4.558456 1.6460859 1.9577109 5.8251276 0.030345703 2.516688
0 5 0.092862055 -40.407944 3.2714772 58.86568 7.216805 2.7490242 2.4843554 0.47676945 -0.029131763 -1.0086976
0 5 0.09267023 -23.859 2.2009828 77.27261 4.5589633 1.7049419 1.963059 4.377357 -0.041416746 11.735234
0 5 0.091377065 39.97995 0.034381628 47.490463 4.615226 1.6369413 1.9655684 5.839631 0.019370487 2.3510795
0 5 0.086822145 41.621723 0.17827362 48.47792 4.541133 1.6376419 1.9187891 5.8588696 0.041382596 4.7142043
0 5 0.08600446 -42.33609 3.3353333 61.72122 8.117179 2.8776908 2.5978897 0.47125328 -0.012560612 0.9061235
0 5 0.08147467 -9.895545 2.7439768 88.791245 4.4079547 1.5783073 1.9085896 1.8941262 0.021300962 -1.3792361
0 5 0.08017913 40.66508 0.03432858 47.561703 4.5733232 1.6240376 1.9326395 5.8471646 0.04776091 4.7642293
0 5 0.074672155 -11.5528555 2.1419725 13.824422 4.693759 1.8964891 1.9264525 1.751169 -0.0996763 -2.6906831
0 5 0.07256409 39.499638 0.25271297 46.28686 4.211765 1.6764382 1.8372397 5.796561 0.0038212836 4.0207396
0 5 0.06918342 41.529427 0.24081516 48.955517 4.5639057 1.6480635 1.9583602 5.845565 0.05988019 3.512075
0 5 0.06610901 41.74907 0.20222324 50.025593 4.539656 1.6360357 1.9408937 5.8486547 0.08475444 2.9224122
0 5 0.06596755 -23.649942 2.1927342 76.33501 4.58636 1.7218778 1.9709541 4.3731666 -0.05586295 9.710757
0 5 0.06443047 -40.605915 3.1274836 59.250217 7.2126737 2.7505894 2.48737 0.46083212 -0.08608588 0.87905383
0 5 0.06361364 -35.694855 3.2855859 60.36739 4.9625883 1.7745554 2.046137 5.353572 0.04125475 0.67151386
0 5 0.06260317 38.125854 0.2865697 45.26749 4.2361674 1.6445777 1.831347 5.7213182 0.05237679 4.84637
0 6 0.061558332 -31.734795 2.71006 40.47918 4.643856 1.7745732 1.988744 1.311767 0.0641124 0.38736084
0 5 0.061454102 -29.876308 2.5938663 37.56847 4.630278 1.8367887 1.9831976 1.169683 0.06695834 0.6846141
0 5 0.060128696 39.66205 0.25766397 46.71616 4.250792 1.6957395 1.8525422 5.757492 -0.001917257 5.2982836
0 5 0.06004547 -30.360228 2.7220106 38.918533 4.6568885 1.833799 1.9934589 1.2352269 0.061717317 1.3673904
0 5 0.059639163 -34.7838 3.1675892 55.970093 4.369502 1.5833288 1.8956023 0.9633124 -0.052671246 0.7520986
0 5 0.05948416 39.0698 0.21239185 46.68031 4.251934 1.649084 1.8441544 5.7240024 0.06937161 3.752432
0 5 0.059457656 -35.922985 2.9646025 51.28304 5.5340924 2.2134616 2.1533766 0.49943483 -0.06264089 -1.1413152
0 5 0.05839099 -32.593506 2.9076033 42.722458 4.6207533 1.752222 1.9779763 1.2755513 0.002049081 0.5631383
0 5 0.057857245 -42.184452 3.327715 62.276558 8.024193 2.8930044 2.6076672 0.49537677 0.014935026 0.38594308
0 5 0.05674272 -9.871472 2.7465973 89.99731 4.383281 1.561189 1.8962835 1.9300086 -0.04399941 -1.6299205
0 5 0.056742553 39.27128 0.24132574 46.56196 4.247762 1.6787748 1.8570608 5.7394114 0.001785731 5.030495
0 5 0.056441367 41.02586 0.1664772 48.227016 4.5798984 1.6304328 1.9636989 5.8560476 -0.010321081 3.444437
0 5 0.05602466 -31.307512 2.824025 41.138588 4.6616936 1.8241657 1.9766792 1.1800535 0.02959997 0.87661433
0 5 0.0549941 -31.536058 2.5678804 39.60637 4.623983 1.7695125 1.9781357 1.2509899 0.087192416 0.11751611
0 5 0.054892484 -33.22088 2.9631038 45.28497 4.678778 1.7605045 1.9834689 0.841172 -0.039326362 0.6069067
0 5 0.053858716 -30.311123 2.5448685 37.023212 4.5952673 1.8198477 1.9866128 1.0678685 0.017264241 0.96463764
0 5 0.052962754 -32.57233 2.8380246 44.203053 4.73269 1.8215035 1.9604152 0.6577116 -0.029582165 0.22565687
0 6 0.05243073 42.0686 0.124920964 51.72517 4.5455766 1.6102945 1.9339517 5.9104476 0.042997874 1.5331463
0 5 0.051846765 -23.870039 2.1552117 77.78856 4.567128 1.6835207 1.964121 4.3620605 -0.07865585 12.465747
0 5 0.051624946 -35.604687 3.2274194 56.82309 4.4112487 1.5734918 1.9049782 0.8813644 -0.05789467 0.06340835
0 5 0.05117736 -39.872787 3.1627977 61.31126 6.139945 2.2768369 2.3323867 3.6538432 0.024782965 1.3573921
0 5 0.050245248 -38.96848 3.1708899 56.322876 6.351352 2.5471106 2.4013767 0.4812041 -0.051558092 1.0717981
0 5 0.05014327 41.119816 0.17347276 49.25328 4.538484 1.6224264 1.945788 5.842321 0.027443035 3.4881797
1 5 0.07780118 -42.33609 3.3353333 61.72122 8.117179 2.8776908 2.5978897 0.47125328 -0.012560612 0.9061235
1 5 0.07289489 -40.407944 3.2714772 58.86568 7.216805 2.7490242 2.4843554 0.47676945 -0.029131763 -1.0086976
1 5 0.058244344 -11.4662285 2.0750911 13.501046 4.625969 1.7948073 1.9308492 1.751554 -0.16700013 -1.3874589
1 5 0.0526756 -40.605915 3.1274836 59.250217 7.2126737 2.7505894 2.48737 0.46083212 -0.08608588 0.87905383
1 5 0.052176997 -42.184452 3.327715 62.276558 8.024193 2.8930044 2.6076672 0.49537677 0.014935026 0.38594308
3 5 0.58361965 5.768204 1.36324 52.931946 11.869952 3.2165017 2.8859065 3.1060019 -0.029617343 -0.8709735
3 5 0.21931104 6.108623 1.4704951 53.960865 11.771976 3.2777352 2.8769102 3.1848378 -0.02091978 0.0011585876
3 5 0.21892083 5.778213 1.411083 53.64307 12.106774 3.2830255 2.8937018 3.175591 -0.064996675 -0.69396895
3 5 0.16435373 5.6317573 1.47366 51.5401 11.933107 3.2109256 2.955285 3.0942295 -0.053222857 -1.0898579
3 5 0.10873739 5.9238944 2.305151 52.89034 12.021541 3.2065616 3.0057 3.291752 0.0107743405 -1.2913411
3 5 0.099853665 6.1227193 1.8125085 54.20692 11.713502 3.2427397 2.8832192 3.3274128 -0.040261038 -0.19762257
3 5 0.09561801 5.150387 2.6984386 51.42926 11.091612 3.2557092 2.7779248 3.3514912 0.04414948 0.13453847
3 5 0.08094665 5.835301 1.5862952 51.506493 12.06721 3.1818833 3.044113 3.2391815 -0.07825576 -0.25369194
3 5 0.07692169 -16.531544 0.20656586 59.442593 11.214998 4.582473 2.7525382 1.1074992 0.07893752 -0.43781063
3 5 0.07093322 -42.33609 3.3353333 61.72122 8.117179 2.8776908 2.5978897 0.47125328 -0.012560612 0.9061235
3 5 0.06446772 -17.1383 0.12957644 60.609787 11.432502 4.6038036 2.6892834 1.0787796 0.12677401 -2.3208745
3 5 0.06321914 -17.579832 0.23842764 60.751278 11.770374 4.900315 2.7263577 1.1329333 0.12242318 -3.2357287
3 5 0.060922958 5.6958513 1.312321 52.2864 12.130374 3.2567184 2.98232 3.1792314 -0.06440686 -0.6694543
3 5 0.0557162 -40.407944 3.2714772 58.86568 7.216805 2.7490242 2.4843554 0.47676945 -0.029131763 -1.0086976
3 5 0.053012602 -42.184452 3.327715 62.276558 8.024193 2.8930044 2.6076672 0.49537677 0.014935026 0.38594308
3 5 0.052917145 -16.699682 0.05404544 60.973526 10.949584 4.4711614 2.7655287 1.1073332 0.076724894 -0.77435213
3 5 0.05161825 4.508802 2.0092597 50.143555 10.853523 3.097706 2.9962573 3.3442824 -0.012196414 -0.12026581
4 5 0.061466575 5.768204 1.36324 52.931946 11.869952 3.2165017 2.8859065 3.1060019 -0.029617343 -0.8709735
7 3 0.36561677 -7.353803 2.1508548 18.396557 0.75672835 1.7354115 0.71097064 6.527593 -0.03373862 0.017536622
7 3 0.26613358 -7.20273 2.1133852 17.959988 0.73395306 1.7426317 0.6665329 6.536492 -0.005364296 0.01435617
7 3 0.0997417 -7.4354043 2.168421 18.246944 0.74656504 1.7541312 0.7128273 6.355207 0.006877478 -0.0030178577
7 3 0.09177679 -7.0882397 2.076759 17.983362 0.65054804 1.8107193 0.6376676 6.3556204 0.15802947 -0.032424252
7 3 0.0737768 -7.0380087 2.0676577 17.804228 0.66535354 1.7959923 0.6575839 6.2408566 0.16534357 -0.07432698
7 3 0.06905838 -7.3828278 2.1326122 18.574692 0.72039515 1.7448946 0.6872883 6.4151735 0.09792372 0.043650396
7 3 0.065645725 -7.119867 2.053104 17.898586 0.71455675 1.7421675 0.6654268 6.3883667 -0.039740235 0.06456126
7 3 0.06084702 -7.404359 2.0744112 18.402945 0.7866441 1.7263043 0.71756727 6.288502 0.052170165 -0.0420643
7 3 0.060382348 -7.5358925 2.061074 18.693207 0.61324143 1.7003692 0.6069155 0.66547924 -0.06642739 -0.14140497
7 3 0.05941781 -7.607616 2.0568538 18.911726 0.5894406 1.6730211 0.5972934 0.5849483 -0.0646382 -0.052190185
7 3 0.053590354 -6.9801035 2.147602 17.37457 0.7322302 1.7708777 0.67941576 6.510866 0.010328548 0.0632894
8 8 0.070018545 20.63573 1.6630194 27.16065 0.39678732 0.65418017 0.41248295 5.546288 -0.09956807 -0.013599833
8 8 0.064172916 20.345558 1.6352443 26.702148 0.4050823 0.64579195 0.444719 5.5091767 -0.08146867 -0.013829687
8 8 0.0514114 20.591806 1.6065744 27.043823 0.41728064 0.65831923 0.41728032 5.44006 -0.056284472 0.006883228
8 8 0.051008962 20.815147 1.6303225 27.406593 0.39934316 0.6647596 0.3833939 5.479685 -0.10464041 0.006147662
