0 5 0.4296612 -6.2163982 2.2774422 38.323765 4.7097974 1.6097907 1.9609579 2.257572 -0.03426122 -6.350577
0 5 0.40542746 14.386149 2.0229273 59.375454 5.426388 1.965491 2.162813 2.898021 -0.06400151 -3.8915813
0 5 0.2258088 -6.3559613 2.2788196 38.82183 4.68394 1.5850971 1.9613504 2.2213979 -0.0665962 -9.56074
0 5 0.20006065 27.531578 0.9090484 34.515057 4.65401 1.7679462 1.9535426 3.2187788 -0.02155219 0.27672997
0 5 0.19560006 -6.1988397 2.285849 38.032585 4.75578 1.5801576 1.9332571 2.267527 -0.07116529 -7.7347455
0 5 0.17699228 26.234116 1.060462 34.356438 4.5345216 1.7986156 1.9194484 6.2235827 0.038227424 1.9096165
0 5 0.17514955 -6.381479 2.292481 40.41118 4.873161 1.6895032 1.964013 2.257494 -0.04982753 -4.619258
0 5 0.16665262 25.599047 1.0767726 33.4912 4.4982805 1.7685076 1.8982781 6.1984663 0.009243758 2.3142421
0 5 0.16441694 14.82524 1.9982634 61.2437 5.4755993 1.9452207 2.2236295 2.9055142 -0.018830713 -3.9470909
0 5 0.1557428 -3.7423677 2.4307458 89.95075 4.722274 1.5789678 1.9757881 1.6917572 -0.029679427 -0.23023543
0 5 0.14915422 14.309829 2.048969 59.81586 5.289607 1.87658 2.177635 2.8781765 -0.06254335 -4.822057
0 5 0.14317138 -12.336723 2.4400623 53.189053 4.719636 1.8004845 1.9978338 4.4758515 0.013189459 1.2515702
0 5 0.14170657 -6.662948 2.3534758 41.617584 4.9104776 1.6882776 1.9827287 2.2402914 -0.072202824 -4.5052047
0 5 0.14063208 -6.383645 2.274878 39.858963 4.859653 1.6393329 1.9843241 2.28037 -0.06468459 -2.8043952
0 5 0.13301395 26.7675 1.0369653 34.438053 4.537331 1.783938 1.9171062 6.270508 0.016676227 2.0028362
0 5 0.13204718 26.66346 1.0336373 35.150997 4.544367 1.8017454 1.9133961 6.213452 0.03716883 3.298114
0 5 0.12219345 26.040586 1.0499357 33.50364 4.512682 1.7590936 1.9043958 6.2392797 0.006179679 2.4736137
0 5 0.11585362 -6.0513577 2.2304242 37.22122 4.72724 1.6073166 1.9538004 2.1935427 -0.06140083 -6.9563365
0 6 0.109079435 -3.7737715 2.4876356 89.53067 4.7021422 1.5588422 1.9584129 1.5631614 -0.047319993 -0.62000996
0 5 0.10685383 27.53626 1.0179261 33.294716 4.984141 1.8722506 2.0073018 3.3431184 -0.0254758 0.93622583
0 5 0.10371199 27.958914 1.079048 35.052147 4.7216444 1.7892225 1.9822664 3.2582955 0.013749456 1.5481678
0 5 0.1027627 -3.178468 2.3787272 91.44948 4.8226266 1.6630379 2.005682 1.7471323 -0.0010321029 -0.056759953
0 5 0.10171524 -12.638627 2.4641953 54.053062 4.726628 1.7763164 2.0022602 4.4891987 0.0031385385 0.84747034
0 5 0.094969414 -11.879449 2.4070559 52.05081 4.6921163 1.785763 1.9876838 4.47363 0.047260165 1.2795051
0 5 0.094010726 -2.9541578 2.3739657 91.56367 4.8381467 1.6691104 1.9945164 1.7103698 -0.033741888 -0.06514037
0 5 0.08847196 -19.097836 2.3427947 66.27453 4.65544 1.77354 1.9836975 4.3728905 -0.037693173 8.481191
0 5 0.084928215 -3.6505988 2.429287 89.04322 4.7175694 1.5731885 1.976486 1.7459042 -0.057345413 -0.058767743
0 5 0.0830526 14.501463 2.0700526 60.559578 5.3693466 2.0263484 2.1757212 2.821052 0.028023968 -2.3300354
0 5 0.08003725 -2.271042 2.179338 96.937744 4.8509307 1.6943223 2.0271919 1.8018749 -0.021758134 -0.07473501
0 5 0.07989062 27.297977 1.0606802 33.95797 4.8672276 1.8920211 2.018495 3.220777 -0.03764245 -0.42296404
0 5 0.07917514 0.6975308 2.540094 111.89157 4.8075256 1.7024608 2.0317473 5.002997 0.0890682 2.0363526
0 5 0.075650565 -12.137868 2.5553992 51.37851 4.7866035 1.7599065 2.0197124 1.2687182 0.0021394268 -0.796394
0 5 0.07509179 28.561357 0.96370107 35.822956 4.6565037 1.819802 1.9499238 3.2020204 -0.041639432 2.2894473
0 5 0.0740451 -12.894641 2.5019884 54.905983 4.690001 1.7444963 1.9874871 4.443199 0.042537957 0.38439637
0 5 0.07202483 -0.47249344 2.3086753 109.07619 4.9822254 1.7950411 2.070694 4.995186 0.021885822 0.025428884
0 5 0.07163982 0.7522138 2.5146697 114.316376 4.803319 1.6799326 2.034287 5.0069594 0.028591627 2.934221
0 5 0.07111447 27.868305 0.89930654 36.759987 4.60953 1.8103167 1.947395 6.2929 0.05534772 1.9130481
0 5 0.06697668 -7.1386642 1.9862428 41.528614 6.299027 1.986724 2.2331574 2.1597219 -0.041966945 -2.5697098
0 5 0.065069914 0.9412231 2.527617 114.58837 4.790534 1.6561166 2.0411355 4.9761896 0.102081515 3.579814
0 5 0.063108355 13.938555 1.9931664 58.05874 4.940397 1.8899524 2.1084144 2.8201337 -0.015544392 -4.5007744
0 5 0.06308822 27.6771 0.99584395 34.689957 4.592699 1.7889247 1.9218522 3.1841116 -0.046263494 2.6041932
0 5 0.062343862 0.96075827 2.568286 111.06291 4.7784395 1.6681933 2.0268312 4.9681273 0.11010335 2.576235
0 6 0.062202305 -4.4322505 2.496096 88.43075 4.6934676 1.5208715 1.9398576 1.2833458 -0.027717972 -1.0610784
0 5 0.062070988 -37.187206 3.406941 44.31858 4.5176315 1.617867 1.9148003 3.579191 -0.032200564 2.2896404
0 5 0.061196774 -35.56499 3.360988 42.081673 4.374407 1.5673785 1.7884523 3.6999314 -0.037977554 0.44547683
0 6 0.06108312 -6.5045676 2.5199614 84.367805 4.6800814 1.5032514 1.9197372 1.2331753 -0.043755278 -1.1058179
0 5 0.060562465 28.096355 1.1607131 35.737427 4.6948147 1.862132 1.9466887 3.1518512 -0.063447244 0.7443155
0 5 0.05952315 -6.455993 2.2575953 43.04349 4.657519 1.5899584 1.9426593 2.2091975 -0.058818392 -3.189504
0 5 0.058311503 -12.32026 2.4886928 51.156464 4.6699653 1.6915531 1.9858845 1.7091092 0.014462726 -1.4701062
0 5 0.057768628 27.538013 0.91346097 35.406116 4.577859 1.782363 1.9274102 6.355761 0.039163277 1.5374485
0 5 0.057560105 -7.9466534 2.7580707 73.69141 4.5211535 1.5764748 1.9111183 1.6715572 -0.060129784 -1.2124482
0 5 0.057449136 28.373531 0.9344672 37.969307 4.5144067 1.7796986 1.8888551 6.193265 -0.005472825 3.4886825
0 5 0.056694783 -12.280897 2.4477532 52.75542 4.7518415 1.8135633 2.0235 4.469066 0.010284303 4.110419
0 5 0.05668201 27.893137 1.1415826 35.468067 4.7183666 1.8818749 1.9894706 3.2276075 -0.067500174 0.9850861
0 5 0.05633119 -3.7634325 2.406723 91.085915 4.740188 1.6084201 1.9934716 1.7351364 -0.012830172 -0.5000905
0 5 0.055698387 -15.239803 2.5158303 51.704296 4.8551936 1.7735722 2.027098 1.3323642 0.031244216 -2.4222188
0 5 0.05566562 30.501188 0.9398816 36.81508 4.8784738 1.8742723 2.007313 3.2539392 -0.06701661 1.6237813
0 5 0.05553304 25.945917 1.2282767 33.912735 4.478994 1.7591033 1.8886948 6.1774645 0.0060559344 2.9178734
0 5 0.055235382 -11.315469 2.4282153 51.298386 4.6336403 1.727182 1.9647393 1.4755608 0.016927509 0.5846476
0 5 0.05517389 -12.055435 2.5572186 52.48021 4.842895 1.779726 2.0148616 1.1983099 -0.03179108 0.26867503
0 5 0.05501316 -2.3293724 2.2842975 96.23856 4.917433 1.7239386 2.0306067 1.785357 -0.0074083405 -0.06588004
0 5 0.053443015 -7.797643 2.694552 72.4379 4.545959 1.5792322 1.90722 1.8026373 -0.08176734 -1.5660583
0 5 0.052685156 -0.21738628 2.3518782 110.35374 4.8960533 1.7118049 2.0441175 1.8539888 -0.0037736734 -0.027075468
0 6 0.05211355 -7.1142397 2.512598 79.997406 4.6203856 1.5325539 1.9087826 1.3795503 -0.07022683 -0.9410408
0 5 0.0520538 -35.380375 3.2957425 42.326103 4.373424 1.6148875 1.8444656 3.7398105 -0.029316373 0.6305789
0 5 0.05202977 -7.436724 2.5567627 75.679596 4.591585 1.5585824 1.9051297 1.6071069 -0.08198481 -1.0162983
0 5 0.05167017 28.252905 0.8759479 37.361546 4.6238947 1.8210616 1.9494257 6.2569923 0.022832843 2.8200853
0 5 0.050293606 -7.9846325 2.8138216 71.38933 4.4874206 1.5758567 1.8954403 1.6923592 -0.089873284 -0.8231083
0 5 0.050261363 -12.354781 2.5345926 51.73654 4.768871 1.6888837 1.9988433 1.6766503 -0.012245167 -3.753408
0 5 0.05008008 -35.379715 3.3084426 41.764038 4.3736773 1.5985358 1.8035809 3.7211704 -0.07270442 0.72450924
1 5 0.12633671 27.531578 0.9090484 34.515057 4.65401 1.7679462 1.9535426 3.2187788 -0.02155219 0.27672997
1 5 0.096868806 27.53626 1.0179261 33.294716 4.984141 1.8722506 2.0073018 3.3431184 -0.0254758 0.93622583
1 5 0.07333007 17.952671 1.9628166 111.01473 12.967356 3.0534143 2.9753006 4.8101935 -0.022897141 3.7077415
1 5 0.06640302 27.958914 1.079048 35.052147 4.7216444 1.7892225 1.9822664 3.2582955 0.013749456 1.5481678
1 5 0.06346947 18.387714 1.9669503 112.64091 12.861442 3.0420966 2.9542456 4.7731724 -0.02296897 3.060995
1 5 0.057467937 18.54631 2.0392523 113.65816 12.96415 3.1551294 3.0113094 4.726435 -0.018241545 3.330023
1 5 0.05198527 27.297977 1.0606802 33.95797 4.8672276 1.8920211 2.018495 3.220777 -0.03764245 -0.42296404
3 5 0.12986384 18.54631 2.0392523 113.65816 12.96415 3.1551294 3.0113094 4.726435 -0.018241545 3.330023
3 5 0.11067202 18.387714 1.9669503 112.64091 12.861442 3.0420966 2.9542456 4.7731724 -0.02296897 3.060995
3 5 0.094971605 17.952671 1.9628166 111.01473 12.967356 3.0534143 2.9753006 4.8101935 -0.022897141 3.7077415
3 5 0.0751702 38.06842 1.520266 43.591526 11.488669 3.4594305 3.252978 3.383802 -0.010703434 0.66501707
3 5 0.074010044 27.531578 0.9090484 34.515057 4.65401 1.7679462 1.9535426 3.2187788 -0.02155219 0.27672997
3 5 0.07068703 27.53626 1.0179261 33.294716 4.984141 1.8722506 2.0073018 3.3431184 -0.0254758 0.93622583
3 5 0.06499038 19.223057 1.9814498 114.31899 12.830942 3.2163856 2.9705873 4.722073 -0.055165693 3.6457424
3 5 0.06137873 19.455614 1.9902442 115.352486 12.63743 3.1992145 2.9327443 4.732767 -0.07293312 3.4416568
3 5 0.059418846 18.804798 1.9355739 114.01125 12.871261 3.3058238 2.9315932 4.685312 -0.0014543384 0.9611857
5 0 0.08608043 7.1318517 1.4756911 7.866532 1.5447699 1.1041406 0.46578196 3.809018 0.026527984 0.018023029
5 0 0.07535637 7.0840077 1.526831 7.827963 1.4503832 1.0570592 0.42851377 3.749647 -0.016720692 0.018226463
5 8 0.0645212 9.182806 1.6730542 10.448376 1.631317 1.0739609 0.50199497 3.8193707 -0.015579795 0.0045347735
7 2 0.2155121 -7.904813 2.1688247 22.442425 0.7650918 1.7465417 0.7017263 6.4911313 0.038615227 -0.021879518
7 2 0.19652608 -7.825636 2.2119887 22.182484 0.7388423 1.7699641 0.6399082 6.487361 0.021877674 0.106115915
7 2 0.17164025 -7.8257656 2.2087617 22.327421 0.8139113 1.7695471 0.7053892 6.396171 0.055852115 0.016203612
7 3 0.14350186 -7.5399833 2.1758795 21.611982 0.74821115 1.7312526 0.6638487 3.643837 0.0495366 0.07943477
7 2 0.1370298 -7.89437 2.1988606 22.610565 0.70980656 1.7447379 0.6841172 3.65092 0.019746931 0.14264882
7 2 0.10191963 -7.917663 2.2062674 22.664688 0.72230357 1.7456524 0.6700213 3.6799285 0.003856644 0.13755232
7 2 0.09772062 -7.5709963 2.1883862 21.68071 0.7444919 1.7417232 0.6463294 3.6161532 0.038666382 0.06364649
7 2 0.09089558 -8.584941 2.2364652 24.543665 0.7968618 1.7696601 0.67089057 3.676463 -0.021327239 -0.0021977592
7 2 0.071726084 -8.082214 2.192308 23.0158 0.76039064 1.7400353 0.70754385 3.6792543 -0.045916006 0.16315508
7 3 0.07145715 -7.7701507 2.1806233 22.148714 0.73676765 1.7234591 0.66739017 6.715185 0.00058063306 0.032316986
7 2 0.06972412 -7.7747836 2.1324637 22.029173 0.73649824 1.7714177 0.6518988 6.379915 0.084169276 0.0052606408
7 2 0.0602583 -26.405981 2.644197 55.5363 1.242957 1.7659241 0.59043 4.829848 0.31536815 3.0383673
