0 5 0.48951945 22.51429 1.375035 51.958443 4.7739677 1.7210232 2.0231695 3.0218081 -0.044980526 -1.0291696
0 5 0.3694114 -11.157804 2.2848701 27.54688 4.6252213 1.6267802 1.9224248 1.8752381 -0.13139573 -5.277644
0 5 0.3452618 2.377714 2.041285 46.04823 4.827738 1.5868331 1.9984037 2.6504047 -0.016912065 -6.1668406
0 5 0.33196053 2.3797753 2.05395 46.54461 4.79008 1.5815903 1.9861712 2.7041807 -0.05209244 -7.1140385
0 5 0.2654257 22.142397 1.4042628 50.954082 4.829757 1.7504227 2.0287538 3.0228257 -0.06694063 -0.2862707
0 5 0.2587137 22.989803 1.4307935 52.963013 4.868207 1.7516085 2.0463793 3.0017765 -0.022964377 -0.24176496
0 5 0.22986217 -11.051536 2.2872708 27.173565 4.6675696 1.6583316 1.9084585 1.8636739 -0.14292617 -4.8706284
0 5 0.1917099 2.5691118 2.0511327 47.289326 4.7776327 1.5805717 1.9790506 2.6650813 -0.063298084 -8.50317
0 5 0.18536906 2.602346 2.0479076 47.026 4.8338547 1.5735122 1.9573758 2.6479704 -0.083274215 -6.3699646
0 5 0.16834833 -11.339274 2.3340955 27.648664 4.7584977 1.5844228 1.9252717 1.9231495 -0.030126086 -3.6199002
0 5 0.16409835 -10.437366 2.182009 25.399374 4.5756736 1.7116287 1.861603 1.8557614 -0.14988518 -5.861166
0 5 0.14732066 22.238264 1.3787763 51.177204 4.7478333 1.7283771 2.008653 3.0008142 -0.012110287 -0.6835948
0 5 0.12309571 -10.349474 2.157395 25.186663 4.6249614 1.7054445 1.8740236 1.8458662 -0.0963303 -3.505312
0 5 0.1126303 22.61554 1.4300163 52.205456 4.85601 1.7465793 2.0543017 2.995634 -0.07983933 -0.86989546
0 5 0.09637964 7.937948 1.9643786 71.926674 4.7387843 1.5621241 1.9743924 4.725029 -0.16679308 9.312723
0 5 0.09498556 9.057973 1.8895121 74.68481 4.7085657 1.5715743 1.9775971 4.7580595 -0.042520072 7.7495337
0 5 0.09448901 8.591613 1.9002784 73.3891 4.694619 1.5576797 1.9685229 4.742667 -0.13902974 9.265316
0 5 0.09219782 8.581678 1.9254618 74.12793 4.7476873 1.5584066 1.9783292 4.7366695 -0.11108118 9.831484
0 5 0.09088932 -11.565333 2.306778 28.123394 4.9650407 1.5869186 1.9324536 1.9114089 -0.061133966 -3.2638054
0 5 0.08560317 7.206886 2.0626123 71.17119 4.695379 1.5684054 1.955841 4.7001147 -0.21955426 8.930443
0 5 0.08166692 6.587195 1.6924748 96.15068 4.8434873 1.7989672 2.0701528 4.85835 -0.02668007 4.2072263
0 5 0.074745715 9.3944645 1.8908004 75.0972 4.7068686 1.5967245 1.979432 4.770909 -0.026511107 6.6403017
0 5 0.07284236 8.011984 1.9505296 71.4305 4.6870637 1.5620593 1.9588575 4.7345433 -0.19144088 9.43413
0 5 0.071625225 -12.201623 2.1074467 33.4429 8.02759 2.5866566 2.472047 1.7124544 -0.0060636606 -1.6455605
0 5 0.07010175 25.034018 1.4790814 57.30804 4.5159845 1.712203 1.9264705 2.8870726 -0.033657953 -0.7104004
0 5 0.069983795 -7.354287 2.2112987 88.49824 4.897544 1.4640248 1.9772472 2.0515485 -0.02466389 -4.0146585
0 5 0.06897839 6.6623588 2.1487436 74.084564 4.663485 1.5884981 1.9522486 4.7796073 -0.1920988 5.539557
0 5 0.067681804 2.9320784 2.0723991 53.60976 4.8555307 1.6700226 2.0219426 2.9730928 -0.050984293 -2.4515927
0 5 0.06542968 -10.7606535 1.7933056 27.66563 5.2989717 1.7908103 2.0390937 1.8612889 -0.07050504 -3.7301185
0 5 0.06479098 -7.3358164 2.0877514 87.9557 4.841857 1.4322988 1.965875 2.1668036 -0.031275235 -4.5222354
0 5 0.06450564 24.464552 1.4143643 56.207855 4.5473795 1.7643961 1.9330174 2.832914 -0.05340843 -0.8659454
0 5 0.0639943 6.2526946 1.5453514 100.44023 4.816375 1.7680658 2.037435 4.893282 -0.043318212 3.5947366
0 5 0.063841775 3.0114815 2.0587997 54.638958 4.8487835 1.7120241 2.0244298 2.977419 -0.055054225 -1.8349781
0 5 0.060508076 1.5456669 2.2151988 87.82473 4.538237 1.7049499 1.9608274 2.103666 0.014333697 0.01657151
0 5 0.060369607 7.446247 2.225221 87.404205 4.7115116 1.6571614 2.0041142 4.7903466 -0.06162186 4.493764
0 5 0.059805676 1.6426612 2.1405144 85.76492 4.5165877 1.6717874 1.9526166 2.0597656 0.035436876 0.30654714
0 5 0.058561433 -42.71237 2.7247598 50.49481 4.615924 1.7480472 1.9801702 4.6371126 0.043463178 3.1880088
0 5 0.057931554 1.8054161 2.1995597 86.59468 4.5521264 1.6590558 1.951004 1.9700972 0.02818912 0.020603158
0 5 0.05774893 3.9868774 2.2127202 79.22513 4.650588 1.6765946 1.9566413 2.0621297 -0.08064374 -2.657627
0 5 0.057456058 6.9140854 1.8446898 94.97074 4.692624 1.6699578 1.9736687 4.902978 -0.10369888 3.619254
0 5 0.056959044 7.7955236 2.1004243 71.342606 4.754529 1.5616088 2.0086102 2.3804145 -0.06379349 0.5704621
0 5 0.055646356 1.6564443 2.2153535 88.5812 4.563236 1.6896563 1.9595724 2.0011518 0.027078526 0.021260627
0 5 0.05555586 7.6892633 2.0518107 71.98603 4.7257643 1.5825202 1.987371 4.7705474 -0.08380528 7.246368
0 5 0.054536592 5.3489323 1.9470856 89.99494 4.6808863 1.6887393 1.9594572 1.9505514 -0.08171437 -0.090348706
0 5 0.053451598 -11.501837 2.4087796 29.26122 5.761761 1.9463208 2.0748868 1.7575282 -0.044657726 -4.1120214
0 5 0.052575544 -3.7759216 2.1977835 97.38832 4.698758 1.637011 1.9935144 1.8637158 -0.06611795 -1.8540694
0 5 0.052180883 -10.551093 2.228045 25.630297 4.5959873 1.6990569 1.8552891 1.851638 -0.062264204 -3.90418
0 5 0.051067185 -7.4900928 2.2103 90.12794 4.8926077 1.4680681 1.9784472 2.063002 0.003950281 -4.1561985
0 5 0.050045934 -12.942045 2.326322 32.065067 4.623911 1.6904026 1.8977219 1.8766718 -0.08411408 -2.954257
3 5 0.14801978 -12.325553 0.9929663 43.79653 12.209774 4.3083296 2.8035305 1.1664169 0.0015036818 0.5978337
3 5 0.146471 -13.126552 1.6204621 40.91115 12.039989 4.1376514 3.0431945 1.4488437 -0.040165894 -1.3156619
3 5 0.12999889 -12.089751 1.0107653 44.617268 12.227044 4.3535466 2.7993383 1.1990135 -0.008339864 0.16794983
3 5 0.12017522 -48.49775 1.8703845 99.8742 12.101449 3.6868057 2.9408362 0.76823604 0.026899802 -0.9279015
3 5 0.11539333 -12.129549 1.3966993 39.00048 10.706995 3.9930675 2.9063957 1.2398123 0.031666204 -1.9107805
3 5 0.1130473 -12.277105 1.3731248 39.144573 11.006341 4.105346 2.9408581 1.3601044 0.016391678 -1.563795
3 5 0.093570255 -48.23655 1.5812867 99.05115 12.00627 3.6033864 2.9669552 0.7793168 -0.0014364179 -1.4045405
3 5 0.0895338 22.050314 1.4596503 125.7097 13.158603 3.0194747 3.1107335 4.7855234 -0.0054919394 4.7017617
3 5 0.08918833 -12.201623 2.1074467 33.4429 8.02759 2.5866566 2.472047 1.7124544 -0.0060636606 -1.6455605
3 5 0.08642302 -49.615154 1.9921021 100.29417 12.134938 3.5810058 3.0094008 0.74089354 0.077504195 -0.75206107
3 5 0.082012355 -47.392033 1.7507794 96.3653 12.207877 3.589716 3.0116339 0.707559 0.014263215 -1.5652034
3 5 0.07489569 -11.124646 2.2968378 27.311111 4.7153134 1.5812088 1.9527416 1.905485 -0.046450075 -3.4799116
3 5 0.07308199 -12.241575 1.0575283 42.51365 11.958402 4.2308464 2.7765045 1.0844357 0.03482786 2.2169209
3 5 0.064497724 -12.391808 0.96383846 45.89554 12.599845 4.435438 2.7454584 1.1785171 0.12180605 0.455721
3 5 0.06165119 -15.039434 1.6447089 42.093994 11.838377 4.163765 3.027464 1.3822515 -0.029707871 -1.768063
3 5 0.057649054 -12.435765 1.2363954 41.899277 10.8633995 4.2357583 2.9660919 1.4481407 0.030182974 -1.6419185
3 5 0.057325322 -10.925154 2.2061114 27.017 4.820502 1.661295 1.9124048 1.8214612 -0.050445184 -4.410257
3 5 0.056968108 -47.501965 0.98712564 99.51491 12.062803 3.6601677 2.9459863 0.8185893 0.030074721 -1.2225974
3 5 0.056609757 -12.40889 1.5349272 40.597492 11.039634 4.037891 2.9771185 1.465457 2.4266541e-05 -1.7866026
3 5 0.055097472 -12.374338 1.0682702 43.325634 11.376218 3.9172778 2.9419172 1.0556004 0.018621223 2.0691838
3 5 0.052422423 -46.31165 2.089508 92.83083 12.579077 3.7690117 2.9207885 0.776089 0.0023394693 0.10467597
3 5 0.051594414 -11.986993 1.0017867 46.30586 12.12374 4.4047 2.843313 1.242461 -0.009386135 0.14256749
5 0 0.31586838 7.564878 1.4007264 9.221734 1.505248 1.7389156 0.5707981 4.505831 -0.22338928 -0.053704634
5 0 0.19054694 7.634072 1.3689247 9.329696 1.4997492 1.7183462 0.5616797 1.5924722 -0.19331798 -0.02975149
5 0 0.1822356 7.3747635 1.3794713 9.051873 1.5550233 1.7354479 0.5850453 2.1498394 -0.14756635 -0.01901504
5 0 0.17173365 7.775224 1.4261618 9.437608 1.6142961 1.7298403 0.6128787 2.3182015 -0.18868105 -0.04734436
5 0 0.14127174 8.071278 1.3863025 9.809249 1.356954 1.7403344 0.60052043 4.2428565 -0.11531281 -0.09362997
5 0 0.13466652 7.573612 1.3677876 9.327314 1.5432038 1.7183551 0.5781312 2.3652396 -0.19016252 -0.0019114185
5 0 0.11945812 7.569126 1.3814003 9.212364 1.5730507 1.7195774 0.5885596 2.9649465 -0.15404193 -0.014091102
5 0 0.10686096 8.766575 1.4297736 10.670889 0.7237154 1.6087879 0.53103936 3.9338717 -0.28379968 -0.06658368
5 0 0.1050258 8.733454 1.4492841 10.640179 0.8529893 1.6229222 0.56241524 3.8998458 -0.19925337 -0.05115416
5 0 0.10403543 8.198368 1.3987583 9.915769 1.2639844 1.7594358 0.6285396 1.5308077 -0.1474712 -0.11768639
5 0 0.09480826 8.21928 1.3835204 10.03667 1.169945 1.7354246 0.5830159 1.6314211 -0.07848797 0.078052096
5 0 0.075983 9.050434 1.4092625 10.978011 0.70691556 1.6357719 0.5670209 3.8740168 -0.2678945 -0.08508864
5 0 0.06349738 8.580317 1.4707896 10.479311 0.8555207 1.5916631 0.53901595 3.7770598 -0.2018838 -0.13219249
5 0 0.06078364 8.962034 1.4136662 10.88776 0.8290321 1.6699125 0.60148925 3.8466115 -0.2391735 -0.09648528
5 0 0.053679418 7.0319734 1.5204352 8.595897 1.5281545 1.676312 0.56330884 3.000409 -0.12318209 -0.009315363
5 0 0.052590832 8.566349 1.4542341 10.445424 0.7017106 1.5824376 0.532327 3.7595162 -0.1737431 -0.07954919
5 0 0.05175905 10.988917 1.1812174 13.298122 0.6365593 1.7157049 0.57309467 3.963768 -0.14604446 -0.011847489
6 0 0.06455604 8.766575 1.4297736 10.670889 0.7237154 1.6087879 0.53103936 3.9338717 -0.28379968 -0.06658368
6 0 0.06341728 7.564878 1.4007264 9.221734 1.505248 1.7389156 0.5707981 4.505831 -0.22338928 -0.053704634
6 0 0.061608795 7.3747635 1.3794713 9.051873 1.5550233 1.7354479 0.5850453 2.1498394 -0.14756635 -0.01901504
6 0 0.05846003 8.733454 1.4492841 10.640179 0.8529893 1.6229222 0.56241524 3.8998458 -0.19925337 -0.05115416
6 0 0.055061236 7.775224 1.4261618 9.437608 1.6142961 1.7298403 0.6128787 2.3182015 -0.18868105 -0.04734436
6 0 0.054377213 10.940604 1.5168405 12.404686 0.95487326 1.5939875 0.62623733 2.7470653 -0.12433746 -0.019660668
6 0 0.05051938 8.21928 1.3835204 10.03667 1.169945 1.7354246 0.5830159 1.6314211 -0.07848797 0.078052096
7 3 0.32868734 -6.8074646 1.9252629 20.73296 0.6323751 1.729706 0.6096113 0.64315516 -0.08077197 -0.038011137
7 3 0.19132794 -6.8738527 1.9329603 21.187067 0.7078184 1.7032734 0.65978 0.86633223 -0.20272748 -0.16746533
7 3 0.16643696 -7.0092983 1.9624743 21.506313 0.7175878 1.7210077 0.66394275 0.92832506 -0.26804334 -0.11734114
7 3 0.14496046 -6.800355 1.939501 20.786577 0.62184894 1.7579776 0.6183894 0.6905267 -0.017542385 0.014157943
7 2 0.14401653 -6.6705914 1.8641629 20.406105 0.611221 1.7223996 0.609024 0.5421361 -0.075784 0.0985907
7 3 0.12467112 -6.8895493 1.8943689 20.959585 0.66419625 1.727492 0.6298517 1.3839476 -0.0062713586 -0.009128912
7 0 0.10081214 8.766575 1.4297736 10.670889 0.7237154 1.6087879 0.53103936 3.9338717 -0.28379968 -0.06658368
7 0 0.08239535 7.564878 1.4007264 9.221734 1.505248 1.7389156 0.5707981 4.505831 -0.22338928 -0.053704634
7 0 0.077772655 8.733454 1.4492841 10.640179 0.8529893 1.6229222 0.56241524 3.8998458 -0.19925337 -0.05115416
7 0 0.07761616 7.634072 1.3689247 9.329696 1.4997492 1.7183462 0.5616797 1.5924722 -0.19331798 -0.02975149
7 2 0.0775164 -6.980775 1.9020213 21.358587 0.6889228 1.7190082 0.66090244 1.1574636 -0.2363549 0.07593118
7 3 0.07686408 -6.9081597 2.013717 21.25351 0.70563084 1.7273058 0.67555565 0.8669995 -0.21848336 0.06350656
7 0 0.07013482 8.566349 1.4542341 10.445424 0.7017106 1.5824376 0.532327 3.7595162 -0.1737431 -0.07954919
7 3 0.06867115 -6.980408 1.9215888 21.27723 0.709173 1.6996627 0.66424286 0.71162105 -0.05081241 0.32164243
7 2 0.06695798 -6.790025 1.9052259 20.582079 0.6224945 1.7238815 0.5953881 0.7822856 -0.05632612 0.015137188
7 0 0.06399678 9.050434 1.4092625 10.978011 0.70691556 1.6357719 0.5670209 3.8740168 -0.2678945 -0.08508864
7 0 0.06183764 7.573612 1.3677876 9.327314 1.5432038 1.7183551 0.5781312 2.3652396 -0.19016252 -0.0019114185
7 0 0.060976267 10.988917 1.1812174 13.298122 0.6365593 1.7157049 0.57309467 3.963768 -0.14604446 -0.011847489
7 0 0.058587994 8.580317 1.4707896 10.479311 0.8555207 1.5916631 0.53901595 3.7770598 -0.2018838 -0.13219249
7 2 0.058347385 -6.72822 1.8917937 20.558043 0.6375768 1.748658 0.6276627 3.9155128 -0.09271908 0.105135165
7 3 0.054672208 -6.790317 1.9843595 20.71043 0.6778798 1.7108248 0.60467434 4.4391603 0.13154012 0.25068864
7 3 0.054663144 -6.6715717 1.9256566 20.330708 0.6407017 1.6718824 0.60317314 0.7860667 -0.08114024 0.0078025237
7 0 0.05327603 8.962034 1.4136662 10.88776 0.8290321 1.6699125 0.60148925 3.8466115 -0.2391735 -0.09648528
7 2 0.05180268 -6.946079 1.9146427 21.257002 0.68037874 1.7074871 0.64539325 1.22836 -0.21451175 0.005530121
7 0 0.051381666 7.3747635 1.3794713 9.051873 1.5550233 1.7354479 0.5850453 2.1498394 -0.14756635 -0.01901504
