0 5 0.35486072 8.424537 2.1117084 53.490746 4.997155 1.8385751 2.0710917 2.8050807 -0.05901602 -5.9974494
0 5 0.3365665 -9.190948 2.3372722 34.17769 4.772243 1.63098 1.9497001 2.183288 -0.13042383 -5.549887
0 5 0.30240768 8.594426 2.1447203 54.134068 5.099268 1.8785574 2.0803325 2.800246 -0.073661745 -7.2222943
0 5 0.22448207 -9.114549 2.3263688 33.85377 4.7635636 1.61932 1.9571625 2.1748588 -0.07594265 -4.6002645
0 5 0.19954538 -9.541555 2.1599052 35.20063 4.853259 1.6343857 1.9726663 2.3403378 -0.011249201 -4.047276
0 5 0.13830304 -9.146034 2.1474943 35.069473 4.773362 1.6191239 1.9722946 2.355943 -0.06463956 -3.2854924
0 5 0.13063033 -3.6743193 2.4760756 92.9725 4.7159357 1.6042113 1.9794977 1.6306974 -0.024874188 -4.3019257
0 5 0.12238258 -9.736619 2.1783476 35.755104 4.86495 1.6121259 1.9790128 2.3295 0.01286681 -2.4836743
0 5 0.12013475 8.663237 2.1728277 54.841984 5.3574953 1.9047062 2.1432958 2.809154 -0.03993904 -7.582138
0 5 0.10623206 -7.9739466 2.6342158 94.61934 4.7845473 1.4673657 1.9419309 1.7160987 -0.028333157 -5.7061224
0 5 0.09570973 -3.2362208 2.3882656 92.55181 4.854047 1.597826 1.9806696 1.7024803 -0.04405675 -2.6892476
0 5 0.08549259 -9.366532 2.1979628 35.653873 4.652154 1.6227283 1.928568 2.2729452 -0.009106709 -3.391441
0 5 0.08149712 8.477546 2.1177652 53.26168 5.0344906 1.8443848 2.0574415 2.6772811 -0.09644289 -7.976467
0 5 0.08014651 -9.378634 2.4261374 34.83856 4.6858034 1.6340005 1.9418361 2.1021693 -0.09973264 -5.754216
0 5 0.07937636 -3.5953178 2.473992 92.2639 4.7400956 1.5918514 1.9800056 1.6502908 -0.058318302 -3.5888078
0 5 0.07926916 -3.7867033 2.564659 94.940765 4.6621175 1.5672672 1.9602311 1.5339539 -0.03250128 -4.4918876
0 5 0.07465943 8.4065695 2.1962686 52.932674 5.0159974 1.8452818 2.0780137 2.7933836 -0.06725719 -8.801138
0 5 0.072187945 -7.9621387 2.596444 95.257965 4.7507515 1.4783684 1.9463052 1.6445534 -0.0033526625 -5.284173
0 5 0.071560554 -2.2156053 2.052776 97.54852 5.8212023 1.8841721 2.1321027 1.7729863 -0.03281071 -3.0532937
0 5 0.062113915 -8.105379 2.7188046 95.00893 4.7992115 1.4796917 1.9479476 1.6907551 -0.036249034 -6.089019
0 5 0.060641643 -1.2976279 2.0599597 107.16164 8.544006 2.6909928 2.539668 1.8216634 -0.04354614 -2.4769998
0 5 0.056999896 -9.619062 2.2581096 34.912163 4.6025395 1.7155901 1.9419034 2.1737838 -0.015113296 -2.1851676
0 5 0.052736066 37.240307 1.1397413 54.51138 12.335258 3.1196463 2.859429 3.3573403 -0.09567738 1.0127555
0 5 0.05082899 -5.3563795 2.6444404 97.887505 4.689435 1.5055391 1.9457483 1.48289 -0.008340322 -4.7204566
0 5 0.050664626 -0.398525 2.1491995 112.303474 7.17086 2.2842474 2.375445 1.8305364 -0.0058471486 -2.60242
0 5 0.050024215 -8.132901 2.7157545 97.195366 4.7567186 1.4995898 1.9486376 1.6916544 0.0076520573 -4.915455
3 5 0.43785298 37.240307 1.1397413 54.51138 12.335258 3.1196463 2.859429 3.3573403 -0.09567738 1.0127555
3 5 0.33166826 36.281704 1.2006721 54.08463 12.143308 3.1488016 2.8183048 3.4310703 -0.09238703 0.16754255
3 5 0.22716942 38.05695 1.2362627 55.87066 12.378238 3.1055102 2.857255 3.4337592 -0.07756389 0.9053246
3 5 0.19266312 37.373028 1.1475239 55.724586 12.237709 3.1311586 2.832264 3.5156276 -0.05574882 0.34277758
3 5 0.1566805 37.058968 1.2082182 53.88103 12.371552 3.0788243 2.8726022 3.481992 -0.08969573 0.49789935
3 5 0.1523568 38.7875 1.4826975 53.963837 12.400801 3.3200357 3.204077 3.7142713 -0.052170575 -0.5549822
3 5 0.14476417 37.13329 1.2550036 56.969482 11.787682 3.1879652 2.767371 3.4868305 -0.116930604 -0.31626368
3 5 0.12913972 37.10371 1.1913192 57.416985 11.941327 3.1550858 2.765978 3.4738057 -0.054636337 -0.28781417
3 5 0.1288002 37.491924 1.0683844 54.81103 12.351464 3.155662 2.8849597 3.3897524 -0.08287264 -0.11190152
3 5 0.116339244 36.659615 1.1330062 54.752518 12.017989 3.121954 2.8922923 3.4171114 -0.06332356 -0.66653854
3 5 0.10644085 39.413177 0.8180795 54.27805 12.165132 3.3179946 3.253556 3.7639802 -0.11498269 -0.3433
3 5 0.07371065 41.84525 1.5526984 51.711758 13.403498 3.2705536 3.3841703 3.9446023 -0.06484793 -0.18401149
3 5 0.07357384 -13.473162 1.1869184 52.015236 12.2696705 5.00065 2.8089173 1.2120471 0.08484178 0.20893669
3 5 0.071313 37.306664 2.1659095 52.273125 12.334202 3.1716957 3.5759244 3.792805 -0.0643177 -0.0739705
3 5 0.06548417 -14.297819 0.63744164 54.89832 12.109493 5.0743566 2.642249 1.2712845 0.07395421 0.87160605
3 5 0.06400354 -15.108605 0.52754855 56.924026 12.1951475 5.0408335 2.6532125 1.2126588 0.10813295 1.4166392
3 5 0.06341846 -12.936262 1.2186389 50.7204 12.17527 4.980149 2.750264 1.2417425 0.07023763 0.45357236
3 5 0.06242632 37.72281 1.2779505 57.78798 11.589587 3.1269212 2.7868354 3.4969022 -0.087439045 -0.50583065
3 5 0.05314568 30.993992 1.292436 47.89716 7.6887975 2.6290486 2.4482818 6.8565135 -0.010204081 0.7570838
7 2 0.24473633 -6.766433 1.9081464 18.793493 0.7518213 1.7365911 0.6812408 3.8920512 -0.003305249 0.2066203
7 2 0.2188101 -6.993484 1.9518342 19.398525 0.7251716 1.7379743 0.65489525 3.7817888 -0.03151542 0.09967123
7 2 0.20511432 -6.8777833 1.9695176 19.143475 0.75551933 1.7628176 0.6949702 3.816994 0.027158292 -0.0054391827
7 2 0.14096677 -7.009196 1.9828689 19.49918 0.68227535 1.7116934 0.6198285 3.6357903 -0.006627445 0.11586396
7 2 0.10975019 -7.0312214 1.9456092 19.26604 0.7658627 1.7505257 0.72871256 3.8771164 0.050045483 0.12326073
7 3 0.10286751 -7.3899136 2.0155635 20.437237 0.7053983 1.7238023 0.68130547 4.284169 -0.12312182 0.2725026
7 2 0.100407794 -6.7991376 1.9675032 18.551474 0.77135766 1.7887306 0.70479316 3.8507357 4.7706068e-05 0.10138652
7 3 0.090579346 -7.2578692 2.0579808 20.133877 0.7167032 1.696312 0.6613384 4.377054 0.013169656 0.12736303
7 3 0.07341402 -6.783021 1.9799073 17.916233 0.4318309 1.7801627 0.5281394 4.2920375 0.06607847 -0.07227175
7 2 0.06880477 -7.1759624 2.0204585 19.636187 0.69947755 1.7326499 0.66296697 3.7322237 0.2076098 0.3469318
7 2 0.05641437 -7.3735323 2.0827408 21.014145 0.75902647 1.7620254 0.73011816 4.3429284 -0.086224586 0.20130053
7 3 0.054980733 -7.3294697 2.0221276 20.229393 0.67044014 1.7187543 0.6462616 4.2571254 -0.12397165 0.2169055
7 3 0.051375307 -7.2498803 1.9792447 19.99621 0.70649165 1.7157416 0.6707557 4.2707925 -0.107397854 0.29246354
