0 7 0.56349546 4.791196 1.9421539 6.7779117 4.25737 1.4683428 1.7760994 4.6160336 -0.0387434 0.021850843
0 5 0.50808805 -11.716146 2.4443753 38.51865 4.7054315 1.5628742 1.953718 2.013137 -0.049145676 -6.144011
0 7 0.3076665 4.620809 1.8935609 6.581818 4.353121 1.5091499 1.8021262 4.5730515 0.027955214 -0.0034264028
0 5 0.2734693 5.39875 1.8635844 59.044388 4.7442317 1.6464255 1.9862343 2.7108319 -0.091032155 -3.5140145
0 5 0.27187544 5.174126 1.8348794 58.803288 4.7269635 1.6601912 1.974484 2.6825027 -0.01638365 -2.907534
0 5 0.24059714 4.901942 1.8018758 54.737274 4.6918173 1.6282718 1.9584217 2.875269 -0.1086035 -3.8454506
0 5 0.22561334 -5.3800454 2.2505486 62.158512 4.5318065 1.53009 1.8988224 3.0163484 -0.016943607 -3.596826
0 5 0.21123163 21.915918 1.3069738 56.368603 4.686163 1.5719593 1.974516 3.034615 -0.032860138 -2.6364477
0 5 0.18738548 21.768848 1.2979114 56.03322 4.6332927 1.5714476 1.9372686 3.025754 0.019481713 -2.2310143
0 5 0.18620671 -30.95234 2.7379293 63.8212 4.7954016 1.6234585 2.0057063 6.3653345 0.062245265 0.017535329
0 5 0.1517886 4.763671 1.7976923 55.20484 4.7079988 1.61857 1.9452062 2.8821104 -0.13738702 -4.1222324
0 5 0.15118055 -11.859598 2.5024242 38.99402 4.677538 1.5623927 1.9244678 1.9519398 -0.08298629 -8.48303
0 5 0.15028176 -5.6543827 2.2132008 66.66632 4.671344 1.502043 1.9597839 3.10801 -0.0474829 -3.004386
0 5 0.14883438 5.5012217 1.8798559 59.786892 4.735893 1.6339997 1.9533304 2.6711159 -0.04870715 -4.170541
0 5 0.14565924 21.983236 1.2926203 56.60817 4.6422176 1.551979 1.9534289 3.045528 -0.01825502 -1.9210836
0 5 0.14073656 5.27463 1.8765223 59.333225 4.69962 1.6781455 1.9755155 2.6370387 -0.0060591176 -2.555726
0 5 0.13733381 -31.111322 2.801509 64.24255 4.7321877 1.6430389 1.9825985 6.364389 0.03703461 -0.024304094
0 5 0.13531637 -12.058184 2.343363 39.867165 4.4547095 1.555215 1.841882 2.069269 -0.031855516 -4.636411
0 5 0.13488379 -5.333021 2.2111068 61.711033 4.522997 1.5158937 1.9004934 3.0146608 0.0016718674 -2.9436393
0 5 0.12919508 5.2514954 1.8644795 58.57398 4.726836 1.683767 1.9840469 2.6952133 -0.028702836 -3.756359
0 7 0.12917294 4.475324 1.8925424 6.1402497 4.301239 1.5210584 1.7756475 4.5989795 0.01359003 -0.016127339
0 5 0.11373447 4.836825 1.7937493 56.03931 4.7013273 1.6308618 1.9261101 2.8926096 -0.1189812 -1.9499968
0 5 0.11284619 -31.383453 2.8145003 64.67773 4.713032 1.6245036 1.9851097 6.367414 -0.031506997 -0.046172835
0 5 0.11115104 22.614536 1.3128629 58.079395 4.7067413 1.586535 1.9393468 3.0308871 -0.01120257 -2.4431696
0 5 0.10408828 -5.7932725 2.2608929 67.34611 4.6322 1.537225 1.9316375 3.193219 -0.017005285 -1.8734131
0 5 0.10326966 -5.4093103 2.2577047 64.07457 4.477543 1.536339 1.8739763 2.7568212 -0.057816826 -3.0008152
0 5 0.10326768 -5.748808 2.2457113 67.71226 4.6997538 1.5121315 1.9414669 3.1492946 -0.006946141 -2.3417659
0 5 0.10297613 -5.520031 2.2348182 63.10543 4.5159917 1.5082428 1.8820553 3.0153913 -0.042327497 -3.663397
0 5 0.10123151 4.855136 1.9070451 6.5440216 4.4982986 1.5463585 1.9007791 5.0488906 -0.019716475 0.105629034
0 5 0.091203675 20.420156 1.33613 52.430195 4.500521 1.5363833 1.896626 3.1809187 -0.093437836 -0.26736578
0 5 0.09052596 -11.4728365 2.4409437 37.95051 4.699124 1.5444496 1.9033294 2.0651612 -0.103403 -4.3293567
0 5 0.08904797 22.372032 1.2903962 57.563976 4.6283755 1.5754352 1.9457903 3.0308049 -0.04183466 -2.44571
0 7 0.08843344 -30.108694 2.6403193 63.469887 4.4119887 1.5497471 1.9096981 6.3801255 -0.023510814 -0.05379536
0 6 0.08549429 -49.606544 3.1542172 63.865982 4.3281054 1.6661918 1.9128886 6.0479255 -0.04280302 -0.0172105
0 5 0.08406148 -5.7637343 2.2193656 67.98311 4.586762 1.5347918 1.9222995 3.1930573 -0.03035824 -1.6683784
0 6 0.08123645 -50.457195 3.0913517 63.950306 4.3637333 1.6755428 1.9041338 6.0577936 -0.046905734 -0.015022151
0 5 0.080904365 -12.243988 2.294542 40.426453 4.450121 1.5568056 1.862321 2.078959 -0.05379539 -4.9618554
0 5 0.07627741 5.3600707 1.7429465 56.308506 4.5977874 1.6049606 1.930334 2.8266997 -0.101769075 -2.798137
0 6 0.07563374 -51.746075 3.004001 63.807175 4.352449 1.6676606 1.919381 6.0833488 -0.026325073 0.00015921891
0 5 0.07541305 -30.715725 2.8441787 63.609077 4.732615 1.648469 1.9983287 6.3385606 0.027041694 -0.02770829
0 5 0.07521737 39.99607 0.23980862 68.92407 4.543171 1.6763333 1.9648122 5.0666976 -0.020686291 3.8448412
0 5 0.07169229 -5.322919 2.2304 62.768772 4.4684525 1.5185853 1.8879179 2.9572573 -0.023076475 -2.3319318
0 5 0.07003435 21.70782 1.360044 55.554893 4.67405 1.5698423 1.9522091 3.0441775 -0.018039087 -2.4597397
0 5 0.06905927 39.585785 0.3289746 68.165146 4.4772716 1.6901362 1.9442302 5.138333 -0.04476034 5.736432
0 5 0.06837315 5.4197373 1.8186169 57.58948 4.6109242 1.6153091 1.9289503 2.8404398 -0.1326573 -3.1724687
0 5 0.066362076 -21.064022 1.6979346 82.02088 4.6032443 1.572485 1.9475257 4.2682414 -0.003837552 6.0531964
0 5 0.06576899 -29.587517 2.6696606 61.23106 4.413568 1.5547149 1.8956268 6.3505354 0.01349948 -0.07008411
0 5 0.065265864 4.798462 1.8006638 54.17329 4.6429768 1.605323 1.9384238 2.9061847 -0.08915291 -2.265884
0 5 0.06358141 39.425076 0.19934434 68.34783 4.5924 1.6594957 1.9680287 4.9802423 -0.051845774 4.402097
0 5 0.06278116 -5.7664423 2.1258678 66.364975 4.7135053 1.5128434 1.9661644 3.1335537 -0.0024212906 -2.937022
0 5 0.06273624 5.1274776 1.8136392 84.248566 4.647494 1.6902754 1.9832395 2.2079177 -0.034935128 -0.7921824
0 5 0.061825402 -21.432877 1.7748396 82.32855 4.6068726 1.5693833 1.9445268 4.2489243 0.00032938458 6.315829
0 7 0.060675956 -30.37471 2.7080498 64.0374 4.4425054 1.5747637 1.9017255 6.417533 -0.017592689 -0.023632554
0 5 0.05897889 39.17768 0.35858434 66.98503 4.441549 1.7154425 1.9292635 5.2192655 0.016318185 4.8419046
0 5 0.058925297 -5.3528724 2.1741366 63.37118 4.5336103 1.5386754 1.8640983 2.6411262 -0.013451098 -3.6774192
0 5 0.058227308 4.539665 1.5624899 6.0626845 4.4972177 1.5596082 1.8931345 5.3569546 -0.026490383 1.075605
0 6 0.05818337 -51.000023 2.834048 62.82147 4.359244 1.6641315 1.917926 6.0856667 -0.046881944 0.01948078
0 5 0.057981387 -13.040078 2.4733982 41.725163 4.6027956 1.5556662 1.8916423 2.2713525 -0.02592342 -2.690839
0 5 0.05705447 5.2776937 1.8896644 76.26857 4.638483 1.6614406 1.9508303 2.5714734 -0.051130034 -2.6087866
0 6 0.056795273 -51.64903 3.2168703 67.42399 4.295947 1.6531131 1.8817914 6.0516167 0.007476855 -0.004652217
0 6 0.05671981 -31.2636 2.6335585 67.11122 4.3288083 1.5296313 1.898952 6.4452085 -0.021532185 -0.023444256
0 5 0.056394786 5.011706 1.9639442 6.810399 4.1764984 1.4278338 1.7654815 4.6093187 0.0032256357 -0.0026782416
0 5 0.05614231 39.570015 0.29023027 67.629196 4.489524 1.6900654 1.9480419 5.1481566 0.011975996 3.732327
0 5 0.053296972 20.612194 1.3093641 53.46722 4.541378 1.5454565 1.8936571 3.2991815 -0.107117206 -0.9689832
0 5 0.05308541 5.1886415 1.8352602 88.1248 4.6884828 1.7207496 1.9847478 1.956323 -0.06758857 -0.9814439
0 5 0.052836426 -3.523424 2.0292063 99.82625 4.8739977 1.7689464 2.0223558 1.3014984 -0.05248364 -1.7302128
0 6 0.051987626 -50.328716 3.2164102 64.58007 4.337321 1.6470634 1.909949 6.0667253 0.029343115 -0.011812434
0 5 0.051958382 -5.7015543 2.349789 87.125534 4.5486712 1.581193 1.8906572 1.4355075 -0.08614806 -1.0584077
0 5 0.051720735 5.3646226 1.6408266 7.3506675 4.6215916 1.5349315 1.8702952 7.6533556 0.004752256 1.0766878
0 6 0.050702758 -50.077248 3.086337 63.442173 4.3126884 1.6666905 1.9019709 6.056903 -0.072753206 0.0055466034
0 6 0.050203327 -48.77422 3.127985 63.02556 4.305994 1.678442 1.9083033 6.061397 -0.040964138 -0.017510526
0 6 0.05011665 -50.641994 3.1743884 64.15121 4.3334923 1.6555322 1.8941483 6.061171 0.038114592 0.00068856403
3 5 0.051196735 -2.307154 1.6164302 114.255936 10.3614855 3.07693 2.934692 1.382995 -0.07782719 -0.690512
5 0 0.260066 9.908783 1.5517894 18.875994 1.613995 1.4088051 0.4970076 3.498101 -0.061706103 -0.050075322
5 0 0.18651223 10.028719 1.5851936 19.1394 1.6463735 1.4547021 0.54056907 3.5372765 -0.0115905255 -0.037041485
5 0 0.1785486 10.110548 1.562068 19.235111 1.6380193 1.3635149 0.4782355 3.5394654 -0.06729955 -0.040847287
5 0 0.15193842 10.194103 1.5858531 19.434189 1.6630051 1.3857743 0.5028928 3.5563838 -0.046302993 -0.00035813823
5 0 0.12410518 9.645563 1.5347272 18.500599 1.5976217 1.350535 0.4832578 3.4457426 -0.034595266 -0.027895879
5 0 0.1225732 10.781158 1.5746768 20.344439 1.7267904 1.6328413 0.601454 3.475883 -0.051710233 -0.08435294
5 0 0.091203704 9.894064 1.4940021 19.039587 1.6245817 1.4254961 0.5327573 3.493514 -0.00041699782 -0.02620751
5 0 0.090802155 11.978912 1.3310194 22.41753 1.7835305 1.806128 0.57673556 5.7351685 0.054498613 0.06557556
5 0 0.07645274 17.492851 1.3755686 32.39221 1.7421823 1.6975509 0.62616336 2.4722006 -0.15895906 -0.030508036
5 0 0.071106695 16.22809 1.4072968 30.096687 1.7624073 1.6752715 0.6276333 2.4780416 -0.1500955 -0.008666963
5 0 0.06248815 26.217749 1.2919945 46.669598 3.351216 1.7268497 1.4339622 5.103164 0.07267633 1.6495409
5 0 0.059800804 17.955063 1.3624526 33.203033 1.7490942 1.6672118 0.62600464 2.46888 -0.108552076 0.018961363
5 0 0.058166012 11.470562 1.3403528 22.01496 1.7617022 1.7679933 0.5736914 3.186245 -0.10070989 -0.062196176
5 0 0.054448623 10.699802 1.5470692 20.049797 1.7426103 1.6644878 0.6207441 3.2895386 -0.087954424 -0.031305503
5 0 0.05402769 9.812931 1.6627562 18.759562 1.6436135 1.2719133 0.4993918 3.5744102 0.047856644 0.014426701
5 0 0.05306184 17.388824 1.4035263 32.459095 1.7551621 1.7087122 0.62886184 2.5438032 -0.15096013 0.05713112
5 0 0.052647997 15.918822 1.437849 29.734577 1.7525808 1.6987771 0.61389935 2.5976162 -0.15847997 -0.0059642307
5 0 0.05070558 16.654547 1.365918 30.844183 1.7727396 1.6358951 0.6324443 2.422141 -0.12041378 0.0314678
7 2 0.11940646 -8.3217745 2.2255745 33.640953 0.74675256 1.7427797 0.61390436 4.5873623 0.16035803 2.9192564
7 2 0.11930075 -8.412184 2.2175896 34.13183 0.7726774 1.7445028 0.6371559 4.579026 0.21527399 3.6078203
7 2 0.1031944 -8.221725 2.148384 33.522114 0.7784989 1.7507708 0.61235714 4.557733 0.15091342 4.2415156
7 2 0.05659949 -8.604659 2.2853355 34.85367 0.7722744 1.7429619 0.64573133 4.6068316 0.18413703 3.091238
