0 5 0.34529334 31.672321 1.6876187 46.728474 4.4528193 1.5842195 1.8972576 3.3564668 -0.012731244 -0.2900059
0 5 0.17744677 31.143925 1.6016787 45.991657 4.4291124 1.5639365 1.8932203 3.358103 0.028343847 -0.007840579
0 5 0.17225172 30.980515 1.657451 45.750526 4.4566064 1.5580759 1.8877602 3.3190422 -0.060300864 -1.5200964
0 5 0.122762635 32.336636 1.766504 47.44033 4.394892 1.5803456 1.9036053 3.4878693 -0.035005726 0.04084938
0 5 0.117349036 -8.249326 2.6597044 87.60816 4.694777 1.4956604 1.9384722 2.2749417 -0.03085298 -3.7712176
0 5 0.10476113 33.175743 1.901546 49.46257 4.266598 1.5473415 1.8788761 3.337194 -0.023123736 -0.000569392
0 5 0.103240974 30.546528 1.6067448 45.16358 4.3901234 1.5752286 1.87166 3.330463 -0.0135787595 -0.39912385
0 5 0.09681599 33.045303 1.7397001 49.1058 4.2737374 1.5816193 1.8573915 3.3425543 -0.021102795 -0.010692549
0 5 0.09229472 -4.747647 2.5923843 95.56629 4.7123866 1.5776172 1.9827589 1.8615606 -0.045903422 -5.1910005
0 5 0.088162705 30.851723 1.5795043 45.545162 4.4212227 1.5715098 1.8899536 3.3578033 -0.05830805 -0.7357474
0 5 0.080835976 0.2959751 2.1981494 111.45391 5.60898 2.0458462 2.1622136 1.7536292 0.076468796 0.0759948
0 5 0.074834794 -8.352845 2.6139076 88.22584 4.718273 1.4806473 1.9556328 2.3032348 -0.014000574 -4.4635577
0 5 0.07096659 -0.14570151 2.0763085 111.50064 5.888457 2.1600604 2.2007356 1.6961625 0.018198835 -0.46141595
0 5 0.066516705 47.268093 0.3227964 57.083145 4.5709357 1.6964301 1.9609473 2.527215 -0.022463202 0.29999042
0 5 0.065264925 31.424849 1.6249032 46.420544 4.4231834 1.6081471 1.895383 3.3344321 -0.02321196 -0.052140705
0 5 0.06312474 -4.769583 2.5974102 93.96331 4.6673307 1.5563778 1.9731382 1.8588794 -0.08360658 -5.2175264
0 5 0.06278423 -3.1654773 2.3182933 97.524895 5.1872854 1.764054 2.0580928 1.6797184 -0.055533268 -2.4533603
0 5 0.059699915 -8.35102 2.6439466 88.53876 4.7569942 1.5040727 1.9660311 2.181671 -0.008043811 -3.8208594
0 5 0.05942425 -1.9890921 1.9735045 105.07367 6.413517 2.287129 2.2657297 1.6339377 -0.036022805 -1.9525595
0 5 0.05929632 44.614704 0.42615762 52.86046 4.3708115 1.68089 1.9050695 5.6989336 0.04302027 3.6819823
0 5 0.05837632 44.54897 0.42248732 53.071934 4.381472 1.6745692 1.9097822 5.6770806 0.046316445 3.2494977
0 5 0.054733593 0.7273231 2.2165532 110.19583 5.164107 1.8678366 2.1029904 1.7393613 0.077220865 0.74286866
0 5 0.053391166 31.102428 1.6204195 45.202858 4.409333 1.6121761 1.8944874 3.5477808 -0.053515345 -0.041053534
0 5 0.052087836 32.08594 1.834708 47.982998 4.307817 1.5292772 1.863075 3.2997594 -0.08546888 -0.008732241
0 5 0.051903974 32.91484 1.7851045 47.68244 4.4566474 1.6047531 1.9258178 3.3933682 0.026331985 0.049634323
0 5 0.051500358 44.89342 0.3675602 54.148937 4.3832183 1.6682434 1.9049493 5.6733027 0.033141807 3.6084688
3 5 0.28548393 -14.527921 2.2627616 27.737972 11.492825 3.5056827 2.928762 2.0257974 -0.008650259 0.40949744
3 5 0.23094678 -14.251821 1.8540133 27.32206 11.356835 3.3303497 2.9244585 2.0459206 0.03320051 0.18097687
3 5 0.15154114 -14.581862 2.2761025 27.498888 11.627311 3.4875097 2.90724 1.9254817 -0.01981921 0.23954904
3 5 0.1460368 -15.180753 2.3598726 28.971338 11.42759 3.624062 2.9092357 5.27135 0.038340174 0.73477256
3 5 0.09169057 -14.068229 1.9485464 26.470407 11.580065 3.2422767 2.8853629 2.0076542 0.06508324 0.69030863
3 5 0.076777086 25.504217 1.189622 141.014 12.674468 3.1216714 3.031717 4.842161 0.0030279197 4.22773
3 5 0.076712325 -12.502852 3.6429691 24.403172 11.915569 3.1211436 2.8532908 5.146271 0.0766396 -0.004647065
3 5 0.07483758 -14.9834795 2.2603457 29.326265 11.858115 3.2034695 2.746975 1.8175688 0.010982178 0.7536897
3 5 0.063235305 -22.437698 2.646732 31.247372 9.340582 2.912229 2.5808954 4.851028 0.03154044 1.8387852
3 5 0.059441112 -22.537975 -3.2552943 83.19497 11.58651 3.360421 2.9245765 1.1781791 0.03641296 -0.6256874
3 5 0.057880722 25.976042 1.1760445 145.48007 12.5963545 3.0863092 3.0658653 4.859172 -0.028584242 4.9782066
3 5 0.057136662 -23.170261 2.562316 31.160397 8.912015 2.8955686 2.540516 4.7866426 -0.01058357 2.3207107
3 5 0.05398588 -21.57715 -3.000624 80.890625 11.605827 3.3960443 2.867388 1.1526474 0.0063151866 -0.5865806
3 5 0.053706385 -15.518791 2.1329389 29.565857 11.995727 3.1803946 2.7425737 1.9387506 0.020672558 0.65490097
7 3 0.32601628 -6.6373105 1.9899895 16.398603 0.74228364 1.7329758 0.71028644 6.2277164 0.23074612 0.13990408
7 3 0.2348065 -6.9866652 2.06499 17.306578 0.6998049 1.6855625 0.6380208 6.2385488 0.20812924 0.22277772
7 3 0.22721368 -6.8170996 2.0490916 16.861387 0.6814634 1.70971 0.63937604 6.0602255 0.15391551 0.12679175
7 3 0.118747264 -6.855866 2.0661864 16.751644 0.7341494 1.7932452 0.7095524 6.529062 0.09407678 0.017144997
7 3 0.10375 -7.8869762 2.1917033 19.293638 0.7563187 1.6265438 0.6957811 3.63195 0.031946197 -6.426871e-05
7 3 0.09014956 -7.095164 2.0950518 17.366072 0.71355045 1.7252457 0.6584486 6.2216883 0.24039786 0.27820677
7 3 0.08880641 -6.9526925 1.8411683 17.223839 0.5215198 1.6480434 0.55176467 4.789934 0.070497744 -0.049471967
7 3 0.085718766 -6.8254642 1.7753345 16.769024 0.5730713 1.544404 0.59617656 4.5540614 0.06784899 -0.038915724
7 3 0.06603021 -7.758738 2.1595116 18.902805 0.72560817 1.6111397 0.68765336 3.6341412 0.023079349 0.0012272894
7 3 0.06599136 -6.4118614 1.9449966 15.954152 0.7012659 1.7480801 0.6968564 6.334817 0.16735266 0.07937531
7 3 0.063942395 -8.076769 2.229877 19.840197 0.7378297 1.643863 0.70100456 6.674305 -0.028677715 0.002754528
7 3 0.05810231 -6.5495586 1.9493463 16.227446 0.67694455 1.7449319 0.6673724 3.6986537 0.30347362 0.038659107
7 3 0.050864764 -6.688723 1.9689935 16.300203 0.7457415 1.7578399 0.7068163 4.73251 0.16052957 0.13446125
