0 5 0.5266755 -8.720592 2.114004 34.234833 4.666467 1.5768377 1.919696 1.9151202 -0.113493785 -3.8120954
0 5 0.39382133 29.527933 1.329774 55.87841 4.7997375 1.7875359 2.0254464 3.1397822 -0.049914464 -0.88621134
0 5 0.29679167 7.6204734 1.9535174 51.7978 4.8188767 1.6224968 2.0073676 2.9076614 -0.044430286 -3.4088342
0 5 0.2749156 28.985233 1.3472321 54.98068 4.801076 1.7647251 2.0077438 3.0917952 -0.029101476 0.004459437
0 5 0.26251805 30.294567 1.3824264 57.30788 4.885168 1.8309194 2.046048 3.1717808 -0.02731102 -0.10388817
0 5 0.22074825 -8.771552 2.088515 34.489803 4.7302256 1.5606574 1.9204918 1.9114625 -0.103853606 -2.7718503
0 5 0.2085992 -8.394373 2.152503 30.209087 3.0585423 1.6780465 1.4282084 1.8098769 -0.052386865 -0.9731697
0 5 0.1448341 -8.929744 2.109156 32.38642 4.407799 1.6761663 1.8632317 1.7121007 -0.031818967 -0.3408887
0 5 0.12460189 -9.658722 2.1085129 37.513515 4.464119 1.596031 1.8899705 1.9811827 -0.0074852593 -0.670689
0 5 0.11901586 7.733781 1.9633703 52.362476 4.804619 1.6146098 1.9571252 2.847232 -0.046664674 -4.9576554
0 5 0.110142246 28.854357 1.4371705 54.62312 4.805647 1.7791452 2.0218835 3.1015365 0.013643205 -1.3481617
0 5 0.109615944 29.88346 1.3996377 56.82607 4.7872043 1.8039515 2.02104 3.183474 -0.01718836 -1.5377662
0 5 0.10203887 -8.976141 2.1629367 32.57986 3.924027 1.6287808 1.6772733 1.9235202 0.055524178 -0.69735813
0 5 0.10001266 28.479645 1.4102793 53.788887 4.7833986 1.7811153 2.007484 3.0965896 -0.020095376 -0.16024554
0 5 0.097452216 -9.563099 2.1109378 36.791718 4.4072165 1.5443718 1.871473 1.9715236 -0.025531137 -0.70923245
0 2 0.08946248 -7.2113123 1.9751275 23.529139 0.6979843 1.7644968 0.6422042 4.363692 0.14240389 -0.2753676
0 2 0.08479067 -7.428174 2.0217137 23.784803 0.81309384 1.7278334 0.71658856 4.52026 0.005207481 0.5491421
0 2 0.0845712 -7.311766 1.9885628 23.778925 0.8501924 1.7693709 0.7236102 4.299576 0.065125495 -0.052949168
0 5 0.08181441 30.59158 1.4280605 58.038837 4.835298 1.8123143 2.037762 3.1798053 -0.032933153 -0.4814933
0 5 0.081758544 7.8757544 1.942327 56.873833 4.5280514 1.5750417 1.8941741 3.0871484 -0.08102477 -1.4974937
0 5 0.08018598 -11.521207 2.1540263 36.922096 2.7762477 1.6117996 1.2595264 4.5150223 0.021710193 0.16723207
0 5 0.07383976 8.084302 1.9662931 55.75412 4.557711 1.5906819 1.8825668 2.8437445 -0.1061953 -1.5919178
0 5 0.07039799 -13.418673 2.2639272 42.83896 4.2249823 1.607477 1.8396478 4.5153832 -0.08039066 0.02396091
0 5 0.06862469 32.50654 1.4661894 61.300205 4.6181073 1.7654351 1.9627115 3.245895 -0.006714332 0.057692647
0 5 0.067116216 -9.195909 2.0182245 36.36353 4.625021 1.5801381 1.9100751 2.0422838 -0.0032741446 -0.74447995
0 2 0.063765906 -7.6253166 2.0023117 24.443565 0.8526314 1.712145 0.74378645 4.5527973 0.03799454 0.48791778
0 5 0.063073985 33.607056 1.4114882 63.424446 4.4934897 1.7216458 1.9439532 3.3577383 -0.047157563 0.016778685
0 5 0.061473783 26.118528 1.540729 37.102814 4.655749 1.7623115 1.9349663 3.9157374 -0.018732958 1.5595198
0 5 0.0593794 9.485474 2.076116 69.69471 4.6034427 1.6246527 1.9283527 2.7323496 -0.07839857 1.9017472
0 5 0.059302777 19.67376 1.8242264 104.2971 12.153153 3.2009377 2.9686167 4.775289 -0.040306598 3.1547036
0 5 0.057603486 31.197287 1.5463243 58.847103 4.571639 1.7108226 1.9369639 3.2179728 -0.008216966 0.01808802
0 5 0.05559687 -8.330287 2.3247373 96.126335 4.938497 1.4799894 1.9727504 1.8522336 -9.1800466e-05 -3.7424853
0 5 0.05527785 -3.1276565 1.8514915 106.48433 5.2925572 1.8927281 2.1452694 1.5977155 -0.054648988 -1.4985411
0 5 0.05479143 8.913966 2.0779908 75.76249 4.5773115 1.6709865 1.9597787 2.347373 0.016145708 0.23070022
0 5 0.05333728 -10.47459 2.1732132 38.28678 4.520476 1.6177245 1.8859202 2.0132918 -0.023692533 -0.07088436
0 5 0.05230712 -3.7559698 2.1380787 100.56556 4.8683763 1.6607281 2.0323176 1.5762794 -0.048643798 -2.9584277
0 5 0.05198573 19.951775 1.7822671 105.865456 12.167455 3.090676 3.0163653 4.8049664 -0.057133064 2.482545
0 5 0.05195212 8.809789 2.0406506 72.98912 4.5307703 1.6212059 1.9258347 2.7268667 -0.01200269 -1.3295845
0 5 0.05060059 29.822905 1.201722 56.3818 4.8620257 1.781415 2.0278826 3.225186 -0.0062392177 0.0031767022
0 5 0.05034339 -8.27951 2.3131032 95.33326 4.901537 1.4594357 1.9834744 1.9275514 -0.02693798 -3.7230272
1 5 0.064072184 19.67376 1.8242264 104.2971 12.153153 3.2009377 2.9686167 4.775289 -0.040306598 3.1547036
1 5 0.06176986 19.951775 1.7822671 105.865456 12.167455 3.090676 3.0163653 4.8049664 -0.057133064 2.482545
3 5 0.17724758 19.67376 1.8242264 104.2971 12.153153 3.2009377 2.9686167 4.775289 -0.040306598 3.1547036
3 5 0.13497029 19.951775 1.7822671 105.865456 12.167455 3.090676 3.0163653 4.8049664 -0.057133064 2.482545
3 5 0.12458827 19.269863 1.7715752 102.52307 12.137267 3.2053924 3.0080643 4.780271 -0.03293315 3.316151
3 5 0.08436121 19.561478 1.8006356 102.273415 12.25162 3.2477818 2.9577415 4.7993803 0.002645705 3.07451
3 5 0.060602404 20.315552 1.8097342 107.74457 12.160428 3.192416 2.958547 4.747349 -0.054094486 2.4502764
3 5 0.058430474 19.237028 1.76866 101.039825 12.35694 3.2286339 3.0005841 4.7994576 -0.016035827 3.3557656
3 7 0.057979118 -12.075416 0.87998974 45.432823 10.267908 4.4281425 2.396506 4.5602875 0.09087638 2.5006728
3 5 0.05679942 19.332766 1.7641367 104.886444 11.602992 3.008612 2.9577005 4.842152 -0.0633911 2.0901215
3 7 0.054757077 -11.763167 0.9307965 44.154114 10.286793 4.3317556 2.3969193 4.620589 0.104707815 2.2182994
3 7 0.052146994 -11.535484 1.21667 45.324642 9.943775 4.241174 2.5367982 1.6089307 0.07542105 2.4438496
3 5 0.05094804 18.838213 1.7678133 103.16092 10.953355 3.0972364 2.897821 4.8301105 -0.10750011 3.8883266
5 0 0.169148 9.625058 1.6138377 12.670892 1.8354244 1.6372511 0.6472089 7.5054507 0.0020673051 0.04432924
5 0 0.15874238 9.728916 1.6326205 12.899782 1.9592967 1.6452678 0.653316 7.4391274 0.0033528656 0.081170306
5 0 0.11126113 9.7468815 1.6833317 13.060635 1.8142592 1.5453104 0.65770584 7.339111 0.0014539901 -0.011213195
5 0 0.10134847 9.3295765 1.6023954 12.292471 1.7269914 1.6046894 0.66834056 7.4965835 0.035142027 -0.009963626
5 0 0.09986707 9.489514 1.5690209 12.726303 1.7720097 1.5476378 0.60797405 7.354451 0.014606988 0.013235971
5 0 0.090491705 9.471021 1.6308781 12.584012 1.9233166 1.5977023 0.6494594 7.426017 -0.010081947 -0.000639908
5 0 0.08260671 9.835344 1.7176712 13.196765 1.9507062 1.5864798 0.5908583 7.666005 0.0035774875 0.0074844304
5 0 0.078386754 9.80113 1.6098654 12.825747 1.5059893 1.6302311 0.6449329 7.4963274 0.006862266 0.025471386
5 0 0.07833838 10.259102 1.6286187 13.586838 1.8283768 1.6573505 0.6463219 7.435173 -0.021450562 0.049833246
5 0 0.07638347 9.33497 1.5960019 12.473639 1.7549844 1.6236522 0.616555 7.3643665 -0.020939667 0.052709483
5 0 0.07487212 10.011523 1.6257644 13.1762705 1.9237137 1.6511552 0.6708364 7.5092645 0.00080662966 0.024558004
5 0 0.07192792 10.08162 1.6490879 13.383607 1.8290019 1.6301465 0.6827357 7.5245337 0.07177726 -0.01405224
5 0 0.07173929 9.868025 1.7122598 13.234173 1.7970285 1.6107547 0.5640889 7.560364 -0.004305278 0.035133377
5 0 0.061643656 10.965651 1.7620473 14.76788 2.038239 1.647228 0.6107879 4.5725265 0.058151796 0.09049624
5 0 0.052332614 9.602087 1.6184688 12.594382 1.2875303 1.6170635 0.6645661 7.4330683 0.049904846 0.032663994
6 0 0.27114603 9.625058 1.6138377 12.670892 1.8354244 1.6372511 0.6472089 7.5054507 0.0020673051 0.04432924
6 0 0.21056 9.728916 1.6326205 12.899782 1.9592967 1.6452678 0.653316 7.4391274 0.0033528656 0.081170306
6 0 0.16918382 9.3295765 1.6023954 12.292471 1.7269914 1.6046894 0.66834056 7.4965835 0.035142027 -0.009963626
6 0 0.1451748 9.7468815 1.6833317 13.060635 1.8142592 1.5453104 0.65770584 7.339111 0.0014539901 -0.011213195
6 0 0.12944427 9.471021 1.6308781 12.584012 1.9233166 1.5977023 0.6494594 7.426017 -0.010081947 -0.000639908
6 0 0.12447453 9.835344 1.7176712 13.196765 1.9507062 1.5864798 0.5908583 7.666005 0.0035774875 0.0074844304
6 0 0.11403329 9.489514 1.5690209 12.726303 1.7720097 1.5476378 0.60797405 7.354451 0.014606988 0.013235971
6 0 0.10749959 10.011523 1.6257644 13.1762705 1.9237137 1.6511552 0.6708364 7.5092645 0.00080662966 0.024558004
6 0 0.10599054 9.80113 1.6098654 12.825747 1.5059893 1.6302311 0.6449329 7.4963274 0.006862266 0.025471386
6 0 0.102349915 10.259102 1.6286187 13.586838 1.8283768 1.6573505 0.6463219 7.435173 -0.021450562 0.049833246
6 0 0.09624465 9.868025 1.7122598 13.234173 1.7970285 1.6107547 0.5640889 7.560364 -0.004305278 0.035133377
6 0 0.095846325 9.33497 1.5960019 12.473639 1.7549844 1.6236522 0.616555 7.3643665 -0.020939667 0.052709483
6 0 0.092233 10.08162 1.6490879 13.383607 1.8290019 1.6301465 0.6827357 7.5245337 0.07177726 -0.01405224
6 0 0.081699595 10.965651 1.7620473 14.76788 2.038239 1.647228 0.6107879 4.5725265 0.058151796 0.09049624
6 0 0.074212804 9.602087 1.6184688 12.594382 1.2875303 1.6170635 0.6645661 7.4330683 0.049904846 0.032663994
6 0 0.06403129 10.301414 1.6398175 13.478466 1.7195547 1.6447463 0.6298671 7.6757326 -0.026796823 0.017271876
6 0 0.052907947 9.18933 1.6990135 12.2817955 1.7436194 1.5358287 0.5834323 7.4141493 -0.010726414 0.025793992
6 0 0.05191779 21.098722 1.6673594 29.901873 4.138704 1.734848 1.4281883 4.284899 -0.030378485 -0.016784897
7 2 0.24929617 -7.2113123 1.9751275 23.529139 0.6979843 1.7644968 0.6422042 4.363692 0.14240389 -0.2753676
7 2 0.23414776 -7.0976315 1.9878547 22.745905 0.86318314 1.7313682 0.75138307 4.4090576 -0.06764089 -0.6186364
7 2 0.2258481 -7.0547457 1.9522572 23.006134 0.92193174 1.7376934 0.75833935 4.3282523 0.018884024 -0.8165124
7 2 0.14537315 -7.1457157 2.0006225 22.987196 0.8895767 1.7265621 0.76234764 4.46241 -0.012526592 -0.38181582
7 2 0.13167655 -7.311766 1.9885628 23.778925 0.8501924 1.7693709 0.7236102 4.299576 0.065125495 -0.052949168
7 2 0.13109258 -7.244374 1.9405661 23.613003 0.9510265 1.7501888 0.7744745 4.3225365 0.053595982 -1.0427487
7 2 0.104392424 -7.428174 2.0217137 23.784803 0.81309384 1.7278334 0.71658856 4.52026 0.005207481 0.5491421
7 2 0.0957147 -6.913406 2.0125895 22.39537 0.73706883 1.756911 0.60274684 4.388398 0.029253652 -0.9890283
7 2 0.0811505 -7.241843 2.00696 23.273481 0.85809636 1.7251998 0.7209883 4.3774433 -0.117926896 -0.51667136
7 2 0.079249725 -7.6253166 2.0023117 24.443565 0.8526314 1.712145 0.74378645 4.5527973 0.03799454 0.48791778
7 2 0.077616036 -7.3486557 2.0738192 23.594645 0.8172713 1.700878 0.7323742 4.362105 -0.06864973 -0.3459994
7 2 0.074888445 -6.955756 2.0307577 22.706854 0.8271213 1.7261184 0.6566773 4.589373 0.05632595 -0.4032317
7 5 0.07413364 -8.394373 2.152503 30.209087 3.0585423 1.6780465 1.4282084 1.8098769 -0.052386865 -0.9731697
7 2 0.07045973 21.940178 1.2751013 72.53288 0.5599828 1.7664701 0.5678542 5.172478 -0.018513365 0.008383047
7 2 0.065186225 21.732317 1.234641 71.70661 0.55802584 1.7617717 0.5702169 5.1363516 -0.0364629 0.033055417
7 2 0.056724615 -7.2858424 2.0802963 23.453041 0.81056076 1.6902884 0.7210048 4.412906 0.06311952 -0.7934599
