0 5 0.43020305 -11.715634 2.4996657 24.761263 4.7681513 1.6172581 1.9720244 2.0732257 -0.044441238 -3.7418435
0 5 0.37451598 1.1817011 2.227334 48.90782 5.0047197 1.8561531 2.0837681 2.536052 -0.1184135 -8.69885
0 5 0.3539966 1.1994935 2.1610384 48.346317 5.036039 1.8327633 2.128478 2.528023 -0.062182203 -9.191635
0 5 0.30357355 1.3192837 2.2608683 49.636635 5.130627 1.9081084 2.0856123 2.5517256 -0.108791 -8.843922
0 5 0.22148964 -11.527135 2.4095027 24.6228 4.748261 1.5976131 1.9320366 2.0531623 -0.07020648 -3.4374497
0 5 0.13207482 24.209526 1.6308625 55.57593 5.944405 2.0882664 2.2769978 3.648512 -0.0073122047 -0.008153802
0 5 0.12229226 23.718964 1.5534847 54.928295 5.9072886 2.0322533 2.2465343 3.6632636 0.005045561 -0.0114915995
0 5 0.11233258 -8.426091 2.599821 86.868546 4.764504 1.50237 1.9583396 2.0995817 -0.0004914515 -4.9587812
0 5 0.107394315 -10.878021 2.0853584 23.050808 4.556459 1.5768341 1.9032158 2.1834667 -0.03963551 -2.838626
0 5 0.09641913 1.1946521 2.2318995 50.503788 5.222266 1.899333 2.1565962 2.5359006 -0.06938549 -7.274928
0 5 0.095231526 -4.174467 2.6972504 90.96399 4.592898 1.6111292 1.9525687 1.2839377 -0.03694617 -5.447516
0 5 0.093927704 1.2794452 2.2411294 48.697884 5.04605 1.8702868 2.0831625 2.5244355 -0.07772722 -9.463219
0 5 0.09184866 -11.547838 2.4143286 24.281462 4.7523274 1.5883112 1.938634 2.0697932 -0.054307103 -2.917361
0 5 0.08207774 1.2047422 2.2277582 50.809395 5.3758726 1.9152232 2.1928864 2.5332975 -0.06705875 -8.267463
0 5 0.07652824 24.279598 1.7158921 55.858486 5.757501 2.006582 2.251412 3.647256 -0.03900928 -0.026386607
0 5 0.07422675 -3.8999658 2.5883813 88.07776 4.5537105 1.6147076 1.9562522 1.5088427 -0.040582523 -4.4688525
0 5 0.06951608 -11.139801 2.39252 23.190552 4.64936 1.6676705 1.9384881 2.066158 -0.035552062 -2.7284358
0 5 0.0692915 -4.623181 2.7543035 91.77239 4.612968 1.5922494 1.9464995 1.283707 -0.042478923 -4.898595
0 5 0.06796462 -38.69403 3.3447099 63.768272 4.296577 1.5834873 1.8234642 4.4863076 0.107112594 5.2868066
0 5 0.06671685 -20.16317 2.5651965 65.7855 4.4116554 1.6471725 1.9023781 4.398555 0.03873775 6.883215
0 5 0.064211786 -17.257309 1.4875364 48.44021 9.595531 3.602425 2.8657722 4.6331925 -0.14558281 6.955712
0 5 0.06273887 -20.046383 2.6040127 65.10828 4.4387417 1.6379695 1.9058887 4.403715 -0.021647952 6.5250916
0 5 0.062093772 -8.323136 2.5461001 86.212135 4.783172 1.47359 1.966131 2.283457 -0.000105433166 -5.4769135
0 5 0.060367335 -11.118841 2.0649533 23.741909 4.5966077 1.5639629 1.9313437 2.1828203 -0.065695666 -2.3497756
0 5 0.058726802 -8.49775 2.6427712 87.454315 4.733221 1.5051357 1.9433533 2.0177264 -0.030672744 -5.0065136
0 5 0.058624834 -17.562946 1.3987184 49.702774 8.391995 3.267301 2.792145 4.64223 -0.036343936 7.7863374
0 5 0.0574732 -6.730452 2.6898503 88.5396 4.739812 1.5048367 1.953433 1.6081661 -0.032220185 -5.564903
0 5 0.05742496 -10.852306 2.36445 23.17749 4.7502847 1.6483958 1.9144506 1.9909072 -0.07611266 -2.529577
0 5 0.055861752 -38.376644 3.2883365 63.20219 4.3027763 1.582126 1.8316879 4.5379367 0.08845515 4.883963
0 5 0.054808874 -20.094976 2.5883834 64.633644 4.424806 1.6279703 1.9058598 4.4226637 -0.017623758 5.002784
0 5 0.054725997 22.854485 1.5832343 53.326187 5.5168915 1.8447373 2.1418355 3.6605785 -0.05487159 -0.0019546729
0 5 0.053591046 -20.257454 2.5331156 66.19579 4.447968 1.6573169 1.9173172 4.389251 -0.002159167 6.025966
0 5 0.053039398 -37.808315 3.2998583 62.426613 4.279435 1.5760683 1.8194882 4.516736 0.12303277 4.554842
0 5 0.05127661 -37.564884 3.269639 62.05823 4.3053737 1.5867404 1.8337002 4.576333 0.11270944 4.683531
0 5 0.050858404 -39.048077 3.339304 63.571568 4.288807 1.5746202 1.8218794 4.4465775 0.072738536 5.0660195
0 5 0.050661966 25.47353 1.717276 56.43113 5.8351893 2.0396254 2.2751458 3.6805573 0.03474854 -0.009981441
0 5 0.050194565 -20.489716 2.5790715 66.25349 4.3942475 1.6413004 1.9027549 4.4176273 -0.05396337 5.038201
3 5 0.5028546 29.54636 0.99384093 49.773365 11.969107 3.1056623 2.8309572 3.7358754 -0.0726872 -0.010762617
3 5 0.27238435 28.896002 1.2146316 49.199257 11.809905 3.2575572 2.8261397 3.808268 -0.09432362 -0.27341703
3 5 0.2636037 31.169052 1.003788 52.682842 12.185704 3.0922844 2.9292421 3.7863002 -0.027851516 0.0055308696
3 5 0.20561641 29.573895 1.158687 50.312458 11.787067 3.2130938 2.8436007 3.8002405 -0.012887202 -0.016286269
3 5 0.15647584 30.802904 0.948393 52.49222 11.836088 3.0573936 2.7944317 3.7122223 -0.08909681 -0.034617707
3 5 0.10799315 29.337824 1.0718789 48.95835 12.321487 3.0523021 2.849256 3.6862803 -0.04893814 0.17475703
3 5 0.10582421 32.332775 1.8592314 54.724354 12.677891 3.2208984 3.130029 3.8826199 0.02006173 -0.07646784
3 5 0.099452235 33.33253 2.0465107 55.829433 12.542337 3.3150413 3.1281273 3.828195 -0.038444538 -0.980668
3 5 0.091571376 22.657307 1.6719637 128.63217 12.852475 3.1599097 3.1378133 4.7368393 -0.0062822523 4.200046
3 5 0.08993038 -17.257309 1.4875364 48.44021 9.595531 3.602425 2.8657722 4.6331925 -0.14558281 6.955712
3 5 0.08854238 31.686666 1.103934 52.578022 13.172765 3.2315454 3.2014542 3.9068837 -0.029612012 -0.06305531
3 5 0.08210514 -17.562946 1.3987184 49.702774 8.391995 3.267301 2.792145 4.64223 -0.036343936 7.7863374
3 5 0.07723322 31.578455 1.181896 54.001022 12.153083 3.0745595 2.8570843 3.7593312 -0.06401689 0.0061262175
3 5 0.076645404 -8.735628 1.8831937 23.539099 4.17312 2.7799845 1.9491789 4.637369 0.05358331 -0.654021
3 5 0.07108944 -9.867365 2.0728896 26.76581 5.4199805 3.0700307 2.1775334 4.675457 0.03760062 -1.3813399
3 5 0.06615093 27.90526 0.80116135 47.75498 12.169436 3.2541862 2.959925 3.6756878 0.013417041 -0.028961148
3 5 0.064622276 31.918612 2.0744913 53.077347 12.313086 3.2047863 3.3835714 3.8809052 -0.08621745 -0.137074
3 5 0.060674258 -16.61059 2.0662782 44.679367 9.563159 3.4179804 2.9899044 4.8753595 0.04882682 -1.0732903
3 5 0.0595913 -11.688852 2.558316 24.987547 4.812627 1.6615025 1.9827955 2.0502288 -0.03222578 -3.911144
7 3 0.36430115 -7.025007 2.0536864 18.86773 0.68726015 1.7147242 0.6903461 3.8938394 -0.11894091 0.063290834
7 3 0.23936972 -6.9305615 2.0034826 18.535473 0.6975015 1.6869407 0.65031326 3.8478718 -0.029075183 0.18429255
7 3 0.15956834 -7.149193 2.0244517 19.30637 0.7313613 1.7468015 0.6706036 4.224616 0.05803719 0.13090324
7 3 0.12837575 -7.1584787 2.1008463 19.077246 0.6947396 1.7302432 0.6651997 4.054419 -0.04841315 0.13494858
7 3 0.12633258 -7.0983715 2.114736 19.064415 0.7532006 1.7669212 0.7306954 4.160166 -0.03863036 0.068021685
7 3 0.12554838 -7.19566 2.0640981 19.273663 0.6699179 1.7237958 0.66825414 3.9216862 -0.01740381 0.03554514
7 3 0.108607836 -7.2266583 2.055666 19.34786 0.7435505 1.6858007 0.6746295 4.455927 -0.039852988 -0.077896245
7 3 0.099710874 -7.0324454 2.0206575 18.851402 0.6773061 1.7087575 0.6431462 6.6945477 -0.070851535 0.027874764
7 3 0.085770406 -7.138747 1.9489083 19.401611 0.7144584 1.6781166 0.6282439 1.2564225 -0.15125687 0.011409216
7 3 0.08251852 -6.999455 2.0763576 18.91105 0.7096618 1.7933055 0.6502013 4.3813605 0.033298686 0.16163027
8 8 0.097011335 9.890891 1.5295453 11.088934 0.49904087 1.2745787 0.44453773 2.7612507 -0.020642476 -0.017091652
8 8 0.073288046 10.391739 1.5238767 11.640609 0.5111505 1.3030525 0.4623154 2.622958 -0.01034468 -0.01953362
8 8 0.05285247 9.819446 1.5482244 11.0428295 0.5090916 1.2552514 0.43663073 2.6898394 -0.017512064 0.017043412
8 8 0.050770517 20.341488 1.3170409 27.63411 0.47249565 1.0684389 0.5218361 5.7740774 -0.033391535 0.04142808
