0 7 0.61232036 4.733153 2.0331664 7.392125 4.269283 1.4537746 1.7620728 4.6867046 -0.033686765 0.7904847
0 5 0.42863777 -10.728574 2.3800902 39.501606 4.7792397 1.5646462 1.9764166 1.9839437 -0.07336694 -7.0655327
0 5 0.27488545 6.604456 1.8067856 60.63447 4.718397 1.6151886 1.9997636 2.7396574 -0.06036205 -2.143884
0 5 0.22686622 -5.9675207 2.1405523 59.37333 4.5517282 1.5269799 1.8962537 2.6928458 -0.04445847 -0.92970383
0 5 0.22471039 5.9566736 1.7912819 56.37438 4.6797986 1.5736314 1.9486986 3.0343523 -0.10321548 -2.8507326
0 5 0.21537803 6.45377 1.8308356 60.982246 4.646485 1.6042165 1.9713436 2.7876139 -0.024362957 -1.1600264
0 7 0.20283355 4.5723224 1.9570367 7.069812 4.1691203 1.4280144 1.7575442 4.721281 -0.016323494 0.004187124
0 5 0.2002325 25.86826 1.7620711 64.845406 4.650909 1.6432699 1.9709163 3.3071344 -0.046714976 -0.94238824
0 5 0.17907688 25.571629 1.8173848 64.44736 4.6295013 1.6126316 1.95535 3.320923 -0.00536831 -0.47784257
0 5 0.17341216 -6.0867057 2.1694849 59.898865 4.568742 1.5142366 1.8928994 2.7891927 -0.01510401 -1.5500906
0 5 0.1708976 -32.081932 2.810683 65.731285 4.9107447 1.6776795 2.0340016 6.4732027 0.044326365 -0.030509371
0 5 0.16252518 5.9716506 1.7963572 56.68753 4.6610923 1.5942492 1.9439856 2.990087 -0.101564914 -1.9368212
0 5 0.16087838 -6.188884 2.0892305 61.635983 4.6176705 1.5800284 1.9215174 5.7154675 0.009555519 1.1764995
0 5 0.1563895 -32.653416 2.8915386 67.14752 4.822218 1.6990353 2.0181522 6.4893975 0.00376462 -0.07927965
0 5 0.14683989 6.2289066 1.8138602 57.57183 4.647845 1.5747901 1.9436786 2.9161637 -0.07955518 -2.6354067
0 5 0.1419029 6.70823 1.854683 61.414837 4.712555 1.6195757 1.9683474 2.7317276 -0.049216457 -2.4688883
0 5 0.13407868 -6.276872 2.1729422 62.228916 4.5904145 1.5946176 1.9270929 5.7054996 0.008234568 0.7850929
0 5 0.13360232 -6.2335687 2.1374419 62.50084 4.674242 1.544509 1.9337996 5.61309 -0.02759923 -0.08597033
0 5 0.13249604 -32.95057 2.929238 67.596985 4.8124204 1.6756397 2.0132627 6.4947734 -0.06335066 -0.039114133
0 5 0.13150765 -32.58552 2.8535514 66.55566 4.938253 1.6525966 2.0335379 6.473091 0.025934035 0.07229229
0 5 0.13124324 6.468516 1.8557743 61.19215 4.6086297 1.6282871 1.9565572 2.7584054 -0.03044309 -1.1924894
0 5 0.11489289 -5.9333434 2.0993533 58.95034 4.5718145 1.5118521 1.8960732 2.688505 -0.02567 -0.76265335
0 5 0.11356958 22.564491 1.5335155 56.566887 4.408972 1.5508529 1.8861259 3.330645 -0.07354322 -0.019845363
0 6 0.10943262 -44.240616 2.9882536 56.593594 4.2976866 1.6528755 1.9031547 5.9180512 -0.04655879 -0.031604
0 5 0.10886473 -10.661199 2.353876 39.24522 4.721233 1.5624574 1.9460977 1.9961652 -0.09316684 -8.092268
0 5 0.10572307 6.253379 1.8355811 57.98567 4.6578083 1.5861489 1.9456428 2.9211376 -0.077306576 -3.0343192
0 5 0.10551004 -6.2545123 2.1529377 63.20749 4.6641026 1.5489017 1.8994236 5.624736 -0.03224965 -0.36661464
0 6 0.10471538 -45.204575 3.0028803 56.979538 4.309229 1.6492814 1.9010574 5.901252 -0.049735963 -0.012023736
0 5 0.100286834 6.370817 1.8310537 60.422195 4.6818447 1.593138 1.9646431 2.8522027 0.0071485285 -1.4334228
0 5 0.09980409 -30.669498 2.6725726 64.430855 4.5087976 1.6044831 1.9450611 6.5056076 -0.002695133 -0.017417114
0 5 0.09539199 26.31688 1.7475097 66.06874 4.714218 1.6207508 1.9856251 3.383139 -0.015686907 -0.1493257
0 6 0.09383318 -44.513546 2.9637735 56.814205 4.304943 1.6658597 1.8947307 5.9494767 -0.03171353 -0.0081860805
0 5 0.09283589 -5.965543 2.0737333 61.902126 4.499258 1.538615 1.8780347 2.4105403 -0.12574965 -0.8155994
0 5 0.09262055 25.40139 1.7797254 63.973454 4.575547 1.613651 1.9310713 3.2646837 -0.002993104 -0.41906518
0 5 0.09239339 -29.816895 2.6465006 61.701443 4.540114 1.5994024 1.9415927 6.543189 0.0008461382 -0.032244727
0 5 0.08665398 -3.8895648 2.1357305 99.01634 4.65385 1.6800759 1.9840772 1.584936 0.009587951 -2.8361156
0 5 0.0853604 6.6267705 1.7996134 62.28229 4.71956 1.6495177 1.9734688 2.7456043 -0.0016421862 -1.3716718
0 6 0.0847462 -45.952385 2.964014 56.66899 4.3162565 1.6447006 1.898464 5.920499 -0.046627074 0.0026142076
0 5 0.084364764 5.1557045 1.7852637 7.5082307 4.6343694 1.6122324 1.9094007 4.744741 -0.030356787 0.2017149
0 5 0.08164208 -11.670567 2.5512593 42.941147 4.541582 1.4935 1.8600811 2.0738451 -0.020697095 -3.7978616
0 5 0.07329914 22.82738 1.5241637 57.258656 4.4141355 1.5260202 1.892084 3.252196 -0.053678013 -0.025872622
0 6 0.073029906 -37.47371 2.8509884 67.567825 4.470083 1.6428108 1.9395614 4.7822213 0.11700364 4.532584
0 6 0.07255748 -44.812794 3.026728 56.490734 4.344059 1.6443344 1.9122286 5.872825 0.012123734 -0.031564727
0 6 0.07205184 -44.15155 3.0581455 56.2547 4.309122 1.6401355 1.9008393 5.8625426 0.033183172 -0.028627481
0 5 0.07153934 -10.098455 2.2842145 38.242085 4.628217 1.643467 1.8173956 1.8869036 -0.09473539 -5.6529436
0 5 0.069307216 -3.680177 2.1004672 101.46678 4.753336 1.7504703 2.0055242 1.6568794 0.02075818 -1.9138483
0 5 0.06657665 -30.94855 2.757406 64.91669 4.533431 1.6263596 1.9373981 6.550767 -0.020449093 -0.022401048
0 5 0.06635005 -10.694668 2.2633338 40.804066 4.613493 1.4929273 1.8773971 2.0733712 -0.027410436 -4.9399443
0 5 0.06596435 -37.32372 2.88125 68.65098 4.4836597 1.632141 1.9449967 4.8422723 0.12801492 3.920118
0 6 0.06577162 -38.008297 2.847392 67.80324 4.501454 1.6655936 1.9563714 4.6870136 0.0922254 5.169416
0 5 0.06564102 -4.2269764 2.1497302 102.17719 4.6780777 1.6813396 1.9929774 1.538458 -0.021819152 -1.7955403
0 5 0.064764574 -4.0350294 2.148729 96.84742 4.591648 1.6415393 1.9398352 1.4484557 -0.053456366 -2.3800802
0 5 0.06289062 -11.617002 2.4622386 42.562927 4.4919267 1.484469 1.8668566 2.0183728 -0.0008875467 -5.0552816
0 6 0.062847584 -45.56826 3.1326156 56.070023 4.2975574 1.6480005 1.9165157 5.9110746 -0.017422855 0.0027456395
0 5 0.06212513 -32.21213 2.9326282 66.36994 4.7894897 1.7187364 2.0376034 6.4700575 0.00290869 0.019723713
0 5 0.06020434 -30.47597 2.7455943 62.956505 4.58895 1.6283702 1.9502827 6.5489078 0.0017765183 -0.014318165
0 5 0.05975172 -6.1264715 2.1075149 62.810867 4.690128 1.5907744 1.9678531 5.703582 0.027723799 -0.21431985
0 5 0.05948332 -6.2948017 2.0445786 63.767117 4.676621 1.5798733 1.964439 5.63765 -0.005534609 0.6296347
0 5 0.05920652 -5.917795 2.0415988 61.541626 4.4980397 1.5653722 1.872443 2.3051353 -0.101553224 -0.51837283
0 5 0.05849939 -32.215527 2.6843402 69.19641 4.4346914 1.6110615 1.9382167 2.0734808 -0.056910016 -0.023603715
0 5 0.057603117 -4.200023 2.1683402 99.02281 4.643853 1.6589707 1.9579883 1.4471518 -0.03446632 -2.0227551
0 5 0.056042388 39.500576 0.8977425 70.33957 4.624623 1.7442217 1.955579 4.725265 -0.06985474 7.347289
0 5 0.055991307 22.51647 1.535394 56.919033 4.4141626 1.532445 1.883281 3.314206 -0.07650268 -0.034834504
0 6 0.05562137 -45.634624 3.0266066 59.207035 4.2955837 1.6679637 1.8746175 5.9703593 -0.0048671095 -0.011133263
0 5 0.054508485 -5.8948483 2.0641866 60.791008 4.5191035 1.5276978 1.8888916 2.492964 -0.06696745 -1.0074644
0 5 0.054467656 -32.072914 2.881637 66.05866 4.85569 1.6789386 2.0203328 6.503695 0.021638608 -0.04218769
0 6 0.054273106 -44.60871 2.9029377 57.01332 4.316848 1.6596667 1.899991 5.928179 -0.064260855 0.007210657
0 5 0.05384634 -10.781088 2.2866297 41.533714 4.5833626 1.4761089 1.8722683 1.9978867 -0.0071512656 -4.4986563
0 5 0.052389856 -2.294277 1.9406776 107.529564 5.8502393 2.0383883 2.2045376 1.7075014 0.0033972394 -1.4166774
0 5 0.052344162 5.941137 1.8099141 58.193634 4.5684423 1.5878813 1.890931 2.9925017 -0.12530242 -0.9902555
0 5 0.052009124 6.663881 1.7862682 61.916767 4.775119 1.6519109 1.9552964 2.770554 -0.030520588 -2.104698
0 5 0.051461756 -37.575863 2.904302 70.2037 4.5025263 1.6217107 1.9391985 4.8734226 0.09194498 3.4850326
0 6 0.05071924 -44.799828 2.9246273 57.272663 4.312789 1.681172 1.8898214 5.9425197 -0.06719086 0.01264647
0 5 0.050483763 5.8613286 1.7387438 56.989346 4.634207 1.5481888 1.9070619 2.9796658 -0.12568638 -1.8830487
5 0 0.2321178 12.116984 1.7537172 23.236399 1.7084197 1.5636313 0.6228778 2.288732 -0.10489665 -0.011305852
5 0 0.21801917 11.809307 1.8285767 22.42063 1.77493 1.5710888 0.6266626 4.2960753 -0.083373696 -0.043068606
5 0 0.17414646 11.667568 1.7078886 22.205427 1.7851564 1.5693752 0.63083225 1.3726085 -0.04042726 -0.0068794973
5 0 0.16443546 11.889139 1.8283045 22.73422 1.7623178 1.554962 0.6196779 4.3815084 -0.09133372 -0.03497885
5 0 0.15913337 11.700196 1.729064 22.278694 1.7887714 1.5446255 0.6099444 1.7127866 -0.074682236 -0.010511895
5 0 0.15375474 12.486592 1.7450236 23.94113 1.7232746 1.5626879 0.6380563 2.558765 -0.073767334 -0.008749606
5 0 0.152141 12.301304 1.7369343 23.634174 1.7010679 1.5349578 0.61179113 2.3780787 -0.07707122 -0.02894287
5 0 0.14287217 12.609074 1.7468452 23.99833 1.7747065 1.4866182 0.61894816 4.146722 -0.08820974 -0.06256771
5 0 0.12641907 12.573144 1.7395322 24.142845 1.7034594 1.5478122 0.6028825 2.1762605 -0.09347009 -0.042939074
5 0 0.107346356 12.845497 1.7814237 24.452337 1.7228043 1.4878621 0.5891264 4.1676226 -0.058652796 -0.049411543
5 0 0.10027449 11.953669 1.7300225 22.852173 1.7571156 1.4914606 0.6160198 4.368806 -0.025852388 -0.027155943
5 0 0.09192508 12.210603 1.6650631 23.452068 1.7607625 1.4532672 0.6138128 4.335555 -0.0636686 -0.047931433
5 0 0.08802217 12.295222 1.7266608 23.575893 1.7622852 1.5154033 0.60905427 1.3929862 -0.024629781 -0.012071118
5 0 0.08625831 11.859967 1.7791426 22.71497 1.6884255 1.5912169 0.6330768 1.8844805 -0.12707636 -0.024221156
5 0 0.07112915 13.323459 1.6893446 25.549738 1.7633073 1.5763737 0.6487956 2.263343 -0.03326302 -0.03716882
5 0 0.065891474 12.061084 1.7378505 23.15687 1.7131239 1.5079043 0.61489403 2.1443396 -0.04940498 -0.007096585
5 0 0.065762065 12.537762 1.7725179 24.001242 1.717471 1.6232417 0.6387579 2.1915421 -0.1048312 -0.0043172576
5 0 0.06477361 13.467061 1.6798393 25.835081 1.7469848 1.5519706 0.6185006 1.8540789 -0.04052891 -0.05480101
5 0 0.058597054 10.671219 1.8778868 20.282879 1.7828375 1.5519401 0.6326464 1.806804 -0.06490783 -0.008325565
5 0 0.057373144 10.818151 1.8612523 20.543476 1.7624525 1.532602 0.63869727 1.8919375 -0.06981701 -0.01427898
5 0 0.0566385 12.200558 1.6774913 23.672844 1.6953425 1.4373593 0.57734483 2.144358 -0.01660735 -0.024203436
5 0 0.05443077 18.450518 1.3360807 34.11697 2.1399586 1.5839545 0.7723974 4.1171017 -0.025978928 -0.06828351
5 0 0.052942034 12.643266 1.7023215 24.524525 1.6950663 1.458221 0.576384 1.9402432 -0.06693721 -0.049434185
6 0 0.10363936 12.116984 1.7537172 23.236399 1.7084197 1.5636313 0.6228778 2.288732 -0.10489665 -0.011305852
6 0 0.074804656 11.700196 1.729064 22.278694 1.7887714 1.5446255 0.6099444 1.7127866 -0.074682236 -0.010511895
6 0 0.073007084 11.889139 1.8283045 22.73422 1.7623178 1.554962 0.6196779 4.3815084 -0.09133372 -0.03497885
6 0 0.071375854 11.667568 1.7078886 22.205427 1.7851564 1.5693752 0.63083225 1.3726085 -0.04042726 -0.0068794973
6 0 0.06493358 12.845497 1.7814237 24.452337 1.7228043 1.4878621 0.5891264 4.1676226 -0.058652796 -0.049411543
6 0 0.06442967 12.486592 1.7450236 23.94113 1.7232746 1.5626879 0.6380563 2.558765 -0.073767334 -0.008749606
6 0 0.058653884 11.809307 1.8285767 22.42063 1.77493 1.5710888 0.6266626 4.2960753 -0.083373696 -0.043068606
6 0 0.055977598 12.301304 1.7369343 23.634174 1.7010679 1.5349578 0.61179113 2.3780787 -0.07707122 -0.02894287
6 0 0.051898316 12.609074 1.7468452 23.99833 1.7747065 1.4866182 0.61894816 4.146722 -0.08820974 -0.06256771
7 2 0.14363013 -7.849218 2.0766306 32.87369 0.7843119 1.7049928 0.65515655 4.598141 0.20113122 0.32084176
7 2 0.1411829 -7.579109 2.0190597 31.730799 0.80238926 1.6860173 0.6817399 4.604988 0.2046855 -2.4782634
7 2 0.11146004 -7.784989 2.0732343 33.187355 0.7814365 1.6937739 0.64874446 4.5806527 0.18292134 -0.19337949
7 2 0.082086526 -7.617611 2.016394 32.10203 0.7683503 1.67235 0.6661012 4.586322 0.2035541 -2.030413
7 2 0.07255695 -7.7747803 2.031057 32.439445 0.71179754 1.7305677 0.60461813 4.6441784 0.11129307 -1.4760405
7 2 0.065815926 -7.7245502 2.0490327 32.165817 0.75834996 1.7104976 0.6500509 4.632528 0.18670325 0.37024227
7 0 0.059282478 12.116984 1.7537172 23.236399 1.7084197 1.5636313 0.6228778 2.288732 -0.10489665 -0.011305852
7 2 0.05717431 -8.212187 2.1857057 32.46024 0.74982613 1.7716299 0.6497295 4.7501674 0.119684346 -0.7088444
7 2 0.05415971 -7.7546334 2.0539591 34.037067 0.8329138 1.684694 0.66824454 4.5659304 0.1878811 0.7639497
