0 5 0.42736408 -12.35257 2.495863 23.879387 4.713688 1.6351146 1.956792 2.0860982 -0.070241734 -2.8839114
0 5 0.4182614 -12.463456 2.4674106 24.14018 4.684904 1.638699 1.9535366 2.0777707 -0.066401176 -3.0972688
0 5 0.33296907 0.040454373 2.2404613 48.77032 5.2637415 1.9248632 2.1538203 2.3922002 -0.10145622 -12.610603
0 5 0.32964107 0.016650246 2.3016362 49.97015 5.3495717 1.9331754 2.1480255 2.409077 -0.11197796 -10.525149
0 5 0.3216927 -0.007653705 2.2228277 48.339252 5.226181 1.8515011 2.1640823 2.3815668 -0.06374331 -12.567045
0 5 0.30787963 -0.038589995 2.2954226 49.502834 5.1757383 1.8848352 2.143492 2.3993134 -0.09517708 -11.195695
0 5 0.11379123 -8.318954 2.649158 85.26833 4.706816 1.5001032 1.9335759 2.1663005 -0.015985053 -5.9065146
0 5 0.087676026 -11.48599 2.3859298 22.082691 4.578067 1.5778216 1.8884882 2.215452 -0.026219137 -2.5913892
0 5 0.08753109 -0.0061506196 2.2505813 51.37591 5.4177747 1.9235067 2.2482033 2.3908544 -0.08016887 -9.917239
0 5 0.0874197 26.260191 0.85957295 47.33535 11.651984 3.0366306 2.7492387 3.5678272 -0.06376884 -0.02681828
0 5 0.08733088 -12.247513 2.4005678 23.550999 4.708964 1.6581848 1.9482307 2.0685809 -0.07125235 -2.454674
0 5 0.084069416 -40.858604 3.6128945 67.458244 4.279428 1.5900071 1.836191 4.3596272 0.063659765 3.0748277
0 5 0.079517305 -0.040365115 2.2427025 51.921097 5.5992546 1.9858944 2.268372 2.3882413 -0.059143677 -10.359781
0 5 0.07399764 23.633717 1.6755825 57.729183 7.2060738 2.257393 2.3389792 6.451035 0.017508069 0.06192039
0 5 0.07132695 -11.060841 2.4003153 22.176027 4.467481 1.5777519 1.8532208 2.1875103 -0.061147936 -1.7578391
0 5 0.06940855 0.111988574 2.213441 49.21363 5.417302 1.9583019 2.1888056 2.349075 -0.031268414 -11.460588
0 5 0.068003684 -8.561544 2.693098 86.93348 4.6547728 1.5043027 1.9222112 2.027498 -0.018121125 -5.6151204
0 5 0.067528866 -7.972133 2.5702066 83.15142 4.7281947 1.4699637 1.9267585 2.282501 -0.035582192 -6.550574
0 5 0.06725811 -12.02781 2.387346 23.313696 4.662765 1.6302258 1.9341401 2.0781546 -0.098444946 -2.4483702
0 5 0.06634165 -8.342721 2.650366 85.551346 4.7374806 1.4990419 1.9423281 2.1554713 -0.018162029 -5.5789986
0 5 0.06394963 23.608925 1.6574752 56.926662 7.011722 2.2852604 2.3385935 6.4876657 0.0060907397 0.009029802
0 5 0.06360494 -40.440826 3.5760126 66.85966 4.2872715 1.5964948 1.8377005 4.4077625 0.13322935 3.2879078
0 5 0.0595604 0.080543034 2.5073674 57.9737 5.164342 1.8788067 2.1066122 2.4931493 -0.04600919 -3.7868483
0 5 0.058796406 -41.452686 3.617749 67.752174 4.2737985 1.5847692 1.8364655 4.2985935 0.023240825 4.050352
0 5 0.056922004 0.054211695 2.4338908 59.726597 5.2048516 1.9335386 2.082386 2.4668448 -0.037041605 -3.896403
0 5 0.056681637 -11.848637 2.3995254 23.016289 4.6255817 1.6532222 1.9046401 2.0791872 -0.04972683 -1.9472896
0 5 0.053613085 -11.793092 2.1607494 22.632603 4.5563283 1.5542808 1.9052001 2.2220116 -0.058291905 -1.3478218
0 5 0.0521839 -40.001175 3.4457283 65.98311 4.2846165 1.5972416 1.8492833 4.476324 0.08432975 4.3655343
0 5 0.051824495 -18.022873 1.4084231 47.73959 5.9535003 2.69838 2.4752438 4.8325524 0.03742934 6.866663
0 5 0.050627075 -11.493373 2.4963222 22.315022 4.6155596 1.6443877 1.9301594 2.0417895 -0.014217733 -1.4391046
3 5 0.4863389 26.260191 0.85957295 47.33535 11.651984 3.0366306 2.7492387 3.5678272 -0.06376884 -0.02681828
3 5 0.30353183 27.485964 0.9789201 49.61479 11.962623 3.0774808 2.8104012 3.6255214 -0.039273508 -0.026565133
3 5 0.19838576 26.649363 0.8538737 48.534935 11.625013 2.97658 2.7281187 3.5580146 -0.09491467 0.030475482
3 5 0.1923037 27.290787 1.0297856 49.205322 11.827079 3.1123023 2.7755213 3.5362957 -0.07471593 -0.0705582
3 5 0.1402485 27.450666 1.0695004 49.721878 11.857213 3.1394742 2.7858608 3.5040543 -0.030013755 0.011009943
3 5 0.12312172 -12.059442 2.0287132 30.193361 5.5112247 2.9188883 2.4422367 5.084343 0.066586666 0.084464744
3 5 0.12136677 30.198427 1.7976115 54.199387 12.366271 3.0872066 2.992382 3.7555857 0.009094223 -0.20239988
3 5 0.11669987 -17.414167 2.1628938 44.54653 6.9948034 3.2462876 2.6460316 5.1127524 0.08887601 -0.7070981
3 5 0.10896732 29.817245 2.47694 53.982765 11.796193 3.168536 2.871919 3.8340495 0.017833235 -0.08614721
3 5 0.10002326 32.413666 1.5097631 58.0151 12.339241 3.1013637 2.9752686 3.7679203 -0.02275686 -0.19885197
3 5 0.09897942 26.24263 0.9847883 46.82492 11.507836 3.0065112 2.758712 3.5277362 -0.049160063 -0.0056937505
3 5 0.09416627 30.61966 1.0693936 54.65212 12.717706 3.056366 3.1640954 3.713121 -0.085938595 -0.16325474
3 5 0.09099753 27.89215 1.0091251 50.7068 11.9587555 3.054514 2.80453 3.6357045 -0.04371833 -0.008770451
3 5 0.08214166 -16.506662 2.2643137 43.965607 7.0536356 3.0257752 2.6031651 5.2159386 0.077160075 -0.841754
3 5 0.07756584 -17.391626 1.9324908 44.3169 7.1374216 3.3601658 2.6845531 5.270781 0.0949369 0.15055701
3 5 0.0759215 -16.135876 2.0279338 42.026245 5.7115893 3.033947 2.511278 5.222614 0.08498996 0.05572068
3 5 0.074831545 22.212927 1.6913261 126.71867 12.725746 3.1252258 3.1040177 4.7427797 -0.002162898 4.893728
3 5 0.06573804 25.339376 0.8049698 45.84148 12.079864 3.0336165 2.9201357 3.5446022 -0.0029199105 -0.024625605
3 5 0.06534894 31.416048 2.1843722 53.663906 12.296059 3.1768522 2.9898753 3.8342757 0.004833417 -0.057665482
3 5 0.064786635 33.05698 1.2448319 56.577595 12.702542 3.081203 3.09298 3.8038106 -0.07371081 -0.12697348
3 5 0.059460353 -16.919147 1.8188136 41.611988 6.620071 3.6347826 2.5763137 4.8879795 0.08981236 -0.5089621
3 5 0.058729038 21.820757 1.8439109 126.92247 12.815781 3.07052 3.070023 4.7883043 0.0040790457 4.712728
3 5 0.055667672 27.660345 1.1604214 49.927944 11.429059 3.1090949 2.7954698 3.5415788 -0.05012531 -0.044232976
3 5 0.05531427 -15.2359705 1.7387192 38.422348 6.794447 3.3754961 2.5292633 4.9014826 0.09512044 -0.65508187
3 5 0.053453263 30.443972 2.2566 53.73897 11.806189 3.0469193 3.2144704 3.8862133 -0.05809258 -0.110174075
3 5 0.050236568 29.467548 1.7693304 53.890347 11.126256 2.9797468 2.973596 3.7376902 -0.025975589 -0.076466195
7 3 0.30931282 -7.2784204 2.0671859 19.28063 0.69120634 1.792277 0.6364304 3.6515362 -0.05618629 0.19879097
7 3 0.19074549 -7.403358 2.1216621 19.62459 0.73320943 1.8067961 0.69730604 3.7135599 -0.019995684 0.06260987
7 3 0.17642058 -7.354599 2.079569 19.53045 0.6818025 1.7758058 0.64421135 3.6973884 0.11489604 0.25635386
7 3 0.1520762 -7.179246 2.0458431 18.966137 0.8066185 1.7900436 0.64649385 3.8859534 -0.04167183 0.1319935
7 3 0.12811732 -7.3445215 2.0917869 19.45752 0.8650869 1.8420827 0.6806323 4.283494 0.101588584 0.27019545
7 3 0.06658983 -7.5800037 2.0721164 20.200918 0.70448947 1.7627956 0.6455058 3.7713907 -0.008284083 0.0655811
7 2 0.06281771 17.542074 1.0968889 23.73079 0.7964744 1.7461851 0.6687289 4.8070164 0.09767722 0.35696062
7 3 0.059181467 -7.294858 2.0427418 19.353502 0.7255286 1.740958 0.65433735 3.6481264 -0.19212371 -0.016425434
7 3 0.053866424 -7.708242 2.0601308 20.578478 0.84649295 1.7731093 0.63718224 3.995599 -0.10279981 0.2238422
7 3 0.053024482 -7.747269 2.1414177 20.270378 0.6232188 1.7897676 0.6054676 4.2015224 -0.042026192 0.2665264
7 3 0.052067194 -7.3859153 2.0144932 19.649506 0.6726125 1.7508751 0.6184852 3.5735724 -0.00077898614 0.06066882
8 8 0.07065943 9.346128 1.4609861 10.488784 0.48576933 1.183421 0.4541033 3.1027462 -0.029700868 -0.018599838
8 8 0.050277397 9.402113 1.4629016 10.5975275 0.4794976 1.146381 0.46070692 2.930634 -0.001842428 0.022054687
