0 5 0.4383463 28.485636 1.4011856 56.4318 4.881837 1.8520185 2.0494778 3.225133 -0.03897766 -0.7207365
0 5 0.4307821 -8.058459 2.0866673 28.482868 4.307316 1.6610202 1.7937531 2.028879 -0.07734062 -4.157824
0 5 0.30468538 6.306589 1.833467 49.043102 4.7577434 1.5629634 1.9667574 2.870541 -0.059161924 -4.5703006
0 5 0.27670157 29.102066 1.4089833 57.59069 4.957355 1.8849488 2.0717955 3.2219126 -0.041501537 -0.8020432
0 5 0.27471343 28.09144 1.4123924 55.66109 4.9099755 1.8358222 2.0417683 3.1229699 -0.030375184 -1.0187656
0 5 0.26445413 -9.05394 2.2111995 32.7614 4.4600635 1.6660324 1.8796492 2.0482588 -0.05878835 -5.5801535
0 5 0.26275274 -8.397961 2.1697598 29.837734 4.3933578 1.6217946 1.8316113 2.0324035 -0.1149408 -5.2889767
0 5 0.2422372 6.329086 1.9020119 49.768227 4.737739 1.5557384 1.9579924 2.8944013 -0.043044478 -4.7037754
0 5 0.2043005 28.888025 1.5033908 57.304596 4.946885 1.8629099 2.0625598 3.1814134 -0.06460319 -1.4392157
0 5 0.16559178 -7.0760603 1.9755125 24.365295 1.278659 1.7003037 0.8913767 1.9608064 -0.029415607 -3.9584835
0 5 0.15492173 -8.994026 2.189324 32.25169 4.484011 1.6450053 1.8837649 2.0346665 -0.1280219 -4.6612797
0 5 0.1533407 -8.9297695 2.1906114 31.982243 4.541953 1.6356667 1.8567363 2.0172186 -0.046573006 -4.876525
0 5 0.14370777 -7.7506127 2.0221305 27.313013 2.4881556 1.6434233 1.2936667 2.0204728 -0.08574089 -4.3113203
0 5 0.13698813 -8.4120865 2.1123276 30.212847 4.4386544 1.6481433 1.8270663 2.04205 -0.16813304 -6.223701
0 5 0.12699825 28.541979 1.4667325 56.78752 4.89566 1.9042532 2.0429294 3.1986163 -0.054005064 -1.8519303
0 5 0.11795165 -7.276202 1.998177 25.08614 1.3707633 1.7110531 0.91091627 1.9816077 -0.08133815 -3.9199355
0 5 0.11041288 -8.499876 2.1522207 30.575161 4.446263 1.6189566 1.8006685 2.0448465 -0.12863529 -5.681678
0 5 0.09905436 27.6777 1.4940385 54.718952 4.920674 1.8623754 2.0526302 3.1066546 -0.041974444 -1.1667717
0 5 0.09860979 6.555863 1.9003067 50.37013 4.8207192 1.5718002 1.9618652 2.7987876 -0.04222425 -3.7892063
0 5 0.09549632 -9.202449 2.2141845 33.06294 4.5314283 1.6512105 1.8897166 1.9894782 -0.07448851 -3.567474
0 5 0.090484604 29.498278 1.4878256 58.598785 4.9649525 1.906418 2.0670753 3.1855364 -0.040659435 -1.5867411
0 5 0.08764518 6.3415813 1.7833123 49.548546 4.712577 1.5630373 1.952691 2.858675 -0.051400058 -5.9850245
0 5 0.07373911 -7.943213 2.3792758 94.42306 4.8979683 1.4702766 1.9696674 1.9500874 -0.021161145 -3.5650969
0 5 0.066866644 29.531923 1.5723672 59.153194 4.603895 1.7690699 1.9736904 3.0600967 0.0015254971 -0.25356644
0 5 0.06456811 -3.8791373 2.1629505 98.637794 4.811867 1.6144992 2.0103948 1.6604638 -0.04798179 -2.723287
0 5 0.0642811 29.611187 1.4951482 42.148277 5.0087504 1.8485167 2.0389261 5.4871764 -0.023871124 10.477043
0 5 0.06330453 -7.9520283 2.3422508 94.066376 4.870584 1.4486207 1.9806751 2.0628371 -0.03173686 -3.5661833
0 5 0.06276143 30.047058 1.5510981 59.970913 4.715009 1.844984 2.0160246 3.1258433 0.033381626 0.011622995
0 5 0.059906155 18.537575 1.7236441 104.12705 12.245607 2.9942973 2.9659872 4.8083315 -0.040168703 5.1690536
0 5 0.05613873 -3.0161796 1.8079379 105.50321 5.325783 1.9133916 2.1540575 1.6438701 -0.047723703 -1.0316101
0 5 0.05542913 7.3405704 2.1108131 58.92342 4.6988506 1.5994302 1.9947597 3.0529637 -0.03915722 -1.6858132
0 5 0.053405836 28.082035 1.507283 55.9484 4.909477 1.9015813 2.005359 3.1902995 -0.025562387 -2.9280884
0 5 0.052601848 -7.1643195 1.9750154 24.864449 1.0899526 1.6901855 0.8607642 1.9630357 -0.069561 -2.3736806
0 5 0.05144095 -4.1219096 2.1955218 100.15677 4.8505597 1.5747777 1.9948506 1.6482247 -0.020446626 -3.0151296
0 5 0.05125279 -4.070063 2.2865553 99.29251 4.8354793 1.5581639 1.9838185 1.7084143 -0.031647354 -3.3895862
0 5 0.05089435 7.4238925 2.0570016 59.113632 4.6587257 1.6492481 1.9715958 3.0553627 -0.047788415 -1.5869474
0 5 0.05018321 -7.8831244 2.3497775 95.32908 4.910795 1.4636726 1.976443 1.9311994 0.0024885926 -3.607764
1 5 0.05598103 18.537575 1.7236441 104.12705 12.245607 2.9942973 2.9659872 4.8083315 -0.040168703 5.1690536
3 5 0.1720751 18.537575 1.7236441 104.12705 12.245607 2.9942973 2.9659872 4.8083315 -0.040168703 5.1690536
3 5 0.112311825 18.285019 1.6867733 102.92262 11.905205 3.0007763 2.989872 4.837096 -0.032854885 5.5920606
3 5 0.082484886 18.59926 1.7721934 102.908875 12.292533 3.0762844 2.9278944 4.8011007 -0.028461091 4.861584
3 5 0.06593439 18.093658 1.7230549 104.13261 11.575411 2.8205404 2.920753 4.840129 -0.15071666 5.6757264
3 5 0.063871145 19.162304 1.7612247 107.489006 12.444222 3.0255554 2.94205 4.792046 -0.076134115 4.6151166
3 5 0.057239436 17.294754 1.6441073 100.34894 10.7817135 2.9154813 2.8849533 4.816547 -0.10280853 6.0173373
3 5 0.05445705 29.611187 1.4951482 42.148277 5.0087504 1.8485167 2.0389261 5.4871764 -0.023871124 10.477043
5 0 0.10099675 9.245478 1.6532218 11.996161 1.7543343 1.6326345 0.66012204 4.175627 -0.097004265 -0.03288773
5 0 0.09579858 9.893256 1.6932542 12.702297 1.1882411 1.6115079 0.6476269 1.4610434 -0.21874058 -0.4126985
5 0 0.08656902 9.947316 1.7312276 12.819403 1.3428322 1.6446842 0.67619 4.464737 -0.15159014 -0.21061337
5 0 0.08477334 9.857614 1.6813904 12.693094 1.3380505 1.6002529 0.66499126 4.542571 -0.17737092 -0.0630462
5 0 0.08306364 9.346858 1.5863943 12.131218 1.7585448 1.6547978 0.6178421 4.2417183 -0.101444 -0.032844953
5 0 0.08119121 8.980659 1.668268 11.678407 1.7279066 1.6465994 0.6419182 4.0309024 -0.13884927 -0.06724967
5 0 0.08058915 9.284511 1.7069225 12.058384 1.7269657 1.6704291 0.6562617 4.0025296 -0.08480514 -0.035311792
5 0 0.07985355 9.057994 1.6081221 11.7930565 1.6689136 1.6984719 0.64255196 3.9550686 -0.06336774 0.068512745
5 0 0.0772528 9.877508 1.7124982 12.759394 1.569539 1.6276498 0.6838195 4.381184 -0.13956085 0.013339985
5 0 0.076528914 8.785861 1.5690992 11.433099 1.6868945 1.6876553 0.64794606 4.128244 -0.061282076 0.033444636
5 0 0.06535606 8.847021 1.7333118 11.519508 1.6171076 1.666456 0.6107367 4.154904 -0.14519209 0.00058078207
5 0 0.05114557 9.686985 1.6210058 12.498219 1.8468907 1.6495622 0.6712201 4.3335743 0.020279163 -0.0953701
6 0 0.22021167 9.893256 1.6932542 12.702297 1.1882411 1.6115079 0.6476269 1.4610434 -0.21874058 -0.4126985
6 0 0.18186772 9.857614 1.6813904 12.693094 1.3380505 1.6002529 0.66499126 4.542571 -0.17737092 -0.0630462
6 0 0.17916498 9.947316 1.7312276 12.819403 1.3428322 1.6446842 0.67619 4.464737 -0.15159014 -0.21061337
6 0 0.17094557 9.877508 1.7124982 12.759394 1.569539 1.6276498 0.6838195 4.381184 -0.13956085 0.013339985
6 0 0.117226675 9.284511 1.7069225 12.058384 1.7269657 1.6704291 0.6562617 4.0025296 -0.08480514 -0.035311792
6 0 0.0933396 9.057994 1.6081221 11.7930565 1.6689136 1.6984719 0.64255196 3.9550686 -0.06336774 0.068512745
6 0 0.08806631 9.245478 1.6532218 11.996161 1.7543343 1.6326345 0.66012204 4.175627 -0.097004265 -0.03288773
6 0 0.085985325 10.122118 1.6784828 12.936772 0.96393377 1.6087044 0.6464905 1.5179996 -0.18877092 -0.3450603
6 0 0.07910374 8.980659 1.668268 11.678407 1.7279066 1.6465994 0.6419182 4.0309024 -0.13884927 -0.06724967
6 0 0.074671574 8.785861 1.5690992 11.433099 1.6868945 1.6876553 0.64794606 4.128244 -0.061282076 0.033444636
6 0 0.07324993 8.847021 1.7333118 11.519508 1.6171076 1.666456 0.6107367 4.154904 -0.14519209 0.00058078207
6 0 0.06859439 9.973096 1.6667056 12.756875 1.1334801 1.5997405 0.6755667 1.4513963 -0.1476152 -0.54179007
6 0 0.067853734 9.679303 1.7629464 12.491765 1.421199 1.6114501 0.68385464 4.392716 -0.1651761 -0.061912484
6 0 0.06588926 9.708562 1.6199062 12.498835 1.771343 1.645952 0.6590161 4.219516 -0.0120685045 -0.02142516
6 0 0.06539716 9.346858 1.5863943 12.131218 1.7585448 1.6547978 0.6178421 4.2417183 -0.101444 -0.032844953
6 0 0.06450001 9.976811 1.6852572 12.940212 1.7161088 1.6671461 0.6096898 4.2241483 -0.012718259 0.42044142
6 0 0.06177769 9.735429 1.7628233 12.6011 1.7608106 1.6060959 0.6944475 4.2642937 -0.11708396 -0.027704068
6 0 0.058103006 10.44597 1.6972792 13.355805 0.9307816 1.631516 0.67055273 1.5909951 -0.12218981 -0.594721
6 0 0.050433733 12.310749 1.72594 15.259232 0.8998053 1.6135905 0.65569854 1.4794699 -0.09877028 -0.37603876
7 2 0.15754373 -6.7470565 1.9206682 22.00275 0.84391505 1.6934531 0.67356366 0.86024725 -0.06515925 -0.03564094
7 2 0.13122939 -6.7441874 1.9464173 22.236013 0.8040711 1.6862837 0.67669016 1.0993409 -0.09572548 -0.16175818
7 2 0.12830535 -7.0245123 1.9609795 22.829464 0.8586677 1.7285801 0.6962975 1.2049453 -0.1694378 -0.26314342
7 5 0.11564143 -7.0760603 1.9755125 24.365295 1.278659 1.7003037 0.8913767 1.9608064 -0.029415607 -3.9584835
7 5 0.11021053 -8.058459 2.0866673 28.482868 4.307316 1.6610202 1.7937531 2.028879 -0.07734062 -4.157824
7 2 0.10621326 -6.979791 1.956258 22.561035 0.8131509 1.7306054 0.66321844 0.7535072 -0.09225794 -0.14286509
7 2 0.1044597 -6.959213 1.9838226 22.94349 0.8035599 1.7319463 0.69855106 1.3059385 -0.15923877 -0.15212896
7 2 0.09278015 -6.610903 1.9610425 22.701815 0.758432 1.6738727 0.68246436 1.5264956 -0.15293936 -0.40831223
7 2 0.089422554 -7.237454 2.003581 23.31932 0.79506695 1.7345378 0.6871738 1.0557054 -0.25907394 -0.10543534
7 2 0.074336626 -6.833913 2.0154264 23.70085 0.75031173 1.7181107 0.684825 1.6973548 -0.10134833 0.055717334
7 2 0.07404181 -6.845087 2.0194206 24.603212 0.70794904 1.6473311 0.64912903 1.823964 -0.10924143 -0.58559656
7 2 0.07015365 -6.9558315 1.9974182 23.506336 1.0478082 1.7451384 0.7335881 1.9123993 -0.044279754 -2.4787874
7 2 0.064589 -6.8907366 2.0425172 24.706137 0.6827705 1.6905074 0.64386266 1.8800747 -0.08038286 0.058375515
7 5 0.063000746 -7.276202 1.998177 25.08614 1.3707633 1.7110531 0.91091627 1.9816077 -0.08133815 -3.9199355
7 0 0.058710292 9.893256 1.6932542 12.702297 1.1882411 1.6115079 0.6476269 1.4610434 -0.21874058 -0.4126985
7 0 0.05180794 9.947316 1.7312276 12.819403 1.3428322 1.6446842 0.67619 4.464737 -0.15159014 -0.21061337
7 0 0.05146772 9.857614 1.6813904 12.693094 1.3380505 1.6002529 0.66499126 4.542571 -0.17737092 -0.0630462
