0 5 0.19123004 -38.521637 3.447566 57.872555 4.487374 1.5604159 1.9552462 3.1505206 -0.06626438 0.7898137
0 5 0.14714734 -37.928936 3.4062126 56.740696 4.503884 1.5279956 1.9383547 3.1947026 -0.015968489 -0.8231055
0 5 0.13050218 -38.09881 3.4982493 57.057896 4.4617047 1.5576516 1.9283712 3.1932473 0.009341121 0.6960642
0 5 0.118835345 -36.438164 3.2388036 54.621117 4.3606157 1.6305913 1.9017587 3.0844002 -0.083650775 -0.020587534
0 5 0.09754845 -36.932728 3.2545567 55.24777 4.3646336 1.6146526 1.8990312 3.0815892 -0.09677078 -0.05647754
0 5 0.09468239 -21.296253 1.9379508 68.69351 4.457288 1.632358 1.8994005 4.3836904 -0.026612703 11.509241
0 5 0.09397507 39.16672 0.23318708 46.176186 4.188961 1.680285 1.8337102 5.773229 0.047007687 4.7860875
0 5 0.09262961 39.829655 -0.007803619 47.273003 4.645398 1.6457788 1.9682592 5.839329 0.012129363 2.1134973
0 5 0.091248885 40.69499 0.15742934 48.173164 4.5804324 1.6560141 1.9644358 5.8245 0.015646776 2.295298
0 5 0.08885069 -20.976957 1.9176133 67.615135 4.4819465 1.6403724 1.9110887 4.369048 -0.04460153 9.189536
0 5 0.083244756 41.50212 0.13409996 48.32531 4.5734143 1.6541132 1.9291002 5.864075 0.011195991 4.104611
0 5 0.08188395 40.5299 -0.007624924 47.370495 4.6015377 1.639636 1.9385716 5.847449 0.04844982 4.238905
0 5 0.07195575 41.48671 0.2177785 48.94318 4.5806975 1.6516156 1.9622011 5.8416314 0.04501345 3.5546713
0 5 0.070566595 41.59924 0.18708134 49.899147 4.5591507 1.6368756 1.9441099 5.8441324 0.07566115 2.893905
0 5 0.06993185 -21.36022 1.9200613 69.07236 4.5172157 1.6185824 1.9219334 4.355884 -0.071700685 10.422754
0 5 0.06770411 -21.611155 1.9174359 69.96495 4.460525 1.6228448 1.9072117 4.3575754 -0.07986728 13.034383
0 5 0.06646983 40.2509 0.20751303 47.111916 4.1996274 1.6754318 1.8325151 5.7977176 0.0066598468 3.4343543
0 5 0.06599662 -37.548088 3.3472595 56.667744 4.511593 1.5296423 1.9365745 3.1701517 -0.022428619 -1.9290224
0 5 0.06393077 -36.09202 3.2174377 54.155224 4.394616 1.6118232 1.9096682 3.0967104 -0.05649192 -0.0029164515
0 5 0.061285026 -37.67374 3.4378102 56.850677 4.467128 1.5424342 1.9212635 3.180492 0.003967248 -1.4635412
0 5 0.05986813 -38.64622 3.466163 58.116325 4.5317416 1.5296956 1.9575092 3.1969876 -0.051090345 1.9204035
0 5 0.058950845 41.631405 0.120334804 51.33969 4.5760627 1.6106504 1.9385126 5.9163876 0.0487839 1.2724162
0 5 0.057817183 -39.00084 3.4632795 58.283054 4.4476533 1.5520777 1.9422754 3.0654373 -0.110148124 1.5094093
0 5 0.05744935 40.487083 0.21726418 47.630108 4.2340603 1.6972994 1.8467462 5.764729 -0.004297386 4.9090443
0 5 0.057333525 -20.377012 1.9618111 66.28951 4.447926 1.6447288 1.9060981 4.4232264 -0.041521706 9.375131
0 5 0.052996505 40.97983 0.15622216 49.122314 4.561585 1.6214778 1.9480264 5.834118 0.015350187 3.2664926
0 5 0.05256205 -36.69746 3.1936376 54.965477 4.379721 1.5961207 1.9063915 3.0861084 -0.07210222 -0.042670056
0 5 0.051198345 40.079254 0.20263106 47.505466 4.232274 1.6799732 1.8556752 5.746767 0.003462134 4.634007
0 5 0.05004466 38.681637 0.24701816 45.915817 4.216123 1.6376792 1.8261762 5.729764 0.04152116 4.7725124
3 5 0.39029494 2.0374177 1.62561 51.810223 11.828763 3.1484485 2.856069 3.273225 -0.028692685 -1.376284
3 5 0.1532298 2.4767547 1.701153 52.454605 11.613514 3.2386122 2.8073652 3.2774353 -0.01156134 -0.45085552
3 5 0.13477275 1.9943646 1.6802747 50.360138 11.950489 3.1367133 2.9389763 3.2451005 -0.03680119 -0.17613032
3 5 0.10351301 2.268196 1.8051786 53.04059 11.823957 3.319394 2.8274472 3.2949789 -0.030941378 -0.029542323
3 5 0.079899 2.7991893 2.1953726 51.235462 12.24824 3.186619 3.064931 3.1821737 -0.04300958 -0.27260008
3 5 0.07639987 1.87812 1.7296989 51.750347 11.965954 3.1843493 2.9405146 3.467002 -0.036074102 -0.09938159
3 5 0.074002646 1.8548868 2.2469218 50.705925 12.252587 3.18513 3.0318065 3.0830834 -0.007344382 -1.3244828
3 5 0.06343646 1.7305691 1.5727454 51.39038 11.67204 3.305721 2.8207927 3.2504916 -0.04503502 -0.02006782
3 5 0.058874313 1.1538043 2.7640057 49.456722 11.200324 3.1495707 2.8356936 3.410659 0.0005794745 -0.09327553
3 5 0.054743968 2.5614104 1.7200837 53.888096 11.682427 3.2099633 2.828023 3.2699862 -0.076501876 -0.3419209
3 5 0.050888497 2.2162795 1.5072538 49.567 12.3927555 3.1707788 3.1119115 3.1923869 -0.07638304 -0.1790821
4 5 0.05838152 2.0374177 1.62561 51.810223 11.828763 3.1484485 2.856069 3.273225 -0.028692685 -1.376284
6 0 0.051009882 -31.391258 2.9031749 63.757206 1.8793721 1.6168909 0.6220089 1.9352275 0.044052802 0.16626248
7 3 0.38308528 -7.342432 2.1256695 18.353268 0.72873634 1.7311237 0.7026855 6.600763 -0.02101681 0.017885562
7 3 0.27224323 -7.2103915 2.0876577 17.982195 0.7056746 1.7303756 0.6449669 6.630621 0.002987802 0.02132273
7 3 0.097769886 -7.429144 2.0961046 18.619085 0.74819094 1.7298701 0.6853773 6.4694433 0.10704132 -0.026150756
7 3 0.09401171 -7.504685 2.1786723 18.421701 0.71821076 1.7307683 0.6799916 6.416983 0.032865733 0.017800987
7 3 0.089714974 -7.24314 2.0981717 18.219885 0.6793944 1.8319666 0.649943 6.3183875 0.17139965 -0.018686237
7 3 0.07147628 -7.216429 2.0964434 18.074415 0.6719846 1.8087919 0.6642171 6.1957154 0.17846861 -0.058563445
7 3 0.06942375 -7.4415703 2.1270936 18.725185 0.70001334 1.753604 0.6771411 6.677094 0.12144055 0.057570122
7 3 0.060350433 -7.0546894 2.0205445 17.726849 0.68748194 1.7412047 0.6444112 6.6110888 -0.010603325 0.10365517
7 3 0.059071735 -7.6787696 2.110882 19.077374 0.79798394 1.7204739 0.69199204 6.3876123 0.09670522 0.00072157383
7 3 0.05528474 -7.5794134 2.052147 18.813126 0.6557541 1.6791447 0.624368 3.832174 -0.014649579 -0.08811858
7 3 0.05173497 -6.982807 2.1365972 17.397003 0.7292203 1.7611238 0.6720412 6.660873 0.016986946 0.08859252
7 3 0.05049549 -6.9504123 2.14286 17.303017 0.71116996 1.7677318 0.62888694 6.6376314 0.031162372 0.038013283
8 8 0.06092567 20.436998 1.664111 26.932892 0.42931482 0.62150073 0.452285 5.5494266 -0.092423454 -0.0062887166
8 8 0.05410928 20.003836 1.6257806 26.301687 0.42771524 0.6118615 0.46804166 5.5042233 -0.0639278 -0.0053998753
8 8 0.051906828 20.300438 1.6185362 26.751009 0.43304506 0.64216363 0.41345772 5.3205113 -0.09554815 0.006636163
