0 5 0.41268384 25.346518 1.3932536 54.242226 4.761419 1.7623531 2.0179307 3.0071292 -0.03366124 -1.4397081
0 5 0.3563165 -9.401403 2.0816278 27.54051 4.5962205 1.6577879 1.8873312 1.8988957 -0.05692988 -9.050223
0 5 0.31429204 25.607195 1.395894 54.531265 4.766566 1.7718147 2.013494 3.0456533 -0.055857137 -1.4882426
0 5 0.27958432 4.339135 2.032524 49.725468 4.7662272 1.5841731 1.9756906 2.6558688 -0.08742647 -8.144608
0 5 0.2724786 -9.51013 2.1207716 27.90473 4.6720605 1.6283144 1.8728324 1.8828825 -0.08924363 -10.199176
0 5 0.24225211 25.989544 1.4524353 55.66125 4.8242946 1.7778088 2.0359967 3.0491462 -0.02297997 -0.9461319
0 5 0.22991177 4.54016 2.007226 49.536186 4.88017 1.5810593 1.9852365 2.6209219 -0.08430647 -7.720568
0 5 0.20278521 -10.164369 2.0399163 29.6075 4.6834326 1.6074922 1.955358 1.888278 -0.04642016 -7.02873
0 5 0.19309884 -9.972891 2.0939088 29.172192 4.592694 1.6543627 1.8964736 1.8065722 -0.071386166 -6.788908
0 5 0.18964048 26.532347 1.5032156 56.547653 4.8718967 1.8183104 2.0553553 3.094459 -0.07075176 -0.8345429
0 5 0.13889791 3.9576578 1.9662962 68.87079 4.7404003 1.8125458 2.03693 1.8713166 -0.034959473 2.5037997
0 5 0.13494934 -10.14835 2.0515141 29.8852 4.9161363 1.6943538 1.8761345 1.7262045 -0.027580306 -6.849099
0 5 0.12436988 -9.212458 2.0534058 27.184544 4.547187 1.6394002 1.8472272 1.8786788 -0.13959539 -7.902999
0 5 0.114633426 24.948252 1.4354738 53.407455 4.7643247 1.7560235 2.0109873 3.039625 -0.044190727 -1.8409773
0 5 0.1097096 -10.307503 2.1272755 30.139492 4.788525 1.6131938 1.9149452 1.8662356 -0.08054309 -6.306444
0 5 0.10941117 24.713474 1.452071 52.92233 4.7651596 1.7901429 2.0073001 3.0024223 -0.005732173 -1.6762948
0 5 0.10677783 -10.430972 2.1189003 30.43543 4.6182165 1.6910914 1.887988 1.8515804 -0.1485822 -7.377356
0 5 0.10636249 3.9959404 1.9866062 69.51999 4.686859 1.7790947 2.0125988 1.8643528 -0.041929565 1.7192705
0 5 0.09807943 25.304659 1.3826284 53.927013 4.798222 1.7964627 2.0098028 3.031937 -0.024121296 -1.8597997
0 5 0.095546566 3.862289 2.0583165 68.97888 4.670221 1.7607216 2.0058339 1.7163198 -0.056529403 1.321632
0 5 0.08994265 45.2562 0.074718714 61.651947 4.6394362 1.7949284 2.0005383 5.5695496 0.0979054 6.3730745
0 5 0.08648768 -9.721188 2.1311164 28.421429 4.6889105 1.5867984 1.9001927 1.8744421 -0.0930557 -8.547146
0 5 0.08310967 -7.881962 2.1151018 91.53603 4.920332 1.4581994 1.9660784 1.9362322 -0.02777029 -4.695441
0 5 0.08275156 -7.893935 2.1739714 92.22814 4.956191 1.4865597 1.9628253 1.8759779 0.0022074133 -4.396448
0 5 0.08142764 -42.997456 2.793263 50.955452 4.6580396 1.7688065 1.9804662 5.363805 0.0018003117 1.9388489
0 5 0.08022739 4.244195 1.9283901 71.95978 4.7040844 1.7717359 2.022159 1.9410484 -0.027759893 3.3232417
0 5 0.0791434 4.2892866 1.9580894 71.46848 4.592722 1.7046402 1.9613173 1.9553176 -0.004388972 0.7492626
0 5 0.07522251 4.715874 2.0509043 60.4258 4.550032 1.5813724 1.899429 2.487732 -0.1213493 -3.6464293
0 5 0.07480185 4.963557 2.0732777 55.57585 4.554695 1.6123577 1.8934426 2.4538212 -0.1434646 -4.1831636
0 5 0.06803376 -3.5605195 2.060554 100.21839 4.959018 1.6462073 2.0289588 1.6250896 -0.042088106 -2.6756408
0 5 0.06746548 25.456398 1.4289204 55.228565 4.7501783 1.7938724 2.013412 3.0239344 -0.00040001422 -1.3802431
0 5 0.06438241 -3.2726676 1.8359382 103.70982 5.330689 1.8330019 2.1115983 1.6318306 -0.039659414 -1.6291004
0 5 0.06349253 46.19305 0.08829415 62.959717 4.6236644 1.7875434 1.9976175 5.5748897 0.06533752 6.0606775
0 5 0.061701786 3.474893 2.1382527 72.64714 4.5923595 1.7050755 1.9794897 1.5577819 -0.021728272 0.54931754
0 5 0.060623754 5.5060883 2.2028234 58.793304 4.765608 1.613109 2.0107214 2.5856164 -0.06749663 -3.0943887
0 5 0.06053001 45.04607 0.026796758 61.346672 4.652939 1.80523 2.0046184 5.5703983 0.070220515 7.7316976
0 5 0.060450494 3.540787 2.1097226 72.21831 4.6373043 1.7351716 1.9842261 1.5335938 -0.0504203 -0.0056970697
0 5 0.058875896 5.8181663 2.1623106 61.197254 4.8189225 1.7027781 2.0356283 2.5645576 -0.04890298 -2.478022
0 5 0.056550957 7.223211 2.202727 71.26414 4.543704 1.5892941 1.8974929 2.190878 -0.16045786 -1.678059
0 5 0.05502333 -3.9390626 2.1371508 101.19234 4.9410048 1.586818 1.9991528 1.6330287 -0.022344915 -3.2353497
0 5 0.054359723 4.169001 1.9722751 49.400723 4.7432413 1.6102068 1.9694412 2.6117997 -0.06428292 -8.986215
0 5 0.054182023 27.583572 1.4395933 58.19197 4.4792466 1.7399745 1.941428 3.1056015 -0.027094686 -0.33652818
0 5 0.05285543 4.3498154 1.9250503 74.96804 4.8043456 1.868455 2.0390873 1.9749461 -0.011731254 2.5645707
0 5 0.052424956 46.700558 0.088751554 63.78278 4.626422 1.7989272 2.003451 5.565029 0.025701618 6.511389
0 5 0.051425323 28.463673 1.637686 59.56792 4.482753 1.6999762 1.9330213 3.1535687 -0.027133644 -0.011915107
0 5 0.050162695 47.083256 0.11075479 65.19286 4.6221 1.7750388 1.9908929 5.531587 0.024834225 6.3890276
0 5 0.050118156 4.4679594 2.076459 55.64244 4.502358 1.5639935 1.8797903 2.6867576 -0.13100533 -4.4899144
1 5 0.07439276 3.9576578 1.9662962 68.87079 4.7404003 1.8125458 2.03693 1.8713166 -0.034959473 2.5037997
1 5 0.053070925 3.9959404 1.9866062 69.51999 4.686859 1.7790947 2.0125988 1.8643528 -0.041929565 1.7192705
3 5 0.15342516 22.468725 1.4076233 125.93186 12.915234 3.1232507 3.1099603 4.801702 -0.021317353 3.8807027
3 5 0.112385854 -12.206275 0.87436175 44.21067 12.397329 4.3016214 2.8200414 1.2017465 0.047429323 0.5248192
3 5 0.10167516 -12.26195 0.94770944 44.919792 12.250971 4.3043475 2.8042245 1.2216126 0.019107917 -0.31805542
3 5 0.077149004 22.158716 1.3767895 122.13263 12.726828 3.1360142 3.0683527 4.7941623 -0.028604642 4.064488
3 5 0.07538255 -10.164369 2.0399163 29.6075 4.6834326 1.6074922 1.955358 1.888278 -0.04642016 -7.02873
3 5 0.0718076 20.041811 1.6287147 119.23212 12.176561 3.01311 3.0085711 4.7652326 -0.14362186 7.677386
3 5 0.06590151 22.406965 1.4738733 127.34404 12.588354 3.1369948 3.0595856 4.8276725 -0.032481905 5.6785455
3 5 0.055792212 19.635857 1.7102098 117.457954 12.7411175 3.1776142 3.0629597 4.7615356 -0.07837875 6.5272274
3 5 0.052457966 -10.14835 2.0515141 29.8852 4.9161363 1.6943538 1.8761345 1.7262045 -0.027580306 -6.849099
5 0 0.09662985 8.987755 1.6830153 11.317408 1.6589484 1.6269697 0.6540853 5.780246 0.068821095 0.16176131
5 0 0.08214419 9.060837 1.6710968 11.375381 1.6005604 1.6411376 0.5835198 7.73316 -0.02244408 0.048121043
5 0 0.0667907 9.717454 1.6446011 12.042169 0.823551 1.5903676 0.6432034 4.2657557 -0.0021381536 -0.39057383
5 0 0.060498495 8.786886 1.671906 11.186563 1.660983 1.6313065 0.601524 7.349513 0.043033704 0.15436614
5 0 0.05756952 9.551886 1.62694 11.875348 0.85967255 1.5697293 0.6401416 4.1800046 0.0077129714 -0.29017383
5 0 0.05344008 9.567147 1.5737748 11.86021 1.6757181 1.6343927 0.6053682 4.8819485 0.232736 0.22819516
5 0 0.053234972 8.939417 1.5355401 11.235411 1.6688142 1.6741349 0.60996765 7.638873 0.051899135 0.13961428
5 0 0.051672313 9.118199 1.6036575 11.611917 1.6344295 1.6618848 0.6003274 7.548792 0.04610935 0.16856402
6 0 0.08095509 8.987755 1.6830153 11.317408 1.6589484 1.6269697 0.6540853 5.780246 0.068821095 0.16176131
6 0 0.07553985 9.717454 1.6446011 12.042169 0.823551 1.5903676 0.6432034 4.2657557 -0.0021381536 -0.39057383
6 0 0.06418666 9.060837 1.6710968 11.375381 1.6005604 1.6411376 0.5835198 7.73316 -0.02244408 0.048121043
6 0 0.058996644 9.551886 1.62694 11.875348 0.85967255 1.5697293 0.6401416 4.1800046 0.0077129714 -0.29017383
6 0 0.056556933 8.786886 1.671906 11.186563 1.660983 1.6313065 0.601524 7.349513 0.043033704 0.15436614
6 0 0.05269403 9.567147 1.5737748 11.86021 1.6757181 1.6343927 0.6053682 4.8819485 0.232736 0.22819516
6 0 0.050357223 9.618704 1.659786 11.944941 0.870671 1.5935265 0.6867993 4.229519 0.0320855 -0.8613101
7 0 0.1537538 9.551886 1.62694 11.875348 0.85967255 1.5697293 0.6401416 4.1800046 0.0077129714 -0.29017383
7 0 0.1318598 9.717454 1.6446011 12.042169 0.823551 1.5903676 0.6432034 4.2657557 -0.0021381536 -0.39057383
7 0 0.108423434 9.57866 1.6617076 11.949048 0.8517708 1.576913 0.6556455 4.109045 0.062562644 -0.27631614
7 0 0.065194815 9.235723 1.6955469 11.499348 0.86403036 1.5927303 0.65083057 4.052301 0.037940152 -0.22075844
7 0 0.058561053 8.844732 1.6753368 11.176971 1.6099895 1.6104949 0.5964307 5.3280816 0.0760461 0.06582294
7 0 0.058399316 9.140541 1.6919705 11.440158 0.8743059 1.5885005 0.662229 3.9684958 0.016301332 0.03574039
7 0 0.056583613 9.550321 1.6142529 11.810753 0.7965084 1.5807478 0.62270266 4.1094427 -0.029897463 -0.21261168
7 2 0.052843075 22.745586 1.3914626 74.01494 0.6331149 1.7359078 0.58330476 1.9733858 -0.04355146 -0.04057299
8 8 0.06978497 26.02072 1.3098745 40.980015 0.34250572 1.1660208 0.32445523 5.7617135 -0.047145974 -0.015486735
8 8 0.058492836 26.041079 1.3266084 41.099533 0.3190478 1.1215277 0.30776915 5.8939104 -0.038498756 0.02920007
8 8 0.054123245 26.279793 1.4403439 41.321526 0.35143748 1.2152259 0.35719067 5.9001975 -0.060128048 -0.02549582
