0 5 0.506083 -12.291142 2.3567314 22.405603 4.750618 1.8328367 1.9715798 1.8867297 -0.06748879 -2.2796633
0 5 0.15201741 -12.122715 2.3386722 22.045687 4.776627 1.7898102 1.9664987 1.9217649 -0.075303726 -1.935316
0 5 0.12341961 -22.708443 2.126867 73.9532 4.5239625 1.663629 1.9370776 4.451115 -0.034138784 14.203236
0 5 0.12211133 -11.646352 2.299733 20.930214 4.4816823 1.7326499 1.9064707 1.9153974 -0.021836959 -1.5921249
0 5 0.10295235 37.359314 0.30154544 44.04086 4.1951275 1.65606 1.8320441 5.745102 0.06825097 4.6947527
0 5 0.08411165 -4.991679 2.589149 95.94513 4.5652375 1.5575515 1.9582552 1.6604857 -0.02760768 -5.2413235
0 5 0.07998657 -12.068581 2.1193166 21.651468 4.51706 1.684972 1.8954751 1.8896103 -0.060463227 -0.995184
0 5 0.07822292 -9.080817 2.6863692 90.997955 4.6432166 1.5134013 1.9457766 2.0567362 -0.015300435 -4.4771895
0 5 0.07350185 -22.280916 2.1692007 72.70058 4.538924 1.664179 1.9373387 4.501925 0.003092425 15.503631
0 5 0.07172967 38.664955 0.28370225 45.30996 4.200204 1.6524522 1.8318349 5.7630486 0.037841596 4.5266976
0 5 0.06928532 39.92233 0.19659877 46.508347 4.52867 1.639331 1.9163722 5.8129473 0.049586654 5.45699
0 5 0.066443935 38.8266 0.189695 46.15459 4.559994 1.6413056 1.9507576 5.7730513 0.040613964 3.525828
0 5 0.06511336 39.275253 0.028207779 45.930576 4.557342 1.6284918 1.9268388 5.7988954 0.059713274 5.5539393
0 5 0.064604625 38.011227 0.03725952 45.24724 4.5914216 1.6390978 1.9573185 5.773422 0.016781395 3.5060992
0 5 0.063651904 -9.584905 2.7556188 92.56382 4.59561 1.5400227 1.9437991 2.0155628 -0.023948897 -3.8306541
0 5 0.05963747 -23.134693 2.0833175 75.452515 4.5603013 1.6439168 1.936931 4.412478 -0.074130304 14.927205
0 7 0.057969626 36.896084 0.30826062 43.780106 4.221639 1.6385466 1.8286068 5.704235 0.04499872 4.660506
0 5 0.05556185 -5.0072308 2.6192446 97.345 4.5650945 1.5366849 1.9351771 1.6467642 -0.042020284 -5.5889435
0 5 0.053774867 -22.825422 2.1928701 74.54186 4.5587344 1.6742363 1.958555 4.4550486 -0.0073105125 13.030591
0 5 0.051775075 -2.8538516 2.1726425 99.54447 6.842158 2.3704052 2.360103 1.6336575 -0.054742537 -0.54116964
0 5 0.05168814 -8.689497 2.5989199 90.74395 4.6752186 1.4933329 1.9478463 2.04657 -0.010480754 -5.2881236
0 5 0.05134877 -4.8222423 2.641902 94.60229 4.667608 1.5897949 1.951463 1.6352329 -0.039328728 -2.9306748
0 5 0.05047537 39.8623 0.23511046 46.879353 4.5358133 1.6427553 1.9515676 5.772069 0.05333502 4.494076
2 5 0.050021075 10.53937 1.1204042 54.623096 12.240489 3.4118998 2.8722029 3.1998925 -0.07481436 -0.9885725
3 5 0.5060469 10.53937 1.1204042 54.623096 12.240489 3.4118998 2.8722029 3.1998925 -0.07481436 -0.9885725
3 5 0.28232464 10.667181 1.282216 54.56071 12.08424 3.5246959 2.8319726 3.3245716 -0.0128002465 -0.019139377
3 5 0.27416712 10.540754 1.2374189 54.28035 11.998043 3.335256 2.805487 3.1951416 -0.054094747 -0.31858087
3 5 0.16280057 10.755859 1.1202823 55.224903 11.696841 3.342406 2.8004086 3.2291288 -0.034951657 -0.027788475
3 5 0.15848121 10.704421 1.1721994 56.000847 12.449835 3.4665866 2.9236312 3.2241633 -0.08428471 -0.527663
3 5 0.14082941 10.841687 1.9726622 54.84146 12.7835865 3.3790202 3.2630992 3.3989456 -0.014792626 -1.538773
3 5 0.12078124 10.401029 1.5020075 54.35153 12.466396 3.3437922 2.9999013 3.461189 -0.046832785 -0.19730738
3 5 0.11777904 9.201371 2.3649225 51.65521 11.945154 3.4152384 2.9042258 3.4219534 0.02483357 0.28800213
3 5 0.102167234 10.499554 1.1957462 53.58317 12.445864 3.388747 2.9516764 3.1905189 -0.05522965 -0.44677573
3 5 0.10186257 10.154556 1.2976983 52.559334 12.914569 3.303712 3.2140632 3.3483648 -0.08530033 -0.23037645
3 5 0.08211606 10.767565 2.127943 53.81254 12.770825 3.450822 3.1859946 3.4447277 0.018223235 -0.024677433
3 5 0.08070004 -0.72844607 1.780948 96.46925 10.562455 3.6798925 2.9865909 1.6212318 -0.010719392 -2.4006221
3 5 0.07679133 1.6536212 1.6828207 83.55716 10.579761 3.6701403 3.0135813 1.7868704 -0.012621472 -2.4491806
3 5 0.0721765 3.237692 1.6230589 71.58329 9.069539 3.2946568 2.869205 2.3227994 -0.01937979 -2.5141864
3 5 0.07045778 10.9640255 1.4170961 56.655777 12.504089 3.6216133 2.8368797 3.2954247 -0.052144505 0.20466515
3 5 0.06642718 8.924383 1.9125586 51.222305 11.584231 3.1786234 3.163321 3.4412637 0.015522072 -0.11272207
3 5 0.062732406 -17.336704 0.20110488 59.818203 11.552411 4.811256 2.677501 1.1182331 0.110981606 -1.4208938
3 5 0.06262154 -16.998026 0.108756065 59.7135 11.3008175 4.5082145 2.6449697 1.0689981 0.108882464 -0.8455444
3 5 0.061793648 -16.8636 0.124064684 60.25018 11.1861925 4.4928126 2.7087219 1.1144357 0.067201585 0.7033296
3 5 0.059349068 11.258232 1.4342186 53.572872 12.736854 3.3053982 3.1635525 3.521407 -0.061139055 -0.119245626
3 5 0.058833037 9.475063 0.9100075 50.467583 12.464954 3.5066118 3.010025 3.3367014 -0.009405449 -0.028866805
3 5 0.057882864 -1.2674881 1.8349228 103.657364 10.063641 3.5344052 2.9221816 1.4891739 0.0009562541 -2.4099152
3 5 0.056674734 4.0889587 1.6166981 61.02789 7.457714 2.782075 2.6961968 2.6980886 -0.011109909 -2.3666933
3 5 0.056500837 -0.27787814 1.5625027 94.4168 10.763996 3.7252355 3.14219 1.679124 0.00092403404 -1.5895495
3 5 0.053274877 -17.666338 0.21795869 61.480793 11.633981 4.8092318 2.794906 1.1326597 0.077575065 0.06755696
3 5 0.052112214 1.7394105 1.4477594 82.20459 10.721571 3.7142427 3.1049058 2.039334 0.03239751 -1.3789172
3 5 0.051616773 1.7367253 1.4732623 81.29016 10.669447 3.561317 2.8858874 1.8408128 0.0015458819 -3.507964
3 5 0.05079117 2.9527478 1.4577658 63.783722 9.572279 3.2541754 2.817133 2.0955045 0.005169479 -3.4891574
4 5 0.07862795 10.53937 1.1204042 54.623096 12.240489 3.4118998 2.8722029 3.1998925 -0.07481436 -0.9885725
7 3 0.38367185 -7.576282 2.2048693 19.01382 0.7329572 1.7845892 0.7207634 3.7256253 -0.12243859 0.069455646
7 3 0.27689558 -7.411302 2.1655438 18.596039 0.7006676 1.7684773 0.66388345 3.7097566 -0.103207566 0.07653198
7 3 0.23651473 -7.4894814 2.172007 18.777586 0.7302945 1.754151 0.6906957 3.7154937 0.009220038 0.16751653
7 3 0.085656084 -7.539273 2.1677716 18.94735 0.71892965 1.8113879 0.68356407 3.676868 0.01664952 0.013659537
7 3 0.08425297 -7.660379 2.2171383 19.291615 0.6934262 1.8036168 0.6888509 3.730797 0.040299825 0.050957188
7 3 0.06842257 -7.336688 2.125734 18.45953 0.6756907 1.7863357 0.643669 3.55207 -0.105784476 0.081670865
7 3 0.06835719 -7.588262 2.1988723 18.70668 0.68377644 1.8031561 0.64715445 3.5611708 -0.07779273 0.044138536
7 3 0.06795111 -7.5322156 2.1875274 19.225014 0.6223967 1.8363357 0.642388 6.6116323 0.08960576 -0.028981538
7 3 0.06347853 -7.8953557 2.2290473 19.957859 0.61337227 1.8171966 0.63321424 6.5783176 0.12256158 -0.03964158
7 3 0.0612814 -7.741674 2.1137238 19.36332 0.6195016 1.6959655 0.60701525 0.69744444 -0.13464367 -0.1065855
7 3 0.06074673 -7.6294165 2.0782826 19.100935 0.5999089 1.6870577 0.6039245 0.68347317 -0.11048041 -0.025403712
7 3 0.05761901 -7.621268 2.179792 18.772411 0.71005386 1.7642938 0.6399162 3.6193008 -0.042286526 0.12160725
7 3 0.053342458 -7.1965346 2.2061808 18.020658 0.67935646 1.7892194 0.64252806 3.6670752 0.027965697 0.13814962
8 8 0.077893406 19.978168 1.6478823 26.341642 0.4385856 0.62467724 0.45541835 5.5005426 -0.10008838 -0.0155399
8 8 0.07651455 20.048761 1.6226078 26.436306 0.45895994 0.64670366 0.42411864 5.4563947 -0.09485942 0.0016335677
8 8 0.067238584 19.678288 1.6220474 25.893959 0.44077462 0.6107227 0.47608337 5.4905252 -0.08341797 -0.0071634743
8 8 0.06528207 19.813763 1.5962273 26.073545 0.46690175 0.6276223 0.45150748 5.4332705 -0.04472661 0.006616205
