0 5 0.33631068 27.380447 1.329169 56.12066 4.880694 1.8255943 2.0459158 3.0103817 -0.041441217 -1.2253942
0 5 0.31907 27.905474 1.3177681 56.98454 4.883595 1.8423795 2.05117 3.062397 -0.06333233 -1.9518738
0 5 0.31590533 5.3715835 1.8776776 48.61924 4.7953734 1.555856 1.9727888 2.9201775 -0.04124917 -3.855115
0 5 0.2995707 -9.100638 2.1160703 28.79507 4.580047 1.5849354 1.8715228 1.9398305 -0.090334006 -2.5042331
0 5 0.24756378 27.935442 1.3716434 57.240314 4.9034276 1.8526359 2.0539064 3.0514894 -0.048064195 -1.5156955
0 5 0.24747625 28.456715 1.3702518 58.26813 4.9671655 1.8863133 2.0749352 3.1019263 -0.07123365 -1.4236604
0 5 0.18818693 -9.108367 2.1123507 29.506063 4.5709486 1.5505025 1.8314221 1.9395738 -0.08144934 -1.7294906
0 5 0.15990299 -9.951053 2.1171417 31.608246 4.549181 1.5840374 1.9086264 1.8457074 -0.07444217 -5.3913403
0 5 0.11557722 5.3644724 1.8428605 48.328674 4.859596 1.5599443 1.9769602 2.850756 -0.033018116 -4.050521
0 5 0.09399872 -7.8861933 2.321354 92.38038 4.9391017 1.4797313 1.9705256 1.9019911 -0.009561693 -4.499535
0 5 0.089144334 -9.747315 2.1552658 31.051237 4.626556 1.5613418 1.8895094 1.7849084 -0.015757138 -4.473117
0 5 0.08549056 -9.177752 2.0617151 30.42714 4.5918 1.540541 1.8619877 1.8789662 -0.13672641 -0.28819993
0 5 0.08514836 -10.0559025 2.1684353 31.823652 4.4901757 1.6169341 1.9126383 1.8342611 -0.078430824 -6.1751833
0 5 0.08412332 26.53944 1.4358821 54.21173 4.889328 1.844636 2.0437183 3.0030293 -0.028401583 -2.1582003
0 5 0.08120969 -7.8672595 2.2534204 91.82018 4.9157805 1.4344184 1.9825118 1.9809843 -0.028700102 -4.6937594
0 5 0.08053391 -9.863109 2.06418 31.293066 4.593548 1.5953442 1.9188087 1.8143319 -0.05701495 -4.690801
0 5 0.07910452 5.4915514 1.9722298 48.27691 4.8896365 1.5989118 1.9549484 2.6728435 -0.0032418342 -3.8459947
0 5 0.07747626 26.973911 1.4417329 55.266716 4.8911166 1.8112489 2.0506668 3.0214038 -0.016950004 -2.4943821
0 5 0.07274153 28.044357 1.1812667 57.647232 5.070319 1.8549882 2.0875397 3.1387172 -0.0013545528 -1.1729091
0 5 0.07258412 -9.269476 2.0721207 30.974161 4.5839734 1.5306709 1.8385402 1.8742645 -0.09541498 -0.45720387
0 5 0.072190434 -9.682409 2.0526252 31.57813 4.526976 1.5708374 1.8976104 1.760958 -0.028264271 -4.0971475
0 5 0.066438176 5.4317784 1.9046836 47.912407 4.788752 1.5590607 1.9389695 2.7045817 -0.02322743 -3.2811475
0 5 0.064653546 31.668158 1.5076177 64.21833 4.76268 1.8579834 2.0325742 3.1677198 0.03250137 -0.00515756
0 5 0.06278734 -2.9371383 1.7593539 103.33254 5.54036 1.9378268 2.1754084 1.6008991 -0.050463803 -1.9312645
0 5 0.062137183 28.197784 1.299987 58.418087 4.946195 1.8903512 2.0719192 3.0711257 -0.0067768656 -1.2715919
0 5 0.06134474 43.9658 0.21435791 60.76052 4.553047 1.7611048 1.9658022 5.5481095 0.093857445 7.824452
0 5 0.06019571 -8.95537 2.0772092 28.16491 4.510195 1.5712699 1.7812834 1.9215856 -0.054299742 -1.5318836
0 5 0.059590567 -3.538963 2.0831833 97.580765 4.887013 1.6268126 2.0209997 1.5782086 -0.048867017 -3.8359017
0 5 0.05846426 44.089508 0.19579524 61.306786 4.5379124 1.7490019 1.9549361 5.5067163 0.08410408 7.711753
0 5 0.058094997 31.138926 1.5152888 63.4226 4.691574 1.7897801 2.0068753 3.225073 0.013097366 0.010212097
0 5 0.05494434 -10.447952 2.2669573 34.152397 4.736145 1.6058264 1.9309732 1.8596702 0.03056884 -4.258089
0 5 0.054070733 27.335472 1.2669033 55.73548 4.9024353 1.824606 2.030957 3.0099335 -0.03187622 -2.5518281
0 5 0.053942904 5.9755445 1.6570287 96.7516 4.5773573 1.7149597 1.9553348 4.583889 0.014577275 2.3807623
0 5 0.052081764 6.197703 1.6811503 96.17897 4.602182 1.7401291 1.9601038 4.6580086 0.0014029872 2.3275409
0 5 0.05161078 -9.008579 2.0550148 30.055988 4.544801 1.5318855 1.8428521 1.8980936 -0.14193957 -0.056951884
0 5 0.051320717 5.0637655 1.8171667 44.01113 4.8176703 1.4861579 1.9415768 2.5117161 -0.027008899 -3.436851
0 5 0.050999857 -57.030525 2.997884 67.868614 4.438395 1.6387362 1.9237901 3.604951 -0.037535954 3.9230142
3 5 0.22036235 21.95843 1.6022074 122.31826 13.159556 3.135458 3.1093283 4.711943 -0.043632768 4.2840357
3 5 0.15236118 22.253153 1.5528133 124.57491 12.662578 3.0242531 3.1114895 4.7501183 -0.066761 3.2076747
3 5 0.11078308 21.45051 1.6100057 118.170845 13.049161 3.2021976 3.052391 4.7146773 -0.041724995 5.322299
3 5 0.09689264 21.828873 1.5825536 123.51397 12.827526 3.1230185 3.1146421 4.7814198 -0.028181573 4.167105
3 5 0.09138024 21.585268 1.6357471 120.53875 12.93029 3.0652926 3.0429816 4.703608 -0.07854895 4.170631
3 5 0.07972248 20.573654 1.6402202 121.348946 12.379079 2.9060936 3.0353715 4.8018694 -0.13823785 6.795512
3 5 0.07339542 19.798702 1.7016082 118.45338 12.930121 3.0842438 3.0597436 4.7778826 -0.10124774 7.6432047
3 5 0.06313637 20.952433 1.5864356 115.98179 12.873685 3.1276643 3.018469 4.6908684 -0.06402468 4.136383
3 5 0.05775327 -27.861073 1.6366849 78.42027 9.692839 3.052543 2.6511185 4.685561 0.061338797 0.015266813
5 0 0.17923725 10.364127 1.6452138 13.117569 1.8522571 1.6183007 0.6976852 5.8446813 0.00033691525 0.032501247
5 0 0.13429812 9.367371 1.6422099 12.030865 1.678777 1.6814824 0.6080679 6.801769 0.0031652916 0.0956237
5 0 0.13136083 9.477245 1.5849099 12.064261 1.7446008 1.596639 0.678031 7.5184326 0.006758772 0.010497164
5 0 0.12661003 10.431067 1.599365 13.093131 1.4953125 1.5999244 0.6567768 4.7959013 0.046657093 0.05456645
5 0 0.11052145 9.695346 1.5504385 12.1560335 1.7019845 1.6550932 0.65032095 7.578321 0.062505215 -0.308641
5 0 0.10898725 9.612615 1.4985763 12.274836 1.755433 1.6334927 0.6245426 7.449146 0.04433343 0.03411686
5 0 0.104952864 9.560081 1.6812134 12.285814 1.6787579 1.6802667 0.6083177 6.322833 0.019659339 0.067126706
5 0 0.09521169 10.082066 1.6312308 12.834592 1.7933196 1.5954185 0.6757222 6.1488705 0.053517103 0.018348169
5 0 0.09084055 10.34765 1.6761794 13.232989 1.8228763 1.629512 0.7004193 7.296895 0.016971426 0.060970195
5 0 0.090008505 9.689913 1.6002219 12.4403715 1.6760986 1.7016621 0.6021298 6.730299 0.027336096 0.10832963
5 0 0.08111281 10.007561 1.6379707 12.861714 1.8825091 1.5295033 0.6922962 7.5139565 0.021902213 0.0015340615
5 0 0.07919872 9.797844 1.6016127 12.469449 1.6455759 1.714236 0.6182418 2.8412774 0.023880834 0.18559173
5 0 0.071126185 10.260936 1.5918574 12.9200535 1.3375573 1.5949968 0.69169766 4.6179404 0.079505265 -0.202844
5 0 0.070762925 10.8034935 1.6179433 13.530561 1.2529993 1.6133916 0.6353967 4.7049074 -0.025744095 0.12175041
5 0 0.07038045 10.667518 1.618432 13.419367 1.4809159 1.6253874 0.6448494 5.173756 -0.04839421 0.11536304
5 0 0.06590351 10.645767 1.5812562 13.213632 1.1885396 1.5912044 0.6363974 4.753623 0.08168565 -0.088156715
5 0 0.059144676 9.407559 1.5894384 12.072214 1.6924825 1.6741275 0.5864342 2.0492926 -0.025100296 0.5489213
5 0 0.054135546 9.766133 1.5474262 12.097463 1.8065946 1.7201279 0.6563343 7.3155527 0.009780314 0.092821516
6 0 0.17819205 10.364127 1.6452138 13.117569 1.8522571 1.6183007 0.6976852 5.8446813 0.00033691525 0.032501247
6 0 0.113577604 9.560081 1.6812134 12.285814 1.6787579 1.6802667 0.6083177 6.322833 0.019659339 0.067126706
6 0 0.10411237 10.082066 1.6312308 12.834592 1.7933196 1.5954185 0.6757222 6.1488705 0.053517103 0.018348169
6 0 0.103206776 9.477245 1.5849099 12.064261 1.7446008 1.596639 0.678031 7.5184326 0.006758772 0.010497164
6 0 0.10275825 10.431067 1.599365 13.093131 1.4953125 1.5999244 0.6567768 4.7959013 0.046657093 0.05456645
6 0 0.10250754 9.689913 1.6002219 12.4403715 1.6760986 1.7016621 0.6021298 6.730299 0.027336096 0.10832963
6 0 0.09442851 10.34765 1.6761794 13.232989 1.8228763 1.629512 0.7004193 7.296895 0.016971426 0.060970195
6 0 0.09127306 10.007561 1.6379707 12.861714 1.8825091 1.5295033 0.6922962 7.5139565 0.021902213 0.0015340615
6 0 0.09115792 9.367371 1.6422099 12.030865 1.678777 1.6814824 0.6080679 6.801769 0.0031652916 0.0956237
6 0 0.08272 9.612615 1.4985763 12.274836 1.755433 1.6334927 0.6245426 7.449146 0.04433343 0.03411686
6 0 0.08162041 9.695346 1.5504385 12.1560335 1.7019845 1.6550932 0.65032095 7.578321 0.062505215 -0.308641
6 0 0.080390245 9.797844 1.6016127 12.469449 1.6455759 1.714236 0.6182418 2.8412774 0.023880834 0.18559173
6 0 0.070706464 10.667518 1.618432 13.419367 1.4809159 1.6253874 0.6448494 5.173756 -0.04839421 0.11536304
6 0 0.0701386 9.407559 1.5894384 12.072214 1.6924825 1.6741275 0.5864342 2.0492926 -0.025100296 0.5489213
6 0 0.059770446 10.260936 1.5918574 12.9200535 1.3375573 1.5949968 0.69169766 4.6179404 0.079505265 -0.202844
6 0 0.058801983 10.8034935 1.6179433 13.530561 1.2529993 1.6133916 0.6353967 4.7049074 -0.025744095 0.12175041
6 0 0.05117642 9.337716 1.7270086 11.999991 1.6542201 1.6571227 0.56571573 7.097169 -0.032160815 0.009098101
6 0 0.050429117 9.766133 1.5474262 12.097463 1.8065946 1.7201279 0.6563343 7.3155527 0.009780314 0.092821516
7 3 0.14934024 -6.9822793 1.968159 21.98758 0.70950043 1.6997981 0.6474058 3.7044067 -0.065230235 0.19113356
7 3 0.09490459 -7.051788 1.989815 22.136553 0.6568239 1.7447615 0.6487145 4.236556 -0.119736694 0.17191961
7 5 0.0873061 -9.063169 2.0859997 29.048603 4.579379 1.5777351 1.8721011 1.934989 -0.07934576 -0.9927698
7 2 0.08202213 21.772715 1.3798475 72.27687 0.61884606 1.7601799 0.5721065 5.1870227 -0.031196821 0.008607186
7 3 0.07271371 -7.148136 2.012092 22.53057 0.677225 1.7028348 0.6451277 4.436491 -0.10660608 0.2246938
7 0 0.07024549 10.431067 1.599365 13.093131 1.4953125 1.5999244 0.6567768 4.7959013 0.046657093 0.05456645
7 2 0.06383344 21.820185 1.362719 72.2221 0.6216759 1.7632104 0.573777 5.1692 -0.057591468 0.04967659
7 3 0.06235288 -7.0235543 1.9937336 22.081394 0.66426784 1.7293283 0.63525116 3.7404845 -0.031553145 0.2500388
7 3 0.059885703 -7.1150327 2.024358 22.446928 0.6665961 1.6380109 0.6194192 3.7054312 0.039029785 0.094516486
7 0 0.05676062 10.364127 1.6452138 13.117569 1.8522571 1.6183007 0.6976852 5.8446813 0.00033691525 0.032501247
7 3 0.05474952 -6.8784637 1.9673307 21.57847 0.66148084 1.7632853 0.6233479 4.2144117 -0.13686875 0.14275947
7 2 0.05175762 22.177254 1.3952775 73.2873 0.6308941 1.7271099 0.5585671 5.1306667 -0.0386725 -0.03739927
8 8 0.06889256 25.80912 1.2272573 40.656013 0.34851187 1.1634274 0.32800204 5.7423606 -0.054193735 -0.038863752
8 8 0.066962145 26.416025 1.3613763 41.52029 0.36415 1.248157 0.35828686 5.790909 -0.06497045 -0.04247816
8 8 0.06074404 25.99302 1.2197773 41.033344 0.33146855 1.145993 0.3222521 5.8774276 -0.04217451 -0.0021772813
8 8 0.056157444 26.145187 1.3489099 41.210075 0.33435917 1.1788188 0.32881695 6.019725 -0.044284992 -0.020964548
8 8 0.05122718 25.794827 1.3353885 40.55044 0.34350908 1.1224674 0.33438155 5.585838 -0.020366844 -0.02435585
