0 5 0.18755078 -44.070297 3.5922155 62.38201 4.452414 1.6930059 1.9423177 4.4594984 0.003636079 -0.040776506
0 5 0.091970794 -44.347588 3.5786574 62.85617 4.470555 1.6708616 1.938637 1.3638873 -0.016867027 1.3023766
0 5 0.08777485 39.41915 0.23098797 46.4061 4.1931834 1.6797012 1.8362076 5.775691 0.06245561 4.6851263
0 5 0.087175444 -44.716312 3.5673695 63.341335 4.4669294 1.6892856 1.9575306 4.4973583 0.006890144 0.17311278
0 5 0.08335872 40.027416 -0.016655624 47.4664 4.6367836 1.6613208 1.9689369 5.847044 0.014748616 1.8446715
0 5 0.08052468 40.98102 0.14965153 48.422913 4.574325 1.6683131 1.9648811 5.837888 0.017983986 2.2679372
0 5 0.07825389 41.561436 0.14410865 48.305855 4.5765557 1.671092 1.933228 5.874582 0.035419628 3.914607
0 5 0.076611534 40.679672 -0.012175381 47.458015 4.6012354 1.6496643 1.938623 5.85629 0.053846374 3.8991625
0 5 0.073870495 39.27027 0.23352093 46.543297 4.205932 1.6621547 1.8378825 5.7425394 0.09380967 4.1001124
0 5 0.07180922 -49.908897 4.0770144 70.70271 4.4042735 1.5855079 1.9144429 4.6317873 -0.0030100308 0.80452526
0 5 0.07010405 -47.899036 3.9307342 68.342354 4.481488 1.5839643 1.9517776 4.672408 -0.041011296 -0.3180292
0 5 0.06960221 40.375576 0.21325177 47.189945 4.206988 1.6746471 1.8359452 5.7998557 0.02549406 3.5661974
0 5 0.06874224 42.0369 0.16981131 50.45697 4.552302 1.6528887 1.9452775 5.85639 0.07550549 2.5268452
0 5 0.06575517 41.88063 0.21179229 49.34337 4.570764 1.6691489 1.9634593 5.8534393 0.04679478 3.3076954
0 5 0.06511733 -49.554333 4.043191 70.42233 4.3737636 1.6229331 1.9129759 4.6369233 0.004912125 0.60772264
0 5 0.06155451 -48.569557 3.9244707 68.47636 4.54653 1.5896057 1.9729059 4.6797523 0.11240492 0.16671216
0 5 0.061043542 -48.562664 4.057418 69.40404 4.4308586 1.6099633 1.936873 4.6823273 -0.024626708 -0.29584447
0 5 0.058538962 42.21224 0.09399545 52.063774 4.5716467 1.6231952 1.94067 5.9309673 0.041012555 1.0681155
0 5 0.05560796 -21.776821 1.9397678 70.3347 4.480315 1.6551331 1.9073242 4.3405423 -0.0565945 8.6141
0 5 0.055084627 40.80424 0.20614868 47.93733 4.2343807 1.6948436 1.8480546 5.763319 0.0077670645 4.896584
0 5 0.053787474 -21.933674 1.9397957 70.9161 4.431941 1.6322235 1.8969178 4.3563833 -0.052786753 10.614596
0 5 0.051507138 41.34289 0.1422913 49.562057 4.561815 1.6370133 1.9487556 5.8476324 0.02797768 2.8182132
0 5 0.050726824 -48.713913 4.069716 68.932915 4.497415 1.6138794 1.9574754 4.673385 0.07587695 0.021412782
3 5 0.44847775 -0.46632445 1.5198324 47.86508 12.019502 3.1394215 2.8696272 2.7691262 -0.024263661 -0.963831
3 5 0.26643807 -0.78171456 1.5955039 48.350525 12.117531 3.1640928 2.9252741 2.862292 -0.059829272 -1.1698526
3 5 0.15033168 -0.3951441 1.5504299 47.17685 12.062449 3.1115315 2.959745 2.7911336 -0.054717556 -0.5971268
3 5 0.101037435 -0.54575276 2.3544283 49.540524 12.052572 3.2423992 3.0059178 2.6916983 -0.038974263 -1.3214079
3 5 0.090518504 -0.5278411 1.6682498 49.353455 12.05964 3.2326334 2.8679037 2.9602463 -0.051891327 0.162162
3 5 0.08812972 -1.1106956 2.628196 46.96638 11.486316 3.1610746 2.8452084 2.9595208 0.0009268336 -0.2067405
3 5 0.08789625 -0.9947053 1.5284666 49.758938 12.164789 3.1036892 3.057004 2.7764115 -0.092627585 -0.6624485
3 5 0.087772295 -0.6351369 1.5134385 47.541332 12.120997 3.127141 2.9555187 2.8733056 -0.06669074 -0.94943625
4 5 0.0672261 -0.46632445 1.5198324 47.86508 12.019502 3.1394215 2.8696272 2.7691262 -0.024263661 -0.963831
7 3 0.37688753 -7.289116 2.1163175 18.238289 0.73301077 1.7471989 0.71089387 6.447184 0.029330386 0.009214804
7 3 0.3030347 -7.3442225 2.147851 18.373255 0.77587396 1.7701805 0.7148832 6.4938593 0.008705452 0.022743735
7 3 0.27806574 -7.19293 2.093979 17.960747 0.712823 1.7467575 0.6534249 6.492753 0.03693518 0.022210423
7 3 0.10282554 -7.40373 2.0981731 18.546932 0.7469497 1.7591813 0.7027199 6.332496 0.13412903 -0.029926587
7 3 0.09674507 -7.467685 2.1712682 18.344664 0.72743154 1.7499026 0.6955814 6.322191 0.049844414 0.0056475997
7 3 0.089345686 -7.504259 2.1696587 18.422567 0.7199539 1.7345161 0.6659611 6.4811625 0.108540036 0.17048123
7 3 0.0831525 -7.2049437 2.1030726 18.151796 0.66583157 1.8147296 0.6429199 6.2020807 0.17141482 -0.025851501
7 3 0.067323804 -7.5069866 2.1010962 18.697882 0.7963198 1.7500958 0.7238409 6.2532682 0.10827576 -0.013460026
7 3 0.0651883 -7.20544 2.106861 18.035961 0.6714918 1.7992603 0.66030943 6.1068587 0.17307761 -0.05690512
7 3 0.0638422 -7.101935 2.0366874 17.84698 0.6951211 1.7583141 0.63966346 6.4373274 0.02291535 0.09473222
7 3 0.05994318 -7.5674186 2.0548484 18.786345 0.655951 1.6893691 0.6166473 3.709847 -0.03381002 -0.09422829
8 8 0.07087515 20.227846 1.6228209 26.67452 0.39352283 0.639989 0.41572645 5.571666 -0.08641037 -0.0112916315
8 8 0.06217572 19.796438 1.5884466 26.014055 0.39577064 0.6329201 0.43892053 5.4936233 -0.0729849 -0.008147415
8 8 0.050183035 20.08005 1.5617744 26.478355 0.3967743 0.65198106 0.38302273 5.394995 -0.099948786 0.01131529
