0 5 0.4314728 -11.981894 2.5117338 26.648432 4.8452234 1.9038416 2.0219505 1.9830925 -0.03977731 -2.363949
0 5 0.25593573 -11.742474 2.4586515 26.187162 4.6691046 1.8722303 1.9640234 1.9272907 -0.09140072 -4.806688
0 5 0.16424623 -12.449162 2.4950042 27.156832 4.824229 1.8660971 2.0106895 1.9683957 -0.02237557 -2.78132
0 5 0.15338084 -12.128586 2.6306617 27.048124 4.8614287 1.900549 2.021242 1.9447247 -0.105531916 -2.6434562
0 5 0.14015155 -31.342348 3.1375942 53.296787 4.2758813 1.5186344 1.8391945 4.4687185 0.11135406 4.5525026
0 5 0.13943434 -11.822372 2.5189047 26.459259 4.798464 1.8798764 2.0008063 1.9556926 -0.12497236 -2.4522316
0 5 0.12690076 -31.505152 3.1242063 53.064835 4.3099527 1.5297774 1.8452196 4.4563875 0.036902502 4.8964047
0 5 0.10853117 -33.01097 3.1507416 54.406857 4.29022 1.5713322 1.830211 4.466508 0.086674824 4.060381
0 5 0.10757843 -4.936531 2.6463299 96.788 4.668463 1.5770869 1.9792635 1.5778245 -0.029709542 -5.9736495
0 5 0.10093924 -33.626637 3.32795 57.131596 4.60291 1.569442 1.9643776 4.593751 0.15571688 4.562451
0 5 0.088498205 -33.38667 3.3387053 57.244244 4.613597 1.5802127 1.9828995 4.6178436 0.099211626 4.854489
0 5 0.087096475 -8.756727 2.769811 91.26534 4.70175 1.5018177 1.9533674 1.9415126 -0.030145478 -5.143211
0 7 0.085950896 38.091377 0.32127327 45.03219 4.209194 1.6490893 1.8390847 5.690303 0.08554924 3.6842835
0 5 0.082856335 -11.231824 2.4121475 26.138912 4.875098 1.8858519 2.0247881 1.9538791 -0.05756014 -0.95540094
0 5 0.07801216 -34.45559 3.2054048 56.153126 4.261616 1.5922827 1.8128079 4.500516 0.0692671 3.1891778
0 5 0.075380206 -23.680065 2.108141 75.273766 4.8525863 1.7316809 2.0393426 4.469155 -0.0039038612 8.093559
0 5 0.07534274 -23.524696 2.0736847 73.82636 4.849399 1.7305206 2.0477042 4.4362836 -0.064118326 9.845385
0 5 0.0739916 -3.4011176 2.3952603 99.99919 5.1327705 1.8166318 2.0790448 1.6384667 -0.03179041 -2.7628343
0 5 0.07000554 -4.81714 2.6214209 95.782715 4.7156425 1.6067892 1.9716543 1.6098728 -0.059080876 -4.07645
0 5 0.06971691 -31.395752 3.2943525 55.19958 4.644951 1.5635934 1.9640326 4.672785 0.17765038 3.4732757
0 5 0.06891842 -32.233906 3.2172036 55.094234 4.28793 1.525514 1.840731 4.505351 0.12558712 4.8441215
0 5 0.067368105 -23.120085 1.9809676 71.715164 5.0011725 1.7855918 2.0897918 4.415741 -0.13977973 8.308743
0 5 0.067157395 -2.743869 2.1270192 106.131004 5.8834715 2.136839 2.2237296 1.62358 -0.020409862 -2.180639
0 5 0.06415715 -31.783813 3.1312077 53.976498 4.2942104 1.4955169 1.8496292 4.4661617 0.06258977 5.161875
0 5 0.06376507 5.4653525 1.5848399 72.121544 8.461947 3.3877928 2.935477 3.2085135 -0.022313936 -1.2976182
0 5 0.063734256 -4.9777107 2.650044 95.57942 4.6340294 1.5555891 1.9630898 1.57614 -0.069411404 -5.8359513
0 5 0.063433334 -12.414569 2.488854 26.669954 4.593237 1.6840163 1.9462683 1.9569752 -0.024281152 -1.1912827
0 5 0.062850855 -9.629874 2.8418052 93.15796 4.6530237 1.5496377 1.9606344 1.947711 -0.018693214 -4.38017
0 5 0.06269741 -32.129383 3.1443672 54.088577 4.3255944 1.5274864 1.8580779 4.463956 0.011787087 5.328629
0 5 0.062513605 -11.371494 2.3571506 26.718037 4.7806816 1.8719631 2.017724 1.9282461 -0.05230861 -0.9305747
0 5 0.06137855 -32.74939 3.1527781 54.099434 4.3170233 1.5701325 1.8225516 4.451481 0.04209184 5.636416
0 5 0.06061681 -33.35336 3.1764226 54.95392 4.30696 1.5779423 1.8541116 4.5119963 0.07227186 4.4652658
0 5 0.060473215 -3.547877 2.4833188 98.4267 4.996379 1.7676452 2.042366 1.6269965 0.004711913 -3.6356153
0 5 0.06025803 -24.11265 2.0886703 76.655014 5.1853037 1.7710818 2.0669878 4.433181 -0.013857091 6.161891
0 5 0.059146628 39.77369 0.31466514 46.790512 4.2127686 1.6464047 1.840117 5.6987686 0.08161141 4.087243
0 5 0.058958422 -23.33516 2.1764402 75.93628 4.7691855 1.7173232 2.016447 4.4990525 0.019425 8.123883
0 5 0.05809459 -0.5004885 2.1375294 114.6714 6.135336 2.283831 2.3281922 1.7186986 -0.037298843 -2.171864
0 5 0.05752831 -4.942818 2.6600413 97.891945 4.654473 1.5640719 1.953754 1.5196747 -0.03508296 -6.151636
0 7 0.05459418 38.455807 0.32675695 45.495228 4.244497 1.6387033 1.8489878 5.6885834 0.09766373 4.1084228
0 5 0.054579895 -35.336964 3.2577991 57.197803 4.2205057 1.5850613 1.8042121 4.447147 0.043679208 3.7319129
0 7 0.05352566 37.72923 0.31339496 44.835613 4.2476993 1.6363258 1.843413 5.671562 0.078201555 3.6528277
0 5 0.052689634 -23.35617 2.2954767 74.45358 4.8369713 1.7398468 2.0462923 4.4950857 0.013840249 7.739998
0 7 0.050980087 38.82054 0.19973904 46.404495 4.2676535 1.6574609 1.8569268 5.686485 0.07211924 2.868525
0 5 0.050283197 0.4694439 2.1994653 115.688774 6.047048 2.2516396 2.387998 1.7896129 -0.032663155 -2.4195466
0 5 0.050148547 -28.663393 3.1803777 52.570335 4.675546 1.5681087 1.9635402 4.741204 0.14403635 1.0954863
2 5 0.061584957 12.4633665 1.2169019 56.40342 12.615563 3.4772456 3.0049458 3.404493 -0.06478675 -0.2796977
3 5 0.41115412 12.4633665 1.2169019 56.40342 12.615563 3.4772456 3.0049458 3.404493 -0.06478675 -0.2796977
3 5 0.20693207 12.492918 1.3369691 55.821796 12.680215 3.5654597 2.8750706 3.3741891 2.4335459e-05 0.5797091
3 5 0.10666485 12.431644 1.9507833 55.014717 12.845996 3.3124237 3.306391 3.4685588 -0.010064829 -0.88983506
3 5 0.09704936 5.4653525 1.5848399 72.121544 8.461947 3.3877928 2.935477 3.2085135 -0.022313936 -1.2976182
3 5 0.09686159 12.004279 1.8109833 55.85393 12.816316 3.2909489 3.0422986 3.505143 -0.018541805 -0.13322574
3 5 0.08785437 11.919987 2.2456517 54.118797 12.743254 3.3777645 3.2491732 3.5202594 0.03594178 -0.36549872
3 5 0.07785032 12.236927 1.3071582 52.25218 13.192837 3.3253083 3.2387118 3.5016048 -0.03403943 -0.13082547
3 5 0.07604909 12.532255 1.4137595 53.6378 12.697831 3.160864 3.1860485 3.5529616 -0.05127511 -0.21645677
3 5 0.06884539 5.997979 1.5854349 72.579346 7.8237143 3.1821842 2.8597574 3.284123 -0.042123035 -1.3998789
3 5 0.06808238 10.627973 2.8123784 52.88247 11.693613 3.249808 2.934456 3.4883924 0.059591502 0.020662885
3 5 0.06673793 12.4065075 1.1786842 55.429474 12.565016 3.4040403 3.0543885 3.4060862 -0.038824175 0.4537427
3 5 0.0657405 12.848932 1.7638011 55.661068 13.024911 3.3833456 3.316897 3.448278 0.009361461 -0.42596537
3 5 0.0629383 5.4223323 1.5396576 71.69622 8.525856 3.500726 2.9794858 3.192984 0.0019775052 -0.57502985
3 5 0.056864906 -16.284048 0.15226483 58.641384 11.074174 4.5239577 2.6418931 1.0737432 0.09178335 -1.3430432
3 5 0.05653092 4.980111 1.639596 72.43403 8.296823 3.5008454 3.0379577 2.8460016 -0.033393394 -1.053185
3 5 0.054195378 -16.362911 0.24136639 60.127197 11.0113125 4.5507593 2.7140198 1.136456 0.054467052 0.52925307
3 5 0.051460713 5.3652387 1.2708349 72.85039 8.115178 3.138246 2.9039376 2.8286905 -0.03478553 -1.8125539
3 5 0.051139258 11.480619 1.6285431 51.281937 12.412594 3.2628207 3.4203503 3.530657 0.021789605 -0.0481814
3 5 0.050734684 10.648405 0.9081841 48.415077 12.766583 3.476134 3.0030723 3.334674 0.01776821 0.13187766
4 5 0.071655154 12.4633665 1.2169019 56.40342 12.615563 3.4772456 3.0049458 3.404493 -0.06478675 -0.2796977
7 3 0.29608595 -7.3622055 2.0686774 18.621572 0.7006943 1.750117 0.67591494 1.5835291 -0.13326985 -0.003016537
7 3 0.15903628 -7.422527 2.0334983 18.724247 0.70095056 1.7306447 0.64713657 1.6159768 -0.17600696 0.0440163
7 3 0.116897166 -7.942181 2.156805 19.98105 0.7111126 1.7292473 0.65201086 0.8304581 -0.25576064 -0.1883961
7 3 0.10624339 -7.2661457 2.0307639 18.436127 0.7055748 1.7475768 0.651308 1.6396979 -0.07079569 0.011805516
7 3 0.09657513 -7.7181973 2.19214 19.468086 0.67454946 1.7086401 0.63101 0.8999196 -0.25368452 -0.23032546
7 3 0.089708894 -7.6313424 2.105979 19.227587 0.6761429 1.7992158 0.6420584 1.5465785 -0.06782944 0.0084600635
7 3 0.08819362 -7.5537343 2.0672433 18.988754 0.7112724 1.7591423 0.65276206 1.6809282 -0.06953528 0.053098083
7 3 0.07540484 -7.7778015 2.1185827 19.571756 0.664474 1.6976585 0.6256806 0.8688895 -0.17123055 -0.12748389
7 3 0.07159245 -7.203411 2.057763 18.257288 0.67305845 1.7885375 0.61224407 1.6959168 -0.106392175 -0.03032657
7 3 0.058002166 -7.6481214 2.165641 19.27601 0.6505583 1.6727496 0.6251752 1.0110961 -0.16852294 -0.18022436
7 3 0.05661161 -7.494323 2.0638921 18.94243 0.6665073 1.7808222 0.6283897 1.5730468 -0.17143163 -0.0009819232
8 8 0.08020183 19.87395 1.5930116 26.216204 0.47151905 0.6332586 0.4376766 5.526155 -0.08651441 0.004493803
8 8 0.076160505 20.060532 1.6511799 26.460539 0.45261663 0.6197632 0.45757076 5.5953317 -0.08076886 -0.008406991
8 8 0.06831703 19.679375 1.574209 25.899948 0.48220068 0.6138922 0.4528735 5.4421725 -0.047345396 0.007594852
