0 5 0.4046518 -5.2988844 2.1849127 39.59883 4.7787786 1.7857339 1.9956521 2.2220454 -0.06836629 -7.8817186
0 6 0.40279043 -13.624108 2.390668 16.558767 4.5480967 1.605048 1.8888084 2.1959412 -0.12574627 -0.03130733
0 5 0.23442939 -5.387352 2.2180538 40.15044 4.816567 1.7915007 2.0150862 2.237178 -0.063093804 -5.302609
0 6 0.22595848 -13.2145815 2.303462 16.178852 4.5865607 1.6047933 1.9114587 2.242109 -0.13357227 -0.066457525
0 5 0.14914593 -5.2592 2.2133377 39.27066 4.814726 1.792654 1.9874266 2.2173212 -0.08577682 -7.593632
0 6 0.1419005 -13.332533 2.3522382 16.412437 4.5768294 1.6031834 1.907138 2.2232497 -0.060984798 -0.012682523
0 5 0.11089563 -2.6198375 2.0756872 94.82521 6.6712494 2.4165604 2.3679116 1.5636878 -0.051126175 -2.951741
0 6 0.097515605 -13.103866 2.3010473 15.984528 4.57192 1.5891755 1.9110502 2.2585106 -0.06984872 -0.017002663
0 5 0.080502175 0.10653108 2.1773171 100.41236 5.013671 1.7725886 2.0674868 1.8436961 -0.019911615 -5.130741
0 7 0.08017708 36.931297 0.13171852 44.68147 4.2438993 1.6717268 1.8485694 5.673832 -0.0038605006 4.4378104
0 5 0.07974158 18.646702 1.6865935 58.65433 6.7913547 2.7074 2.540215 6.549606 0.059588395 0.05969607
0 5 0.07385459 -4.214408 2.443231 91.284706 4.686235 1.7425295 1.9825433 1.6460841 -0.05725503 -5.595576
0 5 0.0726831 -5.845915 2.2276235 44.92745 5.015803 1.871021 2.0279608 2.3074815 -0.083751254 -3.263808
0 5 0.07114494 -5.912772 2.375029 45.656982 4.979059 1.8343283 2.0493252 2.3378196 -0.057096526 -3.1669261
0 5 0.07029674 -2.4052916 1.9584873 95.433815 6.381365 2.3122032 2.2991085 1.5982914 -0.026206128 -3.268825
0 5 0.07020051 -6.040112 2.4311767 43.881744 4.8606977 1.7568909 1.981092 2.2912734 -0.018558742 -1.5633768
0 5 0.06755388 -1.0415658 1.9971883 98.48383 5.2821198 1.9009305 2.119209 1.7252432 -0.04206606 -4.530926
0 5 0.067488804 -6.153566 2.6219604 45.134552 4.995805 1.8090056 2.0383492 2.2320414 -0.0058982456 -2.3660798
0 5 0.06664565 -3.135808 2.2979867 92.67851 4.7744164 1.8060764 2.0037694 1.6151059 -0.07576213 -5.18524
0 5 0.06535347 -6.2255464 2.3249707 44.692337 4.958733 1.8350221 2.0509472 2.3025427 -0.06943231 -2.1678188
0 5 0.06306877 -2.8142977 2.151503 92.47435 4.867127 1.8166988 2.0320048 1.5516236 -0.09315023 -4.7626286
0 6 0.062326897 -13.441215 2.356981 17.003073 4.5490355 1.625196 1.9190243 2.2739666 -0.06583155 -0.05995402
0 7 0.0621282 37.343376 0.117118955 45.16597 4.271198 1.7029197 1.8796327 5.65856 -0.01950832 4.4402046
0 5 0.061093464 19.182226 1.8210992 60.562035 6.7647514 2.6497872 2.4993145 6.482895 -0.00023620762 -0.017565021
0 6 0.05978681 -12.142772 2.3439345 14.451384 4.5515385 1.5756309 1.894219 2.249653 -0.03503773 -0.036388077
0 5 0.056630902 -2.669183 2.1005487 93.93375 5.608967 2.069776 2.1941729 1.5475568 -0.060900554 -3.913918
0 5 0.056456417 20.175106 0.88523084 48.4175 11.950295 2.9652054 2.8240044 3.7150748 -0.025143698 -0.03424035
0 5 0.055876266 -4.219682 2.419648 90.7865 4.6739388 1.7181908 1.9973154 1.6328725 -0.083216 -5.517774
0 5 0.05581534 0.8910071 2.2690363 101.667564 4.8417826 1.7515773 2.0431006 1.8235577 -0.009564894 -4.2545967
0 6 0.054545183 -12.049097 2.1891809 14.216367 4.5729904 1.5935864 1.879462 2.2534783 -0.031927247 -0.017737506
0 5 0.05341224 -22.75419 2.3558896 73.39001 4.6091533 1.7487253 1.9361544 4.5801687 0.06503746 4.190524
0 6 0.051094122 -12.213857 2.39361 14.99715 4.3992014 1.5289735 1.8659085 2.2603369 -0.076299496 -0.023694944
0 7 0.050754458 38.03993 0.05887586 46.061592 4.249163 1.6696658 1.850896 5.692579 0.004158113 3.6044893
0 5 0.050380975 -2.6222782 2.0093737 94.81671 8.283603 2.8664932 2.643044 1.5738002 -0.05744803 -3.1631515
1 5 0.09402432 -2.6198375 2.0756872 94.82521 6.6712494 2.4165604 2.3679116 1.5636878 -0.051126175 -2.951741
1 5 0.07288568 -2.4052916 1.9584873 95.433815 6.381365 2.3122032 2.2991085 1.5982914 -0.026206128 -3.268825
1 5 0.05277096 -2.6222782 2.0093737 94.81671 8.283603 2.8664932 2.643044 1.5738002 -0.05744803 -3.1631515
3 5 0.55021286 20.175106 0.88523084 48.4175 11.950295 2.9652054 2.8240044 3.7150748 -0.025143698 -0.03424035
3 5 0.32342073 20.668991 0.98465616 49.721237 11.921295 3.0407734 2.8243396 3.6551142 -0.026452355 -0.28891793
3 5 0.24871412 20.575274 1.050257 49.576565 11.999519 3.0842338 2.8013043 3.76087 -0.10634503 -0.02893964
3 5 0.21789308 20.915058 0.97561765 50.349453 11.675841 3.0462923 2.7971294 3.7242107 -0.019207455 -0.024716996
3 5 0.11892297 20.259548 1.1522261 49.59408 12.019729 3.0817554 2.8293269 3.6280482 -0.07324804 0.07842899
3 5 0.08995033 -2.6198375 2.0756872 94.82521 6.6712494 2.4165604 2.3679116 1.5636878 -0.051126175 -2.951741
3 5 0.08758923 21.309069 2.017475 51.16676 12.345432 3.1408112 2.9081326 4.055875 0.050118946 -0.4473712
3 5 0.085368566 21.693111 0.9984833 52.878437 11.9047985 2.979421 2.9469845 3.9145803 -0.07340378 -0.25307393
3 5 0.081362754 21.356106 1.9684434 51.390797 11.545274 3.0759082 2.8663774 3.8017712 0.015125928 -0.7469101
3 5 0.08120106 -2.4052916 1.9584873 95.433815 6.381365 2.3122032 2.2991085 1.5982914 -0.026206128 -3.268825
3 5 0.07464251 -2.6222782 2.0093737 94.81671 8.283603 2.8664932 2.643044 1.5738002 -0.05744803 -3.1631515
3 5 0.06850912 21.824463 1.3047972 52.00564 12.01768 2.8842995 2.948968 4.0541887 -0.049906686 -0.20167923
3 5 0.061724205 -1.0415658 1.9971883 98.48383 5.2821198 1.9009305 2.119209 1.7252432 -0.04206606 -4.530926
3 5 0.060416076 19.92273 0.75205755 48.306767 12.02225 3.148472 2.9466963 3.6118438 0.013910206 -0.026906958
3 5 0.058606118 -2.3540637 1.9253691 93.869804 7.599782 2.6706798 2.541931 1.6194316 -0.037200745 -2.5359662
3 5 0.057116475 18.406616 0.7811041 44.900475 12.059738 3.0128074 2.98208 3.5325294 0.010534216 -0.024434974
7 3 0.38798395 -7.1128945 2.0564651 18.570635 0.7920665 1.7959306 0.74136657 6.617135 -0.020309867 0.035834953
7 3 0.19763748 -7.174631 2.0487921 18.713362 0.77787364 1.7767954 0.6865784 6.579271 0.12566946 0.19966882
7 3 0.17511074 -7.2792406 2.105846 18.767685 0.78400856 1.7924256 0.73817873 6.4871 0.025427518 0.012009792
7 3 0.17019756 -7.001904 2.0145273 18.288914 0.72226024 1.7733302 0.6459066 6.406372 0.039138272 0.06571213
7 3 0.12904842 -7.4407487 2.114997 19.169271 0.72544104 1.7665929 0.6680136 6.491605 0.15226163 0.2726665
7 3 0.12805548 -7.059956 2.0039392 18.473082 0.78675926 1.7900615 0.7158896 6.5790834 0.13997573 0.01542972
7 3 0.122123815 -7.636687 2.0897417 19.756105 0.65263623 1.7138476 0.62107515 3.860032 -0.10654743 0.00724208
7 3 0.092339136 -7.4313536 2.070732 19.209684 0.694628 1.7087152 0.63314843 3.763764 -0.12441225 0.007183071
7 3 0.060792685 -7.744668 2.1572719 20.12956 0.63742036 1.8250645 0.6315634 6.4871163 0.08292428 -0.063036025
7 3 0.060305323 -8.612162 2.1272547 22.335962 0.8803617 1.7390456 0.66681075 4.0357447 -0.10041975 0.29549214
7 3 0.05579262 -7.6736636 2.137002 19.93651 0.58744836 1.7908956 0.6277875 6.440137 0.11209569 -0.06090526
