0 5 0.092076525 39.36488 0.24076384 46.373177 4.1958575 1.676188 1.8365037 5.7848744 0.06618157 5.02074
0 5 0.087321766 40.219536 -0.005109489 47.73161 4.626571 1.6557603 1.9674386 5.8629737 0.0130092 2.028602
0 5 0.08583584 -49.68116 3.5814373 66.93111 4.620579 1.6727091 1.968905 4.951255 0.035032123 0.71344465
0 5 0.08485104 41.148247 0.15564013 48.698616 4.5659704 1.6651018 1.9628466 5.8496275 0.022568816 2.1457424
0 5 0.08047422 41.79731 0.13966656 48.625538 4.5600452 1.6622508 1.9273789 5.8813124 0.03893219 4.068258
0 5 0.08029757 -49.467216 3.6087496 66.58261 4.549541 1.6427158 1.963921 4.982744 0.043830447 1.209445
0 5 0.07840072 40.778694 0.0015805364 47.630596 4.589759 1.6442693 1.9358722 5.870429 0.05774293 4.0646777
0 5 0.06977242 40.36844 0.21431345 47.212574 4.210799 1.6717854 1.8353366 5.8107686 0.023399366 3.9835076
0 5 0.068523236 42.365795 0.17882091 50.79715 4.5426364 1.6516593 1.9439315 5.8646674 0.08175307 2.884743
0 5 0.066790745 42.10583 0.21540308 49.62544 4.5639243 1.6667291 1.9616833 5.8670063 0.04835292 3.301967
0 5 0.066264875 -50.712257 3.5617485 67.473335 4.316335 1.604756 1.8947316 4.6953278 0.105850644 3.0304172
0 5 0.059586808 -49.027893 3.5153956 69.153496 5.7505503 2.0941637 2.1940894 4.923111 0.028315986 0.0058335345
0 5 0.057105515 -50.98446 3.6053886 67.569145 4.3307214 1.6142573 1.901359 4.645076 0.08094769 3.700309
0 5 0.056440607 40.707615 0.22345477 47.857162 4.2371225 1.6879697 1.848749 5.7757616 0.008483836 5.3731265
0 5 0.056429073 41.367424 0.13701075 48.626022 4.588202 1.6495266 1.9660674 5.8722677 -0.01438466 3.2996662
0 5 0.0556124 -50.10239 3.638829 67.54969 4.4743814 1.6175674 1.9442198 4.9944243 -0.006663316 2.0335612
0 5 0.054563217 42.61121 0.11881232 52.4033 4.5519056 1.6228609 1.93773 5.93008 0.046886012 1.5388656
0 5 0.051576 41.60434 0.156829 49.862396 4.541617 1.6344901 1.946552 5.854869 0.034366086 3.5608516
3 5 0.40588972 -2.6575696 1.6172078 46.80659 12.10065 3.258965 2.9213655 3.240832 0.019176101 -2.190161
3 5 0.26113582 -2.7907822 1.6711413 47.34072 12.074883 3.2757134 2.9495168 3.1973891 -0.040770944 -3.463922
3 5 0.14977804 -2.404211 1.6229655 46.300472 12.0830555 3.1936195 2.9907248 3.1858032 -0.06367608 -0.6499265
3 5 0.102655835 21.100367 1.5785279 119.312645 12.965739 3.152751 3.0785518 4.8254776 0.045625843 3.3639467
3 5 0.09665809 -2.590329 1.6173916 46.702145 12.174588 3.233944 2.9637513 3.1193285 -0.05312936 -1.8012762
3 5 0.08934151 21.325062 1.5194764 120.91921 12.829052 3.0365407 3.0949802 4.8173175 0.021793066 5.4578395
3 5 0.075386725 -2.5394711 1.7664657 48.217094 11.956092 3.4144392 2.9065597 3.228509 -0.016806941 -0.64633733
3 5 0.0737506 -2.6988933 2.6607692 49.759438 11.771342 3.465124 3.0108 2.7721224 -0.012732018 -1.7356609
3 5 0.069547035 -2.6891139 1.9864589 51.50838 11.849978 3.358039 2.9725852 3.3208337 -0.030555893 -0.24583736
3 5 0.067792915 -2.7002053 1.5620394 47.14514 12.330356 3.3228855 2.9941754 3.0703957 -0.040038124 -2.2074645
3 5 0.060115676 20.909859 1.584523 118.250374 12.69077 3.2022913 3.028382 4.871028 0.0237726 4.9358544
3 5 0.05963584 -2.8383064 1.696901 46.69733 12.29576 3.5718942 3.020977 2.9099538 -0.035678104 -2.5189366
3 5 0.05959301 -1.7052798 2.564276 50.368702 11.714979 3.3442495 2.9291222 2.8288236 -0.04398885 -1.2974633
3 5 0.056778442 -3.2161725 3.0490239 49.468147 11.276718 3.322529 2.8532987 3.306959 -0.014936091 -0.12613261
3 5 0.053789 -2.3359885 1.8396604 48.188797 11.653944 3.37131 3.063882 2.8753788 -0.09586452 -0.48493895
3 5 0.053217895 -49.027893 3.5153956 69.153496 5.7505503 2.0941637 2.1940894 4.923111 0.028315986 0.0058335345
3 5 0.052915573 19.920963 1.443387 116.494934 12.398063 2.9383583 3.0474014 4.810209 -0.096272066 5.3790393
3 5 0.05058473 -13.446981 2.1020122 61.447998 11.485897 3.3676028 2.915285 1.3508621 -0.0023673605 -0.36940724
3 5 0.050427303 -13.612869 2.1305714 61.019012 11.557612 3.4920647 2.8562512 1.3515925 0.013191331 -0.8406087
3 5 0.05022419 21.178114 1.7934425 120.59733 11.697464 3.4198318 2.9572592 5.6207275 0.05123107 2.9887185
4 5 0.058126517 -2.6575696 1.6172078 46.80659 12.10065 3.258965 2.9213655 3.240832 0.019176101 -2.190161
7 3 0.3847841 -7.2395124 2.1063352 18.129705 0.6912642 1.7423136 0.6740884 6.531892 0.036991805 0.0266359
7 3 0.31236887 -7.285522 2.128793 18.25553 0.7240922 1.7507226 0.6686083 6.5582037 0.024783408 0.034460083
7 3 0.2783701 -7.197879 2.0960898 17.98671 0.68856394 1.7418709 0.6268097 6.5705237 0.027107714 0.027181666
7 3 0.095224924 -7.4477806 2.105615 18.6449 0.7255707 1.7393271 0.6747566 6.4083743 0.12998162 -0.0150930965
7 3 0.087342806 -7.4885793 2.1676633 18.420437 0.68497306 1.72582 0.64596456 6.386427 0.04168032 0.0116017945
7 3 0.07911616 -7.308998 2.0938778 18.411049 0.6792284 1.751488 0.6455827 6.6112185 0.118786536 0.04161138
7 3 0.07711574 -7.139283 2.1077514 18.07898 0.6295156 1.8290894 0.6107626 6.2113285 0.18100488 -0.034589462
7 3 0.07182859 -7.1244636 2.0429952 17.904648 0.66469955 1.7501864 0.60675687 6.5591044 0.009802368 0.10507315
7 3 0.065668486 -7.5620313 2.031993 18.765154 0.5708205 1.6563213 0.5684199 3.693535 -0.07549262 0.063308306
7 3 0.064104855 -7.5346107 2.1122868 18.841505 0.75848645 1.7442867 0.6838955 6.3700747 0.13100968 -0.00016783737
7 3 0.06302167 -7.4597073 2.0337687 18.534678 0.58886904 1.6698364 0.57482064 3.732923 -0.06382516 -0.02324665
7 3 0.061727013 -7.032897 2.0806117 17.599966 0.6741684 1.7894514 0.65477157 6.1820745 0.1497519 -0.055559263
8 8 0.07752817 20.182188 1.6228366 26.580828 0.4007874 0.6248175 0.42228383 5.4816065 -0.09359644 -0.0074670017
8 8 0.0699955 19.903671 1.5962356 26.141079 0.40167037 0.6165526 0.44919905 5.4122725 -0.07341192 -0.009238542
8 8 0.056141317 19.964037 1.5527213 26.240818 0.41485932 0.6244507 0.41774547 5.263206 -0.057136275 0.006247418
