0 5 0.4301297 12.73089 2.0156708 57.434376 5.3839498 1.9146568 2.13495 2.8324075 -0.04310154 -2.8046296
0 5 0.41437536 -6.8834105 2.3152997 37.279213 4.676396 1.6085445 1.9541751 2.248696 -0.025047 -4.402052
0 5 0.34549397 12.9397745 1.9951832 57.989956 5.5690074 1.9924312 2.187693 2.8217938 -0.04685601 -3.5515985
0 5 0.1996962 -7.0110974 2.2959075 37.705692 4.6567335 1.5788975 1.946256 2.244946 -0.06411544 -6.59166
0 5 0.18795833 13.043592 2.0823658 58.43405 5.5370026 1.9826857 2.2005517 2.8139415 -0.06750043 -4.291948
0 5 0.17338079 13.015814 2.048961 58.94891 5.469134 1.8855845 2.201955 2.857222 -0.036971033 -2.8523808
0 5 0.17182542 -7.327801 2.229239 39.29474 4.7413216 1.5812896 1.9522918 2.2820692 -0.07721988 -3.208266
0 5 0.16286264 -3.833109 2.4831228 95.16054 4.7390776 1.591536 1.9927564 1.738976 -0.031477164 -1.9940157
0 5 0.139317 13.418885 1.9765533 60.186172 5.609223 1.94641 2.240433 2.8686585 -0.003925885 -2.908021
0 5 0.12657003 -13.221598 2.4338372 53.611717 4.5012717 1.6827573 1.9360633 4.3709607 0.109520786 5.0810156
0 5 0.12201332 -13.49291 2.41789 53.57221 4.52038 1.677918 1.9280456 4.373124 0.107184336 4.173103
0 5 0.11986578 -7.5234666 2.3181396 39.72015 4.788408 1.5931125 1.956745 2.2752106 -0.053700864 -2.5296316
0 5 0.11180466 -6.8075414 2.289084 36.9171 4.6363974 1.608563 1.9433043 2.196482 -0.055584326 -5.8171945
0 5 0.11137804 -13.722546 2.5996716 51.554752 4.767725 1.7136708 1.9890981 1.0922039 -0.027910452 2.364171
0 5 0.10925184 -3.4782462 2.4475615 95.32963 4.8419347 1.6722525 2.0184436 1.7737916 0.0063238107 -1.7248634
0 5 0.10915199 -3.4219642 2.4872167 94.91609 4.857242 1.6820854 2.0078866 1.7993873 -0.038679883 -0.8510604
0 5 0.10444976 -3.848096 2.4858346 93.669044 4.7234406 1.5925962 1.9884975 1.7924647 -0.06222041 -1.8097444
0 5 0.10374774 -3.8517163 2.5305417 96.00394 4.7040424 1.57294 1.971885 1.6853626 -0.044166125 -2.3328605
0 5 0.10373945 -7.21153 2.3349187 38.735596 4.6529827 1.6018858 1.9028174 2.234237 -0.029828837 -1.7940041
0 5 0.09846677 38.12215 1.6712753 47.609135 12.227848 3.1798332 2.8409824 6.128099 0.06092333 3.8077812
0 5 0.09530688 31.968737 1.7389926 42.087944 5.0948052 1.8953149 2.0681653 6.1132836 0.19186871 5.068256
0 5 0.08757288 -7.273744 2.2531197 38.932114 4.6425557 1.5889348 1.9256762 2.2994325 -0.08777799 -2.9363353
0 5 0.08698563 -13.170271 2.4836974 54.826347 4.493866 1.6798296 1.9429915 4.5145693 0.08320712 4.6780167
0 5 0.08196089 15.919108 2.439291 70.65095 5.529166 2.2147741 2.2357302 2.858318 -0.036098763 -0.8385131
0 5 0.081856325 0.7158791 2.61956 115.335594 4.7887216 1.6358681 2.0215323 1.8685142 0.086383216 1.0087445
0 5 0.08073235 -7.6884246 2.475004 91.444855 4.6214094 1.4799595 1.905515 1.4735806 -0.044213112 -2.7330656
0 5 0.07895359 -13.757228 2.4682808 54.737534 4.4866805 1.6514468 1.9129721 4.336819 0.043566056 4.360304
0 5 0.07862905 -2.422721 2.2729127 97.69664 4.925486 1.690994 2.0456104 1.8285136 -0.03148907 -1.3166934
0 5 0.076403596 -13.047308 2.6139786 51.42502 4.824726 1.7469672 1.9926391 1.1474133 0.019215817 1.7167304
0 5 0.075859696 31.763206 1.7056272 42.235367 5.310817 1.9733266 2.1095433 5.918806 0.18434048 4.727238
0 5 0.07465492 -14.734774 2.4395952 56.54455 4.5434785 1.6669664 1.9191602 4.3718686 0.097931616 5.6537337
0 5 0.07192651 0.7854277 2.5876954 118.32901 4.8123217 1.6387534 2.0227532 5.0401936 0.016072808 1.7924298
0 5 0.071903914 39.525707 1.7332509 49.433628 12.753 3.2238445 2.8937778 6.1143126 0.021702794 3.1355848
0 5 0.07102287 -14.343769 2.7986631 51.328247 4.7120285 1.7486205 1.9975694 0.95731235 -0.007587823 -1.0693294
0 5 0.06896266 -13.956904 2.6438136 52.377445 4.7843504 1.720326 1.9942433 1.1063497 -0.011918122 0.7118622
0 5 0.06741304 -13.654942 2.5775619 52.94046 4.636844 1.6776937 1.9501829 1.6160965 -0.010734103 1.4387406
0 5 0.06715197 -0.26105663 2.383062 110.306496 4.843633 1.6779754 2.0331874 1.8693688 -0.004010954 -0.8469941
0 5 0.0647538 -39.069313 3.5166547 46.465828 4.5715733 1.6660577 1.9275608 3.5302017 -0.031853784 1.3662498
0 5 0.06395176 -18.573061 2.4606762 66.44252 4.594332 1.7553234 1.9288349 4.42412 0.032691702 9.808922
0 5 0.062452685 -6.947018 2.139958 39.720814 4.817153 1.5815666 1.9567028 2.3159583 -0.05259981 -2.3109193
0 5 0.06204503 13.350148 2.0747585 61.326054 5.7626843 2.1415322 2.2749584 2.8002179 0.039707854 -0.78969485
0 5 0.061984755 12.755332 2.0377731 56.996468 5.422454 1.9317491 2.1548634 2.9239678 -0.005180316 -3.1688106
0 5 0.061764136 -7.7954926 2.506096 94.232216 4.639029 1.4877844 1.9265374 1.4429342 -0.017435497 -2.3580067
0 5 0.061542936 -16.101181 2.4820778 60.753014 4.518385 1.6739616 1.914839 4.340901 0.047200784 7.3935766
0 5 0.05924955 -13.073334 2.4970248 54.37898 4.469954 1.6875287 1.9336292 4.4237037 0.044511735 3.542792
0 5 0.05909984 0.8249159 2.6046765 119.16817 4.790244 1.6194903 2.0246036 4.9941297 0.0899198 2.6344795
0 5 0.05878281 0.8033879 2.6260924 114.68923 4.762774 1.6116629 2.020822 4.9641047 0.11540262 1.7742492
0 5 0.05870639 32.672123 1.7585565 42.244312 4.924839 1.8179853 2.0272117 6.253797 0.0684732 4.5925264
0 5 0.058666535 -13.155871 2.4392843 53.222427 4.513428 1.6889999 1.9354417 4.4408717 0.081375465 6.0886717
0 5 0.058223296 -4.758035 2.5412164 97.246315 4.6739902 1.5200596 1.9510783 1.4843521 -0.032182362 -2.6381555
0 5 0.057510104 -18.218788 2.451949 65.29339 4.572567 1.746554 1.9275529 4.374739 0.04935439 9.45199
0 5 0.056490246 -13.817086 2.5666673 53.252537 4.7297945 1.6944977 1.9732642 1.5355886 -0.0038344143 0.574276
0 5 0.05499737 -3.853273 2.5010047 96.60035 4.7798505 1.6150606 2.0074596 1.7727787 -0.016271092 -2.1026525
0 5 0.05490848 -18.042131 2.4033296 64.45728 4.603871 1.7472084 1.9261627 4.400091 0.061309136 10.285052
0 5 0.054199714 -6.883034 2.3307755 39.98162 4.8104787 1.5975801 1.9725469 2.3187659 -0.03919271 -2.173058
0 5 0.053347167 -17.401352 2.3959422 62.66554 4.56842 1.715266 1.9254833 4.3719254 0.100203894 8.765774
0 5 0.053104497 -9.778141 2.9290507 75.200615 4.493643 1.5353433 1.8794363 1.6034031 -0.005523757 -1.643361
0 5 0.05287524 -12.887093 2.5693479 55.940876 4.4709845 1.6478642 1.9292165 4.69269 0.122105815 2.2260883
0 5 0.05262009 -7.7885256 2.4900587 89.57448 4.563438 1.4908402 1.8912045 1.4417539 -0.052632116 -3.101363
0 5 0.051834755 -2.5022902 2.344843 98.70235 4.972181 1.7279663 2.0513613 1.8179657 -0.029024627 -1.6800575
0 5 0.050949287 -0.04403245 2.4156363 112.4718 4.880575 1.6494383 2.0216131 1.8826665 -0.021167645 -1.0861704
0 5 0.050035592 15.774858 2.3164253 72.09424 5.594574 2.1130996 2.184465 3.009269 -0.03556998 -0.008113834
1 5 0.11156939 17.524187 2.102306 110.03973 9.452612 2.924377 2.8438783 4.775853 -0.00785979 4.355102
1 5 0.101681985 17.72923 2.1591291 110.93171 10.730457 3.0937457 2.9175708 4.715719 -0.012059936 3.213877
1 5 0.0862255 38.12215 1.6712753 47.609135 12.227848 3.1798332 2.8409824 6.128099 0.06092333 3.8077812
1 5 0.06744777 39.525707 1.7332509 49.433628 12.753 3.2238445 2.8937778 6.1143126 0.021702794 3.1355848
1 5 0.06275273 16.856281 2.2139773 106.52359 8.357264 2.7632694 2.6229532 4.7768097 0.026916632 3.4403136
1 5 0.051515546 17.083235 2.1583288 107.686935 9.683205 2.9647331 2.7305317 4.745414 0.030269234 3.133693
2 5 0.054644566 38.12215 1.6712753 47.609135 12.227848 3.1798332 2.8409824 6.128099 0.06092333 3.8077812
3 5 0.2759609 39.525707 1.7332509 49.433628 12.753 3.2238445 2.8937778 6.1143126 0.021702794 3.1355848
3 5 0.2320704 38.12215 1.6712753 47.609135 12.227848 3.1798332 2.8409824 6.128099 0.06092333 3.8077812
3 5 0.18708605 43.044765 2.2133431 52.33846 12.82415 3.5281463 3.4841626 5.834429 0.14301392 2.9039412
3 5 0.14949457 40.133568 1.2109809 58.927467 11.781195 3.0905194 2.9058695 5.1189766 -0.0035380023 3.8351777
3 5 0.13160828 38.336643 1.9222077 49.026043 12.300049 3.190014 2.8764324 6.056947 -0.08015323 2.2787812
3 5 0.12825659 38.11884 1.6681628 48.167755 12.199489 3.2166965 2.859616 6.0499144 -0.019048339 2.119234
3 5 0.12123901 40.577576 1.08422 48.809227 12.772081 3.533884 3.4506881 6.101029 0.03138101 1.3392925
3 5 0.10899703 38.860428 1.7040552 48.575516 12.292937 3.2073839 2.8335867 6.138601 0.07477914 4.646138
3 5 0.09661435 40.199715 1.7883132 50.433132 12.871199 3.1932826 2.8395913 6.0168343 0.02690105 3.3875394
3 5 0.094846606 31.763206 1.7056272 42.235367 5.310817 1.9733266 2.1095433 5.918806 0.18434048 4.727238
3 5 0.0915323 39.614902 1.2092264 58.188084 11.623506 3.187712 2.8899612 5.1000805 -0.07764472 4.505578
3 5 0.089035906 37.14064 1.7836924 47.897263 11.718737 3.235693 2.851025 6.020155 -0.053698644 2.5799227
3 5 0.08712922 17.72923 2.1591291 110.93171 10.730457 3.0937457 2.9175708 4.715719 -0.012059936 3.213877
3 5 0.08581383 37.49469 1.5022675 47.719677 11.67673 3.1689913 2.7988048 6.196786 -0.030954462 2.4873912
3 5 0.083411135 31.968737 1.7389926 42.087944 5.0948052 1.8953149 2.0681653 6.1132836 0.19186871 5.068256
3 5 0.07921168 36.853226 1.451911 44.583557 10.106589 2.8087482 2.5960374 6.377546 -0.013109661 2.5896091
3 5 0.07752884 40.792828 1.2388932 59.81022 12.035036 3.1192608 2.921075 5.1111774 0.04928328 5.318385
3 5 0.074538484 17.524187 2.102306 110.03973 9.452612 2.924377 2.8438783 4.775853 -0.00785979 4.355102
3 5 0.07162749 32.941647 1.5234936 46.248363 7.824733 2.4143884 2.490317 5.414496 0.08940187 4.8795886
3 5 0.0684029 39.138023 1.7599342 50.103703 12.523097 3.1648853 2.844091 5.9769683 -0.040050894 2.875972
3 5 0.066608734 41.372665 2.7552423 50.408768 12.82957 3.6040347 4.009558 5.757987 0.10931093 2.1486714
3 5 0.06284801 36.547813 1.4610877 51.211765 7.799062 2.5708485 2.4815993 5.4705424 0.08873371 4.72726
3 5 0.058226753 40.649853 1.1405524 60.238285 11.645675 3.0679677 2.8748755 5.0480022 0.002857361 4.6146703
3 5 0.05753268 29.303871 1.6498291 38.72134 5.11012 1.8370191 2.0628593 5.827036 0.19150649 5.0590386
3 5 0.05453531 39.902622 1.1814644 59.15545 11.146419 3.133448 2.833638 5.0337467 -0.053090498 4.298635
5 0 0.10465238 7.69317 1.5710855 8.563278 1.47769 1.1178805 0.43902868 4.1286364 0.0016544424 0.021755025
5 0 0.103148565 7.2949147 1.4905734 8.092242 1.5424296 1.1381358 0.45669246 3.9721236 0.0074663013 0.015977964
5 0 0.078722656 9.271486 1.6826708 10.43808 1.7394574 1.1735073 0.5124727 3.6873798 -0.027563337 0.02659072
5 0 0.06325668 7.0831723 1.5126855 8.122828 1.383704 1.0444664 0.47437906 7.1223984 0.035295844 0.79474956
5 0 0.056731757 9.875689 1.7038872 11.071063 1.78369 1.1745069 0.54057914 3.7110476 -0.05841662 -0.009313046
6 0 0.052154414 -28.103638 2.601842 58.240993 1.3275752 1.7134047 0.5513913 4.7456107 0.10562169 1.0879794
6 0 0.051732883 -28.410034 2.5888867 59.00653 1.6217767 1.6946605 0.5435495 4.8816147 0.1626309 0.9161469
7 2 0.25287813 -7.5917754 2.0976768 21.497007 0.7493675 1.7449039 0.69181556 3.0666971 0.042635866 -0.061085775
7 3 0.21491963 -7.477209 2.121001 21.2553 0.7730666 1.7631704 0.66269404 3.0466564 0.012966707 -0.08344676
7 3 0.2117055 -7.5927954 2.132855 21.397842 0.7164795 1.7383705 0.6178997 3.1048183 0.043054387 -0.0049483795
7 3 0.18425477 -7.8748474 2.1381996 22.31883 0.7527149 1.7470926 0.66784114 6.502013 -0.034092642 -0.04697372
7 3 0.16449112 -7.3577137 2.1086907 20.86763 0.7361039 1.7432296 0.62535036 6.5226007 -0.058979474 -0.06676346
7 2 0.15788583 -7.677768 2.1380615 21.678957 0.7327709 1.7823789 0.66057974 6.283596 0.05399546 -0.01142423
7 3 0.12941158 -7.983887 2.1268659 22.55281 0.7633283 1.7330242 0.68507284 6.444648 -0.081081405 -0.05612328
7 2 0.12778895 -7.6312804 2.140947 21.592907 0.76927865 1.7783486 0.7162328 6.389448 0.061591566 0.0143689215
7 3 0.10315958 -7.605857 2.132947 21.520214 0.75087 1.726933 0.6335589 6.5159154 -0.05653894 -0.059547465
7 2 0.09900998 26.976341 1.8615544 36.854324 0.6616357 1.738819 0.5782262 5.849814 0.18963824 0.7519036
7 2 0.09603951 26.712276 1.896492 36.45662 0.7073914 1.7683889 0.61131954 5.7379856 0.18251464 0.82592875
7 3 0.07903073 -7.468179 2.1341467 21.281912 0.72740024 1.737361 0.608711 6.458412 -0.07875733 -0.06607898
7 3 0.075660296 -7.7746882 2.1304393 22.090994 0.8476457 1.7341112 0.65343183 6.439571 -0.06474829 -0.05844842
7 2 0.07239224 -8.374533 2.2155592 23.79376 0.7535047 1.7604115 0.6488042 3.1765122 -0.0069066696 -0.06482981
7 2 0.062711075 26.597057 1.8667026 36.331287 0.6852006 1.7861538 0.59688747 5.725435 0.18681838 0.8428374
7 2 0.062334843 26.89529 1.8427947 36.80838 0.64026195 1.7372316 0.5610365 5.9198318 0.14063078 0.76169384
7 2 0.06068427 -7.5147457 2.0716012 21.205244 0.70734334 1.7669817 0.60881335 6.1234803 0.10020518 -0.05489165
