0 5 0.35398945 30.824766 1.4023715 42.94707 4.4278045 1.5294554 1.8860023 3.2428427 -0.00017095543 -0.58239275
0 5 0.17566091 30.95861 1.3939993 43.141468 4.385927 1.5361382 1.8756961 3.2825837 -0.023769183 -0.5674808
0 5 0.14785886 30.300688 1.4068542 42.32148 4.378118 1.5365692 1.8801438 3.2720604 0.019976174 -0.13760996
0 5 0.13044022 30.067383 1.3918993 41.926266 4.412812 1.53712 1.8719077 3.2924 -0.021367034 -0.6338656
0 5 0.10338201 -4.59579 2.5447626 92.47761 4.7321625 1.5663681 1.9709994 1.8066065 -0.046928145 -5.629752
0 5 0.10330893 32.96625 1.5034218 45.51431 4.329594 1.6001801 1.8814414 3.342012 -0.01929501 -1.1627005
0 5 0.10096733 -7.8215394 2.6516464 85.603004 4.63259 1.4865358 1.9224586 2.0501652 -0.049707465 -4.257848
0 5 0.098838165 30.527287 1.3811334 42.676117 4.381404 1.5138142 1.8829932 3.2689073 -0.037506938 -0.39664406
0 5 0.09082021 34.831825 1.5298507 48.63893 4.2497587 1.5957611 1.8619659 3.334756 -0.019669374 -0.05461314
0 5 0.086602725 0.34901989 2.252583 112.64161 5.436062 2.0361836 2.1302807 1.8309822 0.08955055 0.35073686
0 5 0.08624771 -7.908808 2.6235325 87.340256 4.6841393 1.4795411 1.9449496 2.0172894 -0.033647247 -5.184244
0 5 0.07683901 -8.699802 2.688528 85.00604 4.588163 1.509974 1.9055345 2.0462437 -0.020297822 -3.0656567
0 5 0.07392186 -0.028443478 2.1465912 112.399796 5.616695 2.1016436 2.148382 1.7954453 0.030722057 -0.20548654
0 5 0.073692314 34.22456 1.3748573 47.723827 4.281298 1.6052197 1.8510896 3.3361473 -0.023734597 -0.033762813
0 5 0.07202818 -3.2180586 2.36186 96.70589 5.041759 1.7134215 2.022204 1.7587763 -0.069935635 -2.7277038
0 5 0.07179209 -1.981989 2.0666955 105.07677 6.031375 2.1581006 2.1844964 1.738003 -0.043057606 -2.2003763
0 5 0.07104749 29.85042 1.3888311 41.759487 4.3491106 1.552909 1.868451 3.3496428 -0.0013909899 -0.15752932
0 5 0.069439225 -4.5087876 2.5202692 91.62495 4.755964 1.571217 1.9640318 1.7987139 -0.08191774 -4.1899223
0 5 0.06370465 32.32041 1.5012037 44.88248 4.3555155 1.6606518 1.8883379 3.2792597 -0.0067728925 -0.034679133
0 5 0.061169654 -7.08026 2.6242757 89.66016 4.730592 1.5040562 1.9555957 1.9006307 -0.024262618 -5.5680995
0 5 0.05647 -8.647524 2.7396078 84.52578 4.611039 1.5300367 1.9113444 2.052369 -0.005943248 -3.0452604
0 5 0.05501371 0.67581373 2.2477574 111.250496 5.1174393 1.8862312 2.0895207 4.9612994 0.09601634 0.9927864
0 5 0.052057877 -7.8875546 2.615997 87.768135 4.694435 1.4963218 1.9529706 2.0432315 0.0018348433 -4.3103404
0 5 0.05200611 0.11951274 2.2047615 112.56477 4.9425607 1.7935543 2.0407097 1.8314042 -0.004621668 1.443015
0 5 0.05131731 -9.188563 2.7597218 85.81928 4.5760894 1.4779838 1.8987366 2.0702953 -0.03639453 -3.269581
0 5 0.050734084 -3.6094892 2.4334688 95.076 4.9561644 1.6758584 1.9951419 1.7431729 -0.02484581 -3.6916103
1 5 0.05212294 -1.981989 2.0666955 105.07677 6.031375 2.1581006 2.1844964 1.738003 -0.043057606 -2.2003763
3 5 0.28745872 -11.836919 1.7447726 41.52614 11.545905 3.467153 2.8995798 1.8173332 0.020643128 -1.1493654
3 5 0.26399568 -16.413715 2.415119 34.880238 11.683001 3.449934 2.905857 1.9668529 -0.0022496646 -0.070032924
3 5 0.15309131 -11.459272 1.5148914 41.548767 11.4290695 3.4094567 2.8986907 1.8710496 0.0026863702 -0.52531505
3 5 0.10455046 25.11462 1.2713087 137.98468 12.684738 3.0976284 3.0240297 4.850396 0.0077295657 4.097847
3 5 0.09740578 -8.128261 2.0102482 23.874987 3.6950097 2.4844046 1.6589649 4.8498125 0.0689139 -1.4388682
3 5 0.09182351 -16.792065 2.0346406 30.124895 11.63314 3.0792365 2.8260615 1.760603 0.031293012 -0.2365742
3 5 0.08916381 -15.700447 2.5184157 34.601067 11.485103 3.5557323 2.8596327 2.0505981 0.025247319 0.10796239
3 5 0.08827578 -11.262059 1.6482977 40.93013 11.450387 3.4452152 2.9324563 1.8848996 -0.07419676 -0.62687933
3 5 0.08357292 -17.35233 2.7074044 33.3555 11.393343 3.6038413 2.8922844 2.0343924 0.018277956 0.30385536
3 5 0.083213754 -17.161594 2.2537165 30.926346 12.051213 3.4199116 2.8774383 1.8106251 -0.007125102 0.7564026
3 5 0.07946655 -8.990024 2.1870189 25.400312 3.672284 2.6130633 1.7610444 5.2020626 0.08701521 -0.49919072
3 5 0.072195284 -12.151457 1.9275472 42.06211 12.548104 3.5416956 2.9807289 1.7526007 -0.025757872 0.06413161
3 5 0.07042937 -15.321438 1.9664757 34.535686 11.386643 3.4194322 2.8895805 2.0707967 0.009101981 -0.10519229
3 5 0.069187194 25.426334 1.2436492 141.54768 12.583177 3.0559428 3.043698 4.8741336 -0.0232826 4.9722743
3 5 0.06750508 -16.080925 2.1684115 34.62176 11.242251 3.3609908 2.8361135 1.8936404 -0.045763206 -0.525852
3 5 0.066402115 -17.975357 2.3188713 31.785944 11.873341 3.3939042 2.9237819 1.8415155 -0.032113746 0.78620344
3 5 0.06502953 -16.945835 2.2235801 31.65695 11.702125 3.385624 2.7734861 1.9647158 -0.00041324273 0.4173172
3 5 0.060571227 -16.694483 2.289614 32.54669 11.419382 3.0866585 2.789077 5.071126 -0.010175392 0.093528576
3 5 0.05942124 -11.724656 1.477021 42.031837 11.313476 3.4433951 2.9475415 1.9213665 -0.025191512 -0.84807575
3 5 0.058051288 -22.528242 -3.6943822 85.32572 11.603644 3.6685197 2.8725116 1.117182 -0.0021579918 -0.857075
3 5 0.057359055 -23.399956 -3.8043718 86.95085 11.6445055 3.6310523 2.9104617 1.1920202 0.035973273 -1.3263901
3 5 0.0542789 -16.693077 2.1121962 29.45404 11.684868 3.1356606 2.8626187 4.9022746 0.029696243 0.5881881
3 5 0.050446212 24.260118 1.3239075 133.12935 12.698618 3.136345 2.96611 4.862746 0.015862053 3.9915671
3 5 0.05034507 -19.937386 2.704483 33.60957 11.517967 3.568796 2.9373782 5.3401494 0.00960285 0.6619629
7 2 0.4180417 -6.9479413 2.0282638 17.373295 0.8593622 1.7350804 0.77432334 5.877413 0.49941683 0.28239718
7 2 0.34963742 -6.8460836 2.0406442 17.166813 0.9079986 1.7705015 0.8249435 5.9900904 0.4507853 0.27382988
7 2 0.25984597 -7.085705 2.053103 17.71765 0.8733244 1.6963596 0.73478204 5.9581165 0.5293603 0.42344755
7 2 0.2531832 -7.111729 2.0828185 17.83352 0.82651585 1.7406138 0.7077324 5.7743516 0.39464933 0.22960496
7 2 0.10274259 -6.6856103 1.9829799 16.729006 0.83500755 1.7887266 0.76037765 6.0449867 0.39048845 0.15210134
7 2 0.09236805 -7.154216 2.0951836 17.55684 0.92853457 1.7905551 0.770991 5.9774275 0.29723194 0.24916899
7 2 0.08995234 -6.776607 2.0033407 16.902786 0.88165575 1.8119643 0.82224506 6.058037 0.42704082 0.20694017
7 2 0.086999916 -6.882891 1.9200661 17.084135 0.7277547 1.7202922 0.6919844 6.063187 0.26877958 0.13465822
7 2 0.08531075 -6.7972555 1.889168 16.7491 0.5963657 1.6550068 0.6277001 6.6210933 0.2372155 0.08230303
7 2 0.08154418 -7.761093 2.0706718 19.178328 0.8728515 1.6705878 0.7391148 5.94912 0.18118535 0.13216221
7 2 0.07793429 -7.3598685 2.1009347 18.07652 0.89020383 1.7070911 0.71249765 5.933292 0.52008337 0.6322186
7 2 0.07290209 -7.8513103 2.0988564 19.429464 0.8852635 1.6853082 0.75171024 5.885564 0.23194851 0.11701543
7 2 0.07125429 -7.7211676 2.154851 19.063665 0.8765296 1.6371056 0.7096539 5.7729177 0.22311184 0.054640494
7 2 0.07047889 -6.959722 1.9958816 17.51798 0.8056573 1.7432072 0.7308384 5.7251816 0.49438852 0.36609253
7 2 0.06346952 -7.8632646 2.1831214 19.501268 0.8572054 1.6581858 0.71501297 5.8143992 0.17093189 0.014930259
8 8 0.08480277 19.356865 1.5330771 25.439604 0.4571741 0.76956505 0.46233466 5.0605507 -0.09403159 0.037027754
8 8 0.07844607 19.183687 1.5029489 25.182478 0.4525712 0.78214425 0.4793368 5.1494584 -0.07574022 0.050427012
8 8 0.063816756 20.161474 1.5547032 26.500725 0.42962456 0.7350308 0.4347996 5.010023 -0.09602168 0.040798135
8 8 0.062417183 20.057241 1.5490875 26.326593 0.42280248 0.73310953 0.43311408 5.071542 -0.07914877 0.05769016
8 8 0.061495908 19.416794 1.493572 25.500566 0.5000546 0.88640124 0.52354956 4.991884 -0.06745196 0.016391922
8 8 0.05720812 19.222647 1.4943864 25.224905 0.49719682 0.86262935 0.5427749 5.0481772 -0.06240636 0.036218368
8 8 0.055007514 19.476414 1.5711552 25.720701 0.44236428 0.75890607 0.43834174 4.9645424 -0.111481965 0.028400093
