0 5 0.46884644 17.202583 1.8318291 60.298176 5.3427353 1.9369133 2.1480238 3.0598218 -0.06760213 -4.1188493
0 5 0.3743434 -4.5300493 2.1287127 39.4154 4.7716417 1.60059 1.9763646 2.4654367 -0.073684245 -4.3725142
0 5 0.2806564 -4.5692563 2.116977 39.624115 4.784 1.5952555 1.9836774 2.420528 -0.026331393 -5.0576196
0 5 0.22438869 -14.084072 2.5756173 58.873734 4.7627215 1.6962076 1.9870768 4.4011016 -0.01697837 0.12027637
0 5 0.20177346 17.466902 1.8567212 61.238678 5.434704 1.9339924 2.1928623 3.0555837 -0.023627426 -3.9003522
0 5 0.19415966 17.363428 1.8849684 60.83227 5.3906083 1.9194622 2.167563 3.055177 -0.01483068 -4.5036182
0 5 0.19297923 -4.6232066 2.1286752 40.16482 4.81258 1.5802568 1.9874026 2.453682 -0.040759303 -4.2271676
0 5 0.1658663 17.17407 1.910263 60.60505 5.428776 1.9115655 2.1893523 2.9868665 -0.058272302 -4.804013
0 5 0.14658001 -13.9073715 2.5560856 58.20385 4.7368402 1.6667421 1.9797692 4.4217215 0.05732309 0.063142955
0 5 0.13994484 -5.0546613 2.363632 44.22036 4.86095 1.6389911 1.9615021 2.5136075 -0.071513586 -3.0378704
0 5 0.13867149 -5.03903 2.2313356 42.927532 4.831587 1.6223792 1.9685944 2.5727785 -0.057521485 -3.1534953
0 5 0.13608271 -5.083222 2.2861624 43.72486 4.910609 1.6326225 1.9818944 2.5359852 -0.04348439 -2.240223
0 5 0.13601089 -4.5055337 2.1507056 39.153564 4.8598533 1.5607833 1.9617684 2.4442952 -0.052634828 -5.7225075
0 5 0.12178337 13.59381 2.1434727 91.23209 5.439144 1.8304281 2.1101806 4.8871155 -0.0014963746 5.1940684
0 5 0.09248814 0.7744665 2.3484764 112.43126 4.72181 1.6365211 2.011403 4.850736 0.0786624 1.3731648
0 5 0.08401512 -2.0995653 1.9440931 93.49764 4.7160745 1.7665172 2.0190187 1.6338564 -0.019690305 -0.026479036
0 5 0.083973475 -19.46465 2.2050228 67.27428 4.5766277 1.7012911 1.9418148 4.3666015 -0.012422496 6.269304
0 5 0.08256543 -2.1533442 1.9445591 92.63773 4.66174 1.7727983 1.9883224 1.5952388 -0.022827499 -0.016843846
0 5 0.081524335 13.508459 2.096681 90.434364 5.384089 1.8042816 2.1015863 4.874765 -0.0062251575 4.700424
0 5 0.08078591 -4.636121 2.4280672 73.77818 4.566149 1.5800581 1.9084245 1.5750364 -0.10820821 -0.053613387
0 5 0.07574268 -4.328458 2.3482637 76.31965 4.5450945 1.5900126 1.9109056 1.5044823 -0.08399724 -0.011963048
0 5 0.07379821 -19.930685 2.1450765 68.86396 4.63948 1.6690854 1.9498081 4.3522086 -0.039897818 7.0401964
0 5 0.070099846 -5.0614486 2.3174539 43.480553 4.7568865 1.5849179 1.9483343 2.4632168 -0.07923011 -3.0057034
0 5 0.06904441 0.7656263 2.3311799 114.801834 4.7184014 1.6121918 2.000821 4.847191 0.01993251 1.9951774
0 5 0.06894861 -0.36708498 2.122103 104.550934 4.6785574 1.670646 1.9973772 4.835318 0.021878244 0.013834216
0 5 0.06878819 -4.78152 2.5568385 76.08964 4.565035 1.5824094 1.9200671 1.5263766 -0.07921727 -0.013818612
0 5 0.066662855 17.470625 1.8529228 61.63437 5.4301286 1.9317359 2.2110677 2.947695 -0.0065616425 -5.1099052
0 5 0.06537932 -19.704447 2.0995762 67.8209 4.682729 1.6992451 1.9687192 4.317915 -0.06435328 6.0560355
0 5 0.065352246 -4.9109783 2.457985 71.28592 4.5689898 1.591722 1.9016923 1.605045 -0.115366265 -0.046674132
0 5 0.06455459 -3.1577873 2.142363 85.02814 4.578887 1.6442676 1.9415206 1.5100079 -0.033698678 -0.0038206633
0 6 0.06411861 37.903374 0.7639996 47.553616 4.6152105 1.7073067 1.9452561 5.714702 0.022420408 3.1058118
0 5 0.06367457 0.78529537 2.394752 116.85723 4.702667 1.6034422 2.0115602 4.8247743 0.0739269 2.1973562
0 5 0.06310097 -2.3241632 1.9904835 91.624855 4.6223984 1.71219 1.9785644 4.734162 -0.014051706 -0.0035619624
0 5 0.06261691 -4.4863777 2.1115696 41.302624 4.775194 1.6156682 1.9720163 2.440346 -0.07191106 -3.182634
0 5 0.06188092 13.88184 2.134539 93.508736 6.0660105 1.8586982 2.106944 4.817523 0.014118446 5.6810193
0 5 0.060280636 -4.3681426 2.5068507 77.5563 4.5502505 1.5851586 1.9184804 1.4676447 -0.036121912 0.0040873177
0 5 0.059270695 -2.8523788 1.9903738 88.71794 4.658578 1.7076145 1.9579678 1.5013983 -0.062005028 -0.022389537
0 5 0.05567884 37.623547 0.7982168 48.22099 4.5222325 1.6540323 1.9056169 2.3796136 0.057261482 1.3957137
0 5 0.05508597 -4.9203725 2.3790169 70.85408 4.61106 1.5917368 1.9758031 2.2712533 -0.064567946 0.43458515
0 5 0.05483885 -4.6740117 2.3014293 72.02562 4.649091 1.5958774 2.0083485 2.2388742 -0.11934981 -0.27657315
0 5 0.05473324 -5.286595 2.0641067 43.669334 6.4695053 2.056823 2.2510364 2.372197 -0.059097037 -2.5039225
0 5 0.054415487 -19.29677 2.2162964 66.61649 4.649182 1.7305154 1.9608097 4.335412 -0.0001042299 5.7056108
0 5 0.054176744 -19.87812 2.0349667 67.12124 4.713306 1.6677104 1.9480295 4.3337073 -0.057302915 8.726837
0 6 0.053742327 39.788456 -0.056624413 71.23709 4.390881 1.5683062 1.9345815 6.162813 -0.014086997 -0.03935215
0 5 0.053448725 -0.3811558 2.1040246 105.39436 4.708732 1.6153356 1.9735084 4.83732 0.014933972 0.056840993
0 5 0.051460862 -5.147624 2.5544708 73.25513 4.5509577 1.5944542 1.918285 1.5854727 -0.08866344 -0.027709117
0 5 0.05093328 -4.6410227 2.136786 42.593334 4.78743 1.5846555 1.9683417 2.448538 -0.08543897 -3.7388852
0 5 0.050570995 -2.2541008 1.9446348 94.356804 4.726584 1.7124927 2.0016868 4.7938924 0.0058758743 -0.015475802
0 6 0.05044339 39.03565 0.696447 46.16002 4.895382 1.8549106 2.0249333 5.9651704 0.012472484 3.4617226
0 6 0.05012175 37.881504 0.7444365 46.41648 4.7513804 1.808587 1.9922838 5.8560996 0.023651885 3.3314066
1 5 0.09955489 13.59381 2.1434727 91.23209 5.439144 1.8304281 2.1101806 4.8871155 -0.0014963746 5.1940684
1 5 0.059515364 13.508459 2.096681 90.434364 5.384089 1.8042816 2.1015863 4.874765 -0.0062251575 4.700424
1 5 0.05698009 -2.1533442 1.9445591 92.63773 4.66174 1.7727983 1.9883224 1.5952388 -0.022827499 -0.016843846
1 5 0.056505516 -2.0995653 1.9440931 93.49764 4.7160745 1.7665172 2.0190187 1.6338564 -0.019690305 -0.026479036
1 5 0.052277103 17.202583 1.8318291 60.298176 5.3427353 1.9369133 2.1480238 3.0598218 -0.06760213 -4.1188493
3 5 0.09806156 22.18562 1.7029204 122.80801 12.736197 3.1985295 3.0515141 4.793316 -0.015346574 1.9748272
3 5 0.08926193 13.59381 2.1434727 91.23209 5.439144 1.8304281 2.1101806 4.8871155 -0.0014963746 5.1940684
3 5 0.07878308 21.408709 1.8288257 121.26947 12.835581 3.144205 3.0517976 4.786798 -0.040014178 3.0550466
3 5 0.06625894 21.91788 1.6459631 119.11669 12.693603 3.199209 3.0401034 4.806652 -0.013653751 2.078527
3 5 0.05703855 13.88184 2.134539 93.508736 6.0660105 1.8586982 2.106944 4.817523 0.014118446 5.6810193
3 5 0.05439127 -12.796286 2.465005 38.444942 7.3732185 3.4097433 2.1601493 4.3377924 0.04732328 -0.09095359
3 5 0.052802637 -15.066221 2.1691544 45.090572 10.092628 3.583894 2.8180592 1.2638695 0.062388726 -0.18930349
3 5 0.050046008 20.587963 1.8877622 119.08421 12.981624 3.228262 3.0574682 4.762901 -0.04911849 4.6941676
5 0 0.103407934 8.889418 1.6627395 9.962277 1.6915107 1.1877499 0.49200654 3.9903657 0.036763564 -0.0046349615
5 0 0.08562635 8.799967 1.5755725 9.908334 1.6972622 1.1987503 0.48383513 3.9746132 0.008895388 0.0075865984
5 8 0.079121076 9.499734 1.7244897 10.905841 1.9043708 1.1875197 0.6012458 7.0393367 -0.0016492028 0.039834782
5 0 0.07284934 9.665232 1.7403988 11.177323 1.8899403 1.1600678 0.5997083 7.0373383 -0.019356076 -0.0030749347
5 0 0.06201403 9.848051 1.7228217 11.071309 1.5759659 1.1770194 0.4730983 7.092928 0.04174777 -0.02028723
5 0 0.051872447 9.09824 1.7075652 10.480914 1.5977374 1.1940086 0.47485846 3.8436177 0.034662403 -0.0034845546
5 0 0.051510606 10.078822 1.7540134 11.621823 1.848226 1.1403282 0.5833912 7.062435 0.0010237228 0.019511767
7 2 0.24494326 -8.255143 2.1870134 23.752033 0.7346794 1.7087722 0.6524844 6.3256984 0.30655506 0.19547543
7 2 0.16420679 -8.060042 2.2191546 23.21306 0.7356106 1.7546122 0.6490678 6.2717056 0.27685156 0.36168984
7 2 0.1531423 -8.232384 2.1522386 23.917145 0.81202793 1.7023885 0.6846109 6.440679 0.17053974 0.11300128
7 2 0.1519819 -7.8010297 2.167941 22.618593 0.72837806 1.7502067 0.67646295 6.618401 0.206624 0.4092093
7 3 0.1451647 -7.8668365 2.1531646 22.756271 0.7147837 1.7364445 0.6840931 6.5147443 0.15032516 0.33877662
7 2 0.14473101 -7.41914 2.1441617 21.544407 0.7475306 1.7370443 0.67363423 6.5741405 0.19748087 0.21291748
7 3 0.109588794 -7.5758944 2.1594508 22.026947 0.72851765 1.7196121 0.67952776 6.584013 0.21020648 0.1693745
7 2 0.10428201 -8.250099 2.1323326 27.443138 0.8711045 1.7650934 0.73052454 4.462634 0.14253642 0.735484
7 2 0.10392534 -7.658686 2.1661646 24.653023 0.8221813 1.8092972 0.7274215 3.7972963 0.17010112 0.5093522
7 2 0.100297436 -7.9192486 2.1840138 22.902468 0.72678643 1.7308406 0.6641558 6.1601915 0.2514567 0.28933713
7 2 0.09208953 -8.117939 2.1841245 26.99175 0.8590958 1.7465944 0.7301702 4.4618025 0.09781795 0.5348228
7 2 0.078924544 -8.311644 2.175168 27.799458 0.8632134 1.7958578 0.7344014 4.476275 0.09462645 0.6671343
7 2 0.07439103 -7.5875134 2.191326 24.705622 0.8064256 1.8000482 0.7015968 6.576674 0.18224238 0.54193157
7 2 0.07330242 -7.918867 2.101447 26.022268 0.861019 1.87669 0.7720463 3.7062497 0.17032492 0.5658225
7 2 0.072670415 -8.1168995 2.1906476 27.139769 0.8711865 1.760831 0.75650257 4.472103 0.10397134 0.5386861
7 2 0.071690924 -8.184711 2.2121413 23.582155 0.80094075 1.7653358 0.7169001 6.315376 0.20811023 0.33810705
7 2 0.07058401 -7.965067 2.2146122 23.052467 0.7763544 1.8097545 0.7216849 6.3521304 0.24285956 0.47749507
7 2 0.06051375 -7.5567694 2.176241 21.999865 0.756066 1.7627996 0.6864806 3.7557697 0.1701264 0.45559224
7 2 0.053827852 25.242876 0.94539255 38.12265 0.5086316 1.6483299 0.5423472 5.653943 -0.112629995 0.013715334
7 2 0.053666767 -8.004151 2.1413987 22.967987 0.73384094 1.7319415 0.6876917 6.5885954 0.14543001 0.51108396
7 2 0.05107555 -7.4347153 2.151473 21.664505 0.7814326 1.7432884 0.66639787 3.671454 0.1865572 0.20272991
7 2 0.050705433 -8.098113 2.0900342 26.94162 0.95995647 1.7655947 0.7553387 4.193275 0.048851848 1.0464312
