0 5 0.4336065 -13.520152 2.3281698 22.07784 4.72585 1.5026029 1.9147153 1.7209206 -0.085324354 -5.152466
0 5 0.407753 -13.68363 2.3560374 22.285614 4.6916847 1.5082221 1.9147161 1.7489269 -0.05025579 -3.946335
0 5 0.36955684 -1.3535707 1.9527581 48.78012 4.694936 1.5638993 1.9641347 2.4845774 -0.07993152 -6.775941
0 5 0.31782326 25.61785 2.2998893 40.746872 4.3849154 1.5498787 1.8397896 7.067746 -0.02937369 6.4112315
0 5 0.30738726 -13.279567 2.342389 21.811966 4.7446465 1.4943722 1.899484 1.7414198 -0.10365733 -4.802483
0 5 0.29438883 -1.4312613 1.9860666 48.9933 4.64839 1.556023 1.9475298 2.4760656 -0.045736335 -5.5400577
0 5 0.26622903 -23.451284 2.599882 55.498844 4.6990123 1.5793442 1.9652 6.2222366 0.060137242 -1.4120442
0 5 0.24035108 19.306643 1.7533518 62.29358 4.8877945 1.6691456 2.0236003 3.087093 -0.039117247 -3.5284076
0 5 0.2345613 19.388443 1.810879 62.929195 4.8617206 1.6163344 2.0105553 3.115936 -0.039117217 -2.8431435
0 5 0.21524927 -23.336287 2.5683823 55.094078 4.715317 1.5677279 1.9751883 6.263984 0.05468294 -0.47772163
0 5 0.18123965 25.594103 2.3890324 40.768925 4.357928 1.5603825 1.830754 6.3686895 -0.11421501 5.5603404
0 5 0.17703739 5.7756343 2.1075814 6.3639827 4.232182 1.4567691 1.7695731 4.4060254 -0.05113128 0.042506203
0 5 0.17552191 26.378944 2.298391 41.73546 4.352316 1.5366158 1.8390607 7.2160473 -0.0056188405 6.012569
0 5 0.17295972 -23.892088 2.6735349 56.32494 4.719167 1.5832624 1.9772297 6.2551813 0.076687 -0.7964023
0 5 0.17126758 26.738575 2.2729533 42.300995 4.3721404 1.5659994 1.8413368 7.19256 0.022557953 5.285001
0 5 0.15881175 24.501934 2.2954369 38.988823 4.3889437 1.5634775 1.8520204 6.8816557 -0.03666573 4.8437486
0 5 0.14370574 24.654848 2.395292 39.29387 4.323517 1.5738908 1.8393008 6.333093 -0.10930907 5.180812
0 5 0.14180692 -23.671564 2.6432073 55.744442 4.74264 1.5649172 1.9832032 6.245105 0.077947475 -0.28169277
0 5 0.1346279 27.152138 2.2854478 42.87401 4.348443 1.5668248 1.8330865 7.2569647 0.048185296 4.731854
0 5 0.13119951 6.925764 2.3945322 7.530026 4.226336 1.4492632 1.7938529 4.3803787 -0.0653733 0.046147697
0 5 0.12959668 -1.4441195 1.9593031 49.627453 4.641991 1.5634589 1.9460937 2.5576098 -0.06621027 -6.0598445
0 5 0.1136253 -1.4736556 1.9103823 51.146465 4.512382 1.5789262 1.8731409 2.7513936 -0.13213159 -2.2299917
0 5 0.11159501 -1.376535 1.916588 48.21463 4.741143 1.5148087 1.9658493 2.5053818 -0.06478748 -4.9033794
0 5 0.10937437 19.601873 1.7904193 63.40588 4.9414306 1.6791394 2.0321312 3.0805159 -0.04839143 -2.8483768
0 5 0.106419235 -18.18647 2.071444 68.13711 4.4539633 1.5836155 1.8891919 4.3934026 0.001540266 10.255676
0 5 0.10333694 25.696367 2.2076564 40.846867 4.362473 1.5608261 1.8410649 6.557609 -0.08396259 5.8724275
0 5 0.1028658 26.355822 2.1458826 41.540615 4.3086343 1.5263762 1.8123763 5.0930443 0.01483847 7.874294
0 5 0.102699585 -23.18223 2.5751233 54.822033 4.645 1.5924143 1.9528614 6.2442236 0.068953425 -0.20360819
0 5 0.09640479 -13.061243 2.3639147 21.398321 4.6871543 1.525544 1.9064443 1.7111447 -0.015049769 -4.0772586
0 5 0.09147688 -17.486086 1.9281287 65.665344 4.5064836 1.5278809 1.9178042 4.3151855 0.024944713 8.7816
0 5 0.088106036 25.364782 2.2802243 40.159122 4.3747787 1.5573728 1.859242 7.1752815 -0.044010833 5.0302277
0 5 0.08620681 -24.18042 2.6451669 39.324623 4.648112 1.6159711 1.9489094 4.613168 0.015434304 1.101432
0 5 0.08527727 -22.957346 2.5323148 37.436996 4.625621 1.5844169 1.9249144 4.615863 0.029817315 1.7475641
0 5 0.08081384 -2.1122758 1.9817128 55.706444 4.4474306 1.5543442 1.8515105 2.8499115 -0.08746477 -0.9809483
0 5 0.07819224 36.799793 2.148194 54.458935 4.5004306 1.7222623 1.9290366 3.2504916 0.04657107 1.281066
0 5 0.073612235 31.577183 2.1728294 48.686672 4.4292855 1.6523513 1.8863511 3.7209089 0.00014566816 3.0527654
0 5 0.07250939 -16.792452 2.1690898 62.867107 4.4400687 1.603808 1.8712407 4.3347883 0.010541411 10.191784
0 5 0.07038537 21.883615 2.1446767 35.09799 3.8812156 1.5434799 1.71849 5.5804543 -0.0010139644 1.5524273
0 5 0.069403164 -1.0729192 1.9183292 54.49216 4.484009 1.587517 1.8765521 2.7116258 -0.13435246 -2.6328995
0 5 0.06932689 19.448273 1.7382004 62.54642 4.894311 1.63009 2.012734 3.1357334 -0.013102653 -2.8544707
0 5 0.06813036 25.495317 2.1813369 40.212452 4.335179 1.5490189 1.8271385 5.1500397 0.0048960764 6.319337
0 5 0.06750352 44.809803 2.2598686 58.76253 4.612171 1.6586815 1.9863734 6.5985003 0.031114249 0.3017823
0 5 0.06677057 31.136099 2.172901 47.888542 4.4572053 1.6264559 1.8966887 3.6336803 -0.052235432 4.3969154
0 5 0.06629147 -22.739323 2.5653129 37.53851 4.6308894 1.5989566 1.9366411 4.64894 -0.008380013 1.2753121
0 5 0.064504094 27.378202 2.059422 42.816036 4.398748 1.5412358 1.820418 5.045169 -0.101255216 8.045262
0 5 0.06440962 44.01991 2.5164127 57.422348 4.4310923 1.5599182 1.9361062 6.183556 0.018372426 0.5560355
0 5 0.06431188 40.221184 2.1742013 57.60511 4.525599 1.7274005 1.9523526 3.2830994 0.043642446 0.52305615
0 5 0.0629229 20.46844 2.2794974 33.280876 3.7147748 1.5692166 1.614499 6.04705 -0.019153453 3.0319886
0 5 0.0626907 -21.794744 2.4803944 36.17507 4.6258883 1.5749097 1.9088092 4.599302 0.024915406 1.3783426
0 5 0.062460933 44.05221 2.538308 58.103138 4.399566 1.5785404 1.9119396 6.186283 0.04805228 0.70547515
0 5 0.061624497 37.234184 2.1483378 55.08612 4.5221596 1.6986573 1.9406831 3.1997106 0.009421611 1.6229224
0 5 0.06144339 -1.4284908 1.8833498 49.143223 4.4712367 1.5691397 1.8661423 2.7450647 -0.13757849 -2.5779293
0 5 0.06122729 -24.485638 2.6368732 39.820324 4.6214943 1.631609 1.9478452 4.6577377 0.0047907885 0.4269573
0 5 0.061014976 45.104275 2.3577328 59.12584 4.516198 1.6501479 1.9606026 6.48913 -0.039390817 1.1207861
0 5 0.06031295 -1.1110297 1.987325 49.580025 4.7135134 1.5980583 1.9712418 2.524207 -0.017411966 -4.0568595
0 5 0.05866768 18.502573 1.857549 61.33193 4.708148 1.5820515 1.961299 3.207293 -0.08233695 -0.28639486
0 2 0.0558374 -8.062916 1.9983306 29.822956 0.98304504 1.7486205 0.80048937 4.642229 0.18289971 1.9993175
0 5 0.054882582 19.852505 2.2192605 31.938148 3.3771768 1.6065818 1.4262024 5.3351274 -0.035914958 1.1636657
0 5 0.0537838 24.517738 2.3409111 38.299397 4.0959897 1.666099 1.7463553 5.9342394 -0.0068836557 1.9890541
0 5 0.05207715 -23.008451 2.5498934 39.163963 4.5974035 1.5769023 1.932723 4.5734057 -0.069543496 0.88041073
0 5 0.05164436 26.756607 2.1821527 42.317436 4.303089 1.5055321 1.8037466 5.305379 -0.027374275 6.7041907
0 7 0.051441085 6.4970503 2.3636603 7.324854 4.2512536 1.4611611 1.7977852 4.316809 0.0063768197 0.029964685
0 5 0.05095579 -1.5380757 1.9133154 53.59361 4.462995 1.5338404 1.8578398 2.6589959 -0.07847523 -0.22348085
0 5 0.050066706 -23.578642 2.58166 56.13666 4.6775765 1.5714015 1.9648666 6.261917 0.07012184 -0.3797326
3 5 0.13265508 24.392572 1.0403299 132.66484 12.985187 3.069738 3.0930364 4.8109183 0.052475154 4.395111
3 5 0.10988043 24.061228 1.0191045 129.81796 12.527024 3.1167781 3.0014126 4.815829 0.0032400843 4.5444565
3 5 0.08735756 24.535135 1.0198276 130.7752 12.684875 3.1043892 2.9946897 4.818099 0.026944997 3.4296215
3 5 0.08704376 24.561428 1.0088782 137.20235 12.631367 3.0081341 3.0679624 4.850344 -0.019315967 6.1496005
3 5 0.07753749 25.105196 1.0704058 135.71754 12.805296 3.0125315 3.0606186 4.8270054 0.030785175 4.3476725
3 5 0.069887586 -14.833827 0.34479272 57.265507 10.442058 4.172447 2.5413184 4.340845 0.015605098 3.6030803
3 7 0.0665653 -15.269227 0.28354084 56.778587 10.651605 4.4153967 2.5558083 4.3355513 0.041169234 4.5673304
3 7 0.06634055 -15.259051 0.19805586 58.271942 10.761643 4.285004 2.5728068 4.3623366 0.069186844 3.8432138
3 5 0.06569525 -15.380804 0.31839 57.43202 9.783606 3.8779783 2.4423022 4.252631 0.023201251 3.5049477
3 5 0.05969908 23.577528 1.0189607 122.50504 12.631737 3.1681297 2.974711 4.8021183 -0.008128396 2.805891
3 5 0.05643694 24.876963 1.1021668 138.69572 12.604586 3.0008426 3.0639067 4.8800592 0.0315094 5.770176
3 5 0.053683635 -15.030004 0.11877036 58.838795 10.716173 4.2456055 2.5742583 4.399816 0.078461714 3.2102354
6 5 0.052786287 25.61785 2.2998893 40.746872 4.3849154 1.5498787 1.8397896 7.067746 -0.02937369 6.4112315
6 5 0.050031442 24.654848 2.395292 39.29387 4.323517 1.5738908 1.8393008 6.333093 -0.10930907 5.180812
7 2 0.38343817 -7.040834 1.9365693 25.703915 0.86268514 1.8018351 0.7545063 4.6184306 0.23542602 0.5180277
7 2 0.1985747 -7.596536 1.9622986 27.839373 0.8579191 1.7854768 0.7249599 4.633567 0.19951847 1.0909871
7 2 0.18635452 -7.3704658 1.9455283 26.757183 0.9093504 1.7904398 0.7325419 3.8835857 0.21716134 0.5280594
7 2 0.17241013 -7.227493 1.9331057 26.317118 0.8606452 1.7689904 0.74739623 4.696625 0.19306475 0.4604718
7 2 0.17058572 -7.1413603 1.9281406 26.172182 0.85241264 1.790753 0.71234775 4.6023054 0.23765482 0.539937
7 2 0.1321925 -7.4387016 1.9501381 27.046667 0.89143574 1.810829 0.69820064 3.9199383 0.19327477 0.4882121
7 2 0.12269456 -8.062916 1.9983306 29.822956 0.98304504 1.7486205 0.80048937 4.642229 0.18289971 1.9993175
7 2 0.12191255 -7.764277 1.9938236 28.264904 0.8204353 1.7867985 0.7348147 4.5993567 0.20974986 1.0770003
7 2 0.10406403 -7.470111 1.961724 26.924257 0.821289 1.8404251 0.73203707 4.080763 0.23366557 0.69641274
7 2 0.09852233 -7.546215 1.9772317 27.151459 0.9663613 1.817964 0.762214 4.1341906 0.22640409 0.59735787
7 2 0.08829674 -7.3054924 1.9926112 26.64572 0.8448042 1.7893902 0.760423 4.6347404 0.3382405 0.70442575
7 2 0.07859799 -7.481819 1.9379935 26.968452 0.8076919 1.816193 0.6958309 3.8447213 0.23861213 0.66728765
7 2 0.06061994 -7.3779073 2.041495 26.659082 0.8881173 1.8750147 0.7640358 3.996311 0.20288445 0.61556643
7 2 0.057776894 -7.1913576 1.924797 27.330431 0.8946809 1.7277223 0.783435 4.631348 0.23343988 1.3518174
7 2 0.05514624 -7.419317 2.0094526 27.036345 0.8273041 1.7854737 0.73378533 4.690099 0.3212788 0.6439603
7 2 0.05401918 -7.4864736 1.9581946 26.936796 0.85817 1.8438857 0.7420671 4.380948 0.26715466 0.8861634
