0 5 0.073835224 31.991987 0.5469612 36.406387 4.663916 1.7027094 1.9635345 5.825826 0.062458076 7.317141
0 5 0.070886835 -55.757328 3.4806786 67.76491 4.4015794 1.701262 1.9318838 4.0452495 0.050487228 7.215387
0 5 0.06818798 -55.159416 3.4582171 66.995445 4.392122 1.688262 1.9112842 4.012016 0.036475092 7.7261558
0 5 0.06443246 -54.84708 3.4211895 67.27639 4.392581 1.719789 1.9250826 4.224365 0.07089264 6.3365006
0 5 0.0611269 -56.504612 3.4726715 67.96353 4.446031 1.6792101 1.9362098 3.762271 0.033954464 9.1012745
0 5 0.0596558 -56.1244 3.430839 67.5676 4.434141 1.6605569 1.9195942 3.7493005 0.041364975 9.917957
0 5 0.05929719 -57.155453 3.452169 68.19138 4.4514337 1.6541935 1.9041224 3.6246192 -0.06257528 11.508126
0 5 0.05912459 -56.841476 3.4379807 67.71012 4.475174 1.6739254 1.9079396 3.6499236 -0.068845995 11.448862
0 5 0.056660566 32.57149 0.4210923 37.150955 4.7209706 1.731214 1.985109 5.8006797 0.061799623 8.070333
0 5 0.05596185 -55.153625 3.2603016 67.629295 4.531283 1.6835394 1.933042 4.0237246 -0.017185671 8.902529
0 5 0.055280298 4.7139444 1.44187 104.59172 4.5510435 1.642535 1.9786707 4.8183007 -0.009696176 7.462411
0 5 0.05011044 32.274124 0.621119 36.71103 4.595697 1.683375 1.9676986 5.835309 0.025432108 5.7231584
3 5 0.31471327 -7.431577 1.7499623 41.5164 11.846851 3.2004476 2.940481 2.5374982 0.0104714725 -2.482814
3 5 0.28563672 -7.6367817 1.681226 42.221123 11.912883 3.1049876 2.9503431 2.5498583 0.013266113 -2.6282947
3 5 0.14474447 -8.728688 2.2213125 45.795776 11.3117075 3.3838098 2.9129725 2.5495977 -0.025436517 -0.4996377
3 5 0.13794456 -7.782325 1.6024419 43.021866 11.723192 3.1728947 2.9989588 2.7061324 -0.003622395 -1.4458616
3 5 0.13507344 -8.944437 2.72984 45.248405 11.104736 3.318895 2.855088 2.646098 -0.00013603829 -1.083784
3 5 0.13182911 -8.185874 2.6474996 45.18386 11.691692 3.4131625 2.9982939 2.5245478 -0.05987025 -1.0932043
3 5 0.1286642 25.496172 1.2050588 142.97017 12.737394 3.2380106 3.0195992 4.8414493 0.036876693 5.8792005
3 5 0.10381426 25.587881 1.2762998 144.65276 12.736623 3.2096598 3.0606685 4.859097 0.017238112 6.480313
3 5 0.090666555 -8.478099 2.5508604 44.404842 11.347414 3.3758998 2.8909247 2.5918248 0.024890332 -1.2691945
3 5 0.0584905 25.884535 1.1886053 145.55411 12.817917 3.2030787 3.0121753 4.879563 0.022485359 6.1332273
3 5 0.052936234 25.051115 1.1486956 146.23302 12.209362 3.0332596 3.0191798 4.857539 -0.08021019 7.550691
3 5 0.052507814 -8.763967 2.1246336 43.87454 11.044703 3.316324 2.959194 2.702813 -0.02757694 -0.24497944
7 3 0.42840388 -6.8166494 2.0208628 17.212431 0.7104876 1.6978027 0.67345876 3.5930715 -0.012942535 0.01457287
7 3 0.25821808 -6.7584114 2.0550084 17.108404 0.7740144 1.7476076 0.69947004 3.6632493 -0.080592856 -0.6108327
7 3 0.2522844 -6.9616437 2.052008 17.564205 0.6983024 1.7107745 0.6151191 0.5029291 -0.06378623 0.08675016
7 3 0.17965323 -7.055776 2.1065533 17.83517 0.73320615 1.720796 0.6797912 0.5943859 0.018564565 0.12597284
7 3 0.11323234 -6.769366 1.9405167 17.017893 0.6091199 1.8066962 0.59525293 6.5479727 0.07075137 -0.06353827
7 2 0.11020304 -7.2554607 2.0610242 18.329025 0.7150493 1.7302146 0.6807044 3.5993326 0.09848638 0.049703047
7 3 0.09819796 -6.767384 1.9328732 17.144058 0.62786096 1.7649204 0.61461914 6.3952928 0.04256831 -0.08975709
7 2 0.07725297 -6.558378 1.9674625 16.615412 0.74390656 1.7365538 0.7165538 3.5299046 0.03705135 -0.068049595
7 2 0.07612979 -7.0239315 2.0212522 17.732956 0.65574324 1.733041 0.6063745 6.6666718 -0.006636223 0.039259866
7 3 0.06717645 -7.158457 2.0017 17.958061 0.61216676 1.6761132 0.6195617 0.74823487 -0.09245151 -0.09718193
7 3 0.06244267 -7.065336 2.0816083 17.365671 0.7163597 1.7192124 0.66338617 3.3954945 -0.056886062 -0.017166242
7 3 0.052657593 -7.1976366 2.1073494 17.71025 0.70611507 1.716196 0.63604623 3.5465648 0.03487812 0.16257763
8 8 0.06517584 19.477337 1.5680854 25.53703 0.38344976 0.5975713 0.42968985 5.2476134 -0.08316537 -0.0041472726
8 8 0.062499058 19.787666 1.5961143 25.973698 0.3935225 0.60624725 0.4244757 5.2953424 -0.102896646 -0.010198329
8 8 0.057359774 19.382467 1.5139059 25.437881 0.39228222 0.6045039 0.40326887 5.0766644 -0.079173245 0.0134642795
8 8 0.052361097 19.592588 1.5402496 25.733685 0.39898098 0.6117238 0.39607424 5.0576196 -0.118615076 -0.0012268312
