0 5 0.39591816 4.5353775 2.1510057 50.27743 5.0058327 1.8214388 2.0589817 2.6308472 -0.10635398 -6.6550803
0 5 0.3409571 -11.059435 2.430495 30.806648 4.5556316 1.6482465 1.9361216 2.1661289 -0.028502362 -0.08377845
0 5 0.32564238 4.7304435 2.1715474 50.931103 5.0757685 1.8372923 2.0693777 2.644677 -0.096447945 -7.287018
0 5 0.3187793 4.5002394 2.1090355 49.41427 5.076744 1.7979327 2.0973737 2.6043558 -0.05774422 -7.922514
0 5 0.20798741 -11.364215 2.5011013 31.919367 4.670412 1.7051337 1.9843192 2.1811893 0.010212338 -1.5553826
0 5 0.15819968 -10.803897 2.4216146 29.869642 4.484568 1.6333764 1.9009725 2.1216996 -0.02840336 -0.4659155
0 2 0.13654615 -7.3946037 2.0173805 19.826157 0.72900367 1.7161998 0.6526635 1.8769575 -0.16723199 0.020447016
0 5 0.13393006 -3.3646932 2.3444324 88.50119 4.785273 1.5984747 1.9777855 1.8298986 -0.028420925 -3.8486598
0 5 0.122655064 -2.9860723 2.1744697 90.002625 4.8576365 1.6678144 1.9997636 1.7875171 -0.051868387 -1.9431411
0 5 0.11922423 -11.151461 2.4548764 32.345657 4.649105 1.706452 1.9809047 2.1708198 0.0008190293 -0.8350221
0 5 0.11651172 -11.124077 2.5046973 31.251945 4.606503 1.7549369 1.9533439 2.1669803 -0.03165201 -1.7546192
0 5 0.10235734 -3.050444 2.243001 89.43181 4.87335 1.6641775 1.9865503 1.7979138 -0.014281439 -3.2818832
0 5 0.0968334 -9.052407 2.0534098 27.741585 4.2080994 1.5653182 1.5752602 2.3303638 -0.04678484 -0.4160556
0 5 0.092576385 -3.6142435 2.428072 90.1457 4.7159786 1.5492299 1.9599884 1.8557835 -0.042721912 -4.363094
0 5 0.08676071 -10.96784 2.4525077 31.762943 4.6758113 1.7470826 1.9565988 2.1593912 -0.023695128 -0.48345104
0 5 0.08346475 4.460711 2.1638656 48.996574 5.119095 1.865582 2.0493405 2.5784056 -0.028183397 -8.136145
0 5 0.082789145 -3.255144 2.3410726 87.504456 4.8046103 1.5985334 1.9778863 1.8515179 -0.0698121 -3.1301355
0 5 0.081145145 5.4784613 2.4684334 60.782574 5.3263636 1.9262928 2.1246443 2.7566342 -0.081669815 -1.9438121
0 5 0.08058847 -2.4186852 1.9471142 93.727974 5.2197375 1.8237016 2.0782266 1.7666456 -0.03886362 -2.254482
0 5 0.078166865 4.5708127 2.1092684 49.69705 5.204648 1.8507484 2.0777845 2.5533412 -0.06116564 -7.7909303
0 2 0.076491766 -7.5786037 2.0099204 20.544313 0.7386398 1.7048268 0.6690208 2.1455586 -0.10239797 -0.007924343
0 2 0.071838014 -8.862221 2.185983 26.670456 2.7456772 1.5942512 1.2135841 2.1519954 -0.11760308 -0.023155956
0 5 0.06741296 5.697756 2.266747 62.578762 5.3419223 2.0244062 2.1149113 2.6949599 -0.037997477 -1.9136336
0 5 0.060356807 -8.783612 2.64191 90.83534 4.721172 1.4836025 1.9433436 1.9029495 0.0013556853 -3.929014
0 5 0.059479453 -10.90926 2.4354382 30.046062 4.4891195 1.613332 1.8732299 2.1317806 -0.031055406 -0.020575754
0 5 0.058570053 -4.678578 2.502243 94.23149 4.681816 1.506686 1.9537888 1.8891326 -0.012685843 -4.0212727
0 5 0.058357287 -18.91015 2.4466023 64.10605 4.572708 1.627737 1.9193313 4.3690004 -0.0811474 3.9692037
0 5 0.057388615 -8.32721 2.5625088 91.10885 4.7463913 1.4551041 1.9405178 1.9155576 0.0012662802 -3.7236168
0 5 0.057294838 -1.6019303 2.0434349 102.81225 6.2469068 2.1190028 2.2657773 1.7742583 -0.04168415 -1.2221375
0 5 0.05671589 4.08471 2.4090967 73.98199 4.531675 1.7162077 1.9471843 2.27103 0.033775695 -0.7718579
0 2 0.055056322 -7.3091073 2.002175 19.583065 0.7224081 1.6985062 0.63608015 2.0292866 -0.11319499 -0.08363053
0 5 0.05310849 -3.6042902 2.391933 89.05048 4.711655 1.5373223 1.9487838 1.8884958 -0.06983852 -3.830331
0 5 0.0514522 5.4379625 2.5363255 62.73484 5.526745 1.9718866 2.1716206 2.7240872 -0.033106998 -0.5115475
0 5 0.050982438 13.564085 2.107327 94.31911 5.159371 1.8663427 2.026738 5.0568023 0.027894286 7.4913034
0 5 0.05050111 -19.101332 2.5383663 64.657036 4.535896 1.6154493 1.9125321 4.391159 -0.10379327 4.245171
1 5 0.05597677 -2.4186852 1.9471142 93.727974 5.2197375 1.8237016 2.0782266 1.7666456 -0.03886362 -2.254482
1 5 0.054067314 -2.9860723 2.1744697 90.002625 4.8576365 1.6678144 1.9997636 1.7875171 -0.051868387 -1.9431411
3 5 0.5050443 35.764557 0.9937209 55.67336 11.928519 3.1593158 2.778707 3.3565753 -0.06999467 0.09994316
3 5 0.26330554 36.629757 1.047404 57.066467 12.26612 3.145223 2.8661644 6.498838 -0.023805927 0.6092426
3 5 0.26320297 34.01246 1.148104 53.59813 11.88461 3.1538568 2.7587605 3.3351314 -0.106474414 -0.021550251
3 5 0.18152547 35.11616 1.2239043 55.049515 11.978253 3.1491036 2.793361 6.5550065 -0.05830306 -0.026323505
3 5 0.14613038 35.00497 1.0775068 54.00868 12.119203 3.1511114 2.8008654 3.3311193 -0.07468113 -0.12082021
3 5 0.1312298 -37.52413 2.1338122 84.65206 11.538738 3.3705504 3.077733 1.4098487 0.036962524 0.7394443
3 5 0.117131434 -35.397625 2.5400758 79.078156 11.865035 3.0704157 2.932002 4.4423995 -0.014134418 3.0834024
3 5 0.10631863 -33.793625 2.5678692 75.39231 11.027321 2.9756582 2.883942 4.4684215 0.00357146 3.6175318
3 5 0.10187045 35.642197 1.3084801 56.175087 12.596129 3.1791852 2.8781507 6.5035186 -0.004386589 0.006617954
3 5 0.0990597 -34.446404 2.4584463 76.95327 11.985881 3.142363 2.9419608 4.458542 -0.043998487 3.4005537
3 5 0.090999685 -32.887337 2.5123332 73.50149 10.805337 2.9582036 2.8524246 4.4821725 -0.02604467 3.5626402
3 5 0.0909932 33.939964 2.3648882 50.846443 12.817178 3.4626203 3.0267384 3.4223619 -0.04501704 -0.041082665
3 5 0.08520096 -36.834263 2.3651938 82.73796 11.609084 3.3699903 2.9545655 1.4148784 0.06194233 0.68774635
3 5 0.07687062 -35.841724 2.1891403 82.40722 11.740436 3.395057 3.0358317 1.3885593 0.08648915 0.17237732
3 5 0.07016484 34.85581 1.4789077 51.75684 12.793645 3.3415308 3.0411694 3.3658366 -0.08161061 -0.10194301
3 5 0.06895871 -34.987587 2.6094718 77.324326 10.850822 2.9729505 2.8792822 4.4619536 -0.017876832 4.166531
3 5 0.067970075 -36.251022 2.582529 80.0829 11.640825 2.997349 2.9129786 4.435594 -0.030275404 3.882564
3 5 0.06788305 29.271566 2.1631784 45.057945 12.32013 3.4664717 3.01647 3.3157275 0.033609055 -0.806624
3 5 0.064164504 34.40205 1.2313373 53.761013 12.065642 3.205336 2.8251672 3.4095895 -0.046402477 0.023524974
3 5 0.06372152 32.54321 2.2298505 50.667583 11.982089 3.5011892 2.8518147 3.3719027 -0.0023482554 -0.052131407
3 5 0.058270715 34.669724 1.3320047 52.172062 12.444017 3.3449793 3.0572238 3.359591 -0.045625445 -0.15684116
3 5 0.058035173 35.38493 1.0351505 57.37601 11.7905855 3.0780876 2.7633991 3.3904727 -0.039518587 0.01210149
3 5 0.05478775 -37.672184 2.2817907 85.91588 11.646466 3.4332755 2.973431 1.3898482 0.044297375 -0.16658297
3 5 0.054148164 -35.397068 2.3732567 81.06148 11.822027 3.4294333 2.9604428 1.41155 0.10389962 -0.4028711
3 5 0.05396629 -35.916176 2.361209 80.276596 12.235999 3.2136025 3.0029228 4.4475784 -0.022286117 1.3849092
3 5 0.05355099 -36.81316 2.3806493 82.13645 12.252689 3.110261 2.996327 1.2794734 -0.035321083 1.362472
3 5 0.0524177 -11.059435 2.430495 30.806648 4.5556316 1.6482465 1.9361216 2.1661289 -0.028502362 -0.08377845
3 5 0.052179173 34.62198 1.1364081 55.954933 11.55164 3.0365644 2.7429786 3.411717 -0.10376104 0.02050174
3 5 0.05203817 -15.191465 0.5586209 55.394913 11.746254 4.80996 2.786116 1.153652 0.10677959 -1.9447863
6 5 0.054197326 13.564085 2.107327 94.31911 5.159371 1.8663427 2.026738 5.0568023 0.027894286 7.4913034
7 2 0.24307154 -7.3946037 2.0173805 19.826157 0.72900367 1.7161998 0.6526635 1.8769575 -0.16723199 0.020447016
7 2 0.19191642 -7.5893006 2.015428 20.332098 0.70662254 1.7028596 0.6562918 2.0137105 -0.10300397 -0.057533186
7 2 0.18934245 -7.3091073 2.002175 19.583065 0.7224081 1.6985062 0.63608015 2.0292866 -0.11319499 -0.08363053
7 2 0.18829693 -7.454071 1.9741434 19.986792 0.69864327 1.6761365 0.6196924 1.8430601 -0.17483206 -0.0041644163
7 2 0.15733473 -7.510854 2.0188885 20.09538 0.7778762 1.7137269 0.6398522 1.8214902 -0.1636011 -0.07027431
7 2 0.14310656 -7.5662827 2.0249732 20.236334 0.76439416 1.6914736 0.6303677 1.9610236 -0.12927054 0.0013859477
7 2 0.13899793 -7.288927 2.0379772 19.742496 0.7182143 1.7088871 0.6558925 0.5786273 -0.20104064 0.06353304
7 2 0.13080563 -7.374265 2.064898 19.953491 0.71475685 1.7104886 0.6649918 0.53450584 -0.20846993 -0.077696785
7 2 0.10558338 -7.5159645 1.9981399 20.428946 0.6995153 1.7080318 0.6411678 2.049841 -0.18454973 -0.072254494
7 2 0.101704486 -7.5786037 2.0099204 20.544313 0.7386398 1.7048268 0.6690208 2.1455586 -0.10239797 -0.007924343
7 2 0.090181075 -7.3625274 1.9480481 19.930574 0.6235732 1.6819631 0.5623317 2.067263 -0.16815461 -0.022362225
7 2 0.065350674 -8.862221 2.185983 26.670456 2.7456772 1.5942512 1.2135841 2.1519954 -0.11760308 -0.023155956
7 2 0.061979443 -7.37274 2.0350745 19.801176 0.6632809 1.7114486 0.63267845 0.48375595 -0.13309371 0.212987
7 5 0.0598513 -9.052407 2.0534098 27.741585 4.2080994 1.5653182 1.5752602 2.3303638 -0.04678484 -0.4160556
7 2 0.0598232 -7.2144604 1.9537101 19.347488 0.66714555 1.7221271 0.63993233 3.3812778 -0.17868295 0.08392799
7 2 0.058693275 -7.168372 2.1302953 19.528933 0.6704429 1.6768169 0.6184143 0.50649583 -0.200925 0.037639953
7 2 0.05363816 -7.217126 2.1123166 19.594358 0.6447773 1.6643752 0.60862875 0.5982472 -0.1357941 0.1360133
7 2 0.05153176 -7.289755 2.1003058 19.92901 0.71427476 1.712597 0.6572127 0.70739394 -0.2579866 -0.795554
