0 5 0.37971973 5.8418403 2.1594434 50.72625 4.955616 1.8114798 2.0503707 2.7142713 -0.08945353 -6.266558
0 5 0.3442113 -10.442824 2.5317876 32.57436 4.557376 1.7538539 1.9486667 2.2766838 -0.014286257 -1.4883932
0 5 0.3303933 5.794347 2.1228507 50.052555 4.9981785 1.7768606 2.0918453 2.6875815 -0.052356802 -7.1368513
0 5 0.27403075 6.1118007 2.174353 51.411213 5.0207253 1.8187579 2.0569336 2.7300448 -0.10302995 -7.7516785
0 5 0.23329538 6.044861 2.1680806 51.04854 4.9992213 1.8087617 2.054154 2.7249653 -0.112962 -6.6905465
0 5 0.2251337 -9.155201 2.2559218 28.533035 4.491285 1.6235924 1.9099396 2.1684184 -0.09518331 -2.9180703
0 5 0.19727065 -10.2631035 2.4406688 32.03644 4.518608 1.7612257 1.934873 2.2214494 -0.07898514 -0.9600447
0 5 0.16407007 -10.050167 2.5074687 31.275658 4.519163 1.741432 1.9263576 2.2014284 -0.10729848 -0.8167791
0 5 0.16199706 -8.72914 2.2936797 26.939545 4.2843895 1.6711264 1.6661625 2.147843 -0.14507803 -2.6846066
0 5 0.15135664 -8.08014 2.1319437 21.995758 0.91126496 1.7375327 0.78449154 1.7850645 -0.06340279 -0.6060134
0 5 0.13093258 -10.461061 2.5192032 32.23529 4.576725 1.7288656 1.95888 2.2451572 -0.030316792 -2.6973608
0 5 0.121548004 -3.893631 2.3922648 92.626335 4.8042674 1.5885909 1.9845414 1.6106383 -0.019629318 -4.676084
0 5 0.09728791 -3.0478015 2.1523478 92.55547 5.0607724 1.6418864 2.0190766 1.7151728 -0.046463408 -2.8728256
0 5 0.092529446 -8.485161 2.2351747 26.088413 4.1497197 1.6694998 1.4744484 2.1394298 -0.12667994 -1.6289778
0 5 0.09060555 -3.9423425 2.4846134 94.69025 4.757444 1.5541397 1.9649541 1.464723 -0.03123868 -4.6053042
0 5 0.08432814 34.484318 1.0339317 52.667385 11.385025 3.0812504 2.7328377 6.6461744 -0.054090396 0.1359764
0 5 0.080977365 -3.790775 2.4015083 91.5469 4.80922 1.5781033 1.9835355 1.6419917 -0.056861162 -4.0195484
0 5 0.07960051 34.872738 1.012852 53.985313 11.395546 3.1049674 2.773879 6.7097864 -0.04400169 -0.09237644
0 5 0.07951569 -9.352064 2.2589493 29.261787 4.5724773 1.5862455 1.8798368 2.1543112 -0.0852793 -3.30558
0 5 0.077691354 -8.50745 2.5926583 91.64448 4.7818556 1.4728543 1.9466311 1.7488377 -0.011303086 -4.2237954
0 5 0.07696948 -59.132492 3.1519647 70.32461 4.5056505 1.7238303 1.9358027 3.8328974 -0.012646651 9.3493185
0 5 0.076697044 -10.141462 2.5523672 31.870707 4.634172 1.7734332 1.9866107 2.1947532 -0.022745214 -1.4310191
0 5 0.075462185 -2.1124976 1.8646584 96.277115 6.0202675 1.9443834 2.2049618 1.7831795 -0.03876912 -3.3223991
0 5 0.07040482 -3.278217 2.2799978 92.13166 4.959154 1.650921 1.999071 1.7168617 -0.008616482 -4.1581416
0 2 0.068795435 -7.9003077 2.1078992 21.845545 0.73460567 1.7390391 0.686642 1.8779576 -0.09201289 -0.7886532
0 2 0.06554366 -7.5274925 2.052935 20.430801 0.7867707 1.7607745 0.674803 1.5475105 -0.1389192 -0.10490262
0 5 0.065469265 -57.517323 3.135477 68.655525 4.49707 1.7106758 1.96719 3.8741412 0.020871518 7.5736446
0 5 0.06366282 -1.333928 1.8951771 105.44629 8.119696 2.5290456 2.5216687 1.8149062 -0.050523058 -2.7696233
0 5 0.05964637 35.180996 1.147703 54.90892 11.797992 3.0542567 2.8080542 6.69226 -0.007935167 0.14833146
0 5 0.057774693 35.35994 0.97156423 54.447525 11.960957 3.0993414 2.834124 6.734547 -0.04482712 0.3234048
0 5 0.05365464 -3.951092 2.45643 93.61389 4.7518873 1.5383637 1.958687 1.5136185 -0.062397346 -4.426487
0 5 0.053330727 -56.85666 3.04976 67.43483 4.5094376 1.7193695 1.9341961 3.8234632 0.0342663 10.004439
0 5 0.052698612 -4.7054 2.5092285 97.86608 4.746916 1.500192 1.9470253 1.4178414 -0.0178591 -3.922112
0 5 0.050731134 -0.41061285 2.1152413 112.23645 7.8204007 2.4313114 2.5066159 1.8442793 0.029568898 -2.2143362
0 5 0.050351396 28.849918 1.3391421 36.396442 4.47741 1.6496141 1.8928869 1.5086732 0.013598202 -0.018569589
0 5 0.050342422 4.774579 2.2465806 77.88495 4.339886 1.7077028 1.8628702 1.7175102 0.07430287 -0.45752686
1 5 0.06510009 -2.1124976 1.8646584 96.277115 6.0202675 1.9443834 2.2049618 1.7831795 -0.03876912 -3.3223991
1 5 0.051356304 -3.0478015 2.1523478 92.55547 5.0607724 1.6418864 2.0190766 1.7151728 -0.046463408 -2.8728256
3 5 0.45577568 34.484318 1.0339317 52.667385 11.385025 3.0812504 2.7328377 6.6461744 -0.054090396 0.1359764
3 5 0.2883985 34.872738 1.012852 53.985313 11.395546 3.1049674 2.773879 6.7097864 -0.04400169 -0.09237644
3 5 0.22999747 35.35994 0.97156423 54.447525 11.960957 3.0993414 2.834124 6.734547 -0.04482712 0.3234048
3 5 0.18085748 33.14816 1.225002 51.42665 10.278378 2.9396698 2.630712 6.674551 -0.08368406 0.00783759
3 5 0.16456091 35.180996 1.147703 54.90892 11.797992 3.0542567 2.8080542 6.69226 -0.007935167 0.14833146
3 5 0.13562392 33.544544 1.0660253 51.087402 11.518202 3.1760883 2.7502017 6.5460043 -0.056960575 0.688185
3 5 0.078620784 33.743847 1.2332869 52.236942 10.86926 3.1068292 2.7403479 6.615899 -0.050339617 -0.017580055
3 5 0.06641406 34.147236 2.2051435 51.11769 12.081993 3.1686277 2.9367754 6.8125587 -0.056508362 -0.103639245
3 5 0.06435038 35.237198 1.6090333 52.48286 10.917859 3.0732439 2.8770304 6.9658356 0.022668732 -0.06045475
3 5 0.057823997 -13.883202 1.1067729 50.240536 12.198992 4.8500686 2.8890254 1.2555988 0.0957352 -1.9815685
3 5 0.05531601 34.93187 1.248532 51.727158 12.072592 3.0603924 2.9951305 3.641379 -0.06853245 0.031089056
3 5 0.054537553 -14.408633 0.82115185 52.10531 11.862447 4.922493 2.7664723 1.2155002 0.13776965 -3.0985763
3 5 0.053366676 -2.1124976 1.8646584 96.277115 6.0202675 1.9443834 2.2049618 1.7831795 -0.03876912 -3.3223991
3 5 0.05225251 36.974224 0.57324076 54.280186 11.011785 3.0433109 2.9684358 6.969433 -0.044207796 -0.06862587
3 5 0.05011622 32.28307 2.452594 49.97851 11.026118 3.1340177 2.7958167 6.717087 0.025343621 0.05227384
6 0 0.059811246 -29.33343 2.676188 59.985786 1.7633089 1.7245399 0.6177536 4.687553 0.17132941 1.6378368
6 0 0.054389574 -29.119518 2.6766243 59.689613 1.7442064 1.7171638 0.58722776 4.693335 0.15221182 1.8919692
7 2 0.2389228 -7.5274925 2.052935 20.430801 0.7867707 1.7607745 0.674803 1.5475105 -0.1389192 -0.10490262
7 2 0.18712717 -7.407082 2.0871634 20.219053 0.7505966 1.7148247 0.6754882 3.4910142 -0.3177066 -0.08501297
7 2 0.16425899 -7.497207 2.1035337 20.426933 0.7524962 1.7253162 0.6747733 3.5073028 -0.31303963 -0.032099664
7 2 0.16381197 -7.453232 2.0495625 20.17305 0.79140735 1.7342536 0.6686692 1.7426146 -0.14076118 -0.42318523
7 2 0.14131743 -7.65636 2.0287728 20.824635 0.7932321 1.7173939 0.66192406 1.7380304 -0.14822277 -0.0027247984
7 3 0.13735954 -7.7042685 2.1005535 20.90748 0.7333968 1.7385237 0.6680301 3.4071379 -0.2895472 0.015721004
7 2 0.12975478 -7.5667195 2.0463948 20.472414 0.81145275 1.7808378 0.7298093 1.9130456 -0.039923407 0.017838068
7 5 0.10924343 -8.08014 2.1319437 21.995758 0.91126496 1.7375327 0.78449154 1.7850645 -0.06340279 -0.6060134
7 2 0.107116096 -7.9003077 2.1078992 21.845545 0.73460567 1.7390391 0.686642 1.8779576 -0.09201289 -0.7886532
7 2 0.09279523 -7.738068 2.0903263 20.917273 0.80650204 1.744337 0.6791326 1.896667 -0.019015176 -0.10014523
7 2 0.08252119 -7.409642 2.1476376 20.312752 0.7457914 1.6767021 0.68460137 3.5518677 -0.22160602 0.0983645
7 2 0.081854366 -7.7559896 2.041331 21.213194 0.73368627 1.7020214 0.64483845 1.7185166 -0.15276124 -0.48610777
7 2 0.074601635 -7.607892 2.1373806 20.865711 0.72228324 1.7071936 0.6496376 0.4918182 -0.28535438 -0.18733034
7 2 0.053167913 -7.6430836 2.0967467 20.578247 0.69742996 1.7357405 0.6542512 3.3445325 -0.20972182 0.20057711
7 5 0.05210268 -8.72914 2.2936797 26.939545 4.2843895 1.6711264 1.6661625 2.147843 -0.14507803 -2.6846066
