0 5 0.5882656 4.536141 1.9764652 8.94802 4.420127 1.4743458 1.8171927 4.7896395 -0.11728952 1.2136992
0 5 0.2525798 -8.203957 2.1402943 47.91117 4.6179056 1.518532 1.9478834 2.2996922 0.019517222 -3.6319785
0 7 0.24175245 4.7806225 2.0798948 9.374826 4.4429617 1.4561591 1.8139117 4.786103 -0.029495198 0.061381683
0 5 0.21083678 -32.871906 3.0020916 67.7119 4.7584214 1.569204 1.9942933 6.3246784 0.08120426 -0.2787218
0 5 0.20514192 42.372044 1.5028677 51.42704 4.7377944 1.6923306 2.0036006 3.8659053 -0.06299274 -0.013004923
0 5 0.20002066 9.829234 1.7159159 58.978092 4.665121 1.5723803 1.944795 3.1119082 -0.037253555 -2.659326
0 5 0.19925421 11.046085 1.7810223 65.5721 4.7112074 1.6883199 1.9750433 2.7626574 -0.008837533 -2.8597682
0 5 0.18912151 9.889682 1.7687259 59.416065 4.6478667 1.5664108 1.9415389 3.136021 -0.08921695 -3.6470401
0 5 0.1757397 41.60001 1.5202569 50.768585 4.747402 1.7002264 2.003652 3.842091 -0.038937047 0.13538283
0 5 0.16548818 24.107613 1.7077198 52.238926 4.4459968 1.5835565 1.9055232 3.2175708 -0.026959868 -1.6862955
0 6 0.16487068 -41.363796 3.0904791 49.64604 4.6041517 1.7602925 1.9745426 2.9298809 -0.058355175 0.007021548
0 5 0.16327752 -8.218701 2.2014613 47.52591 4.5688124 1.5488119 1.9013329 2.1923065 -0.03115594 -3.6865945
0 5 0.16028222 23.889462 1.7250621 51.975155 4.4902015 1.5854547 1.9216434 3.2282398 -0.0454152 -1.7385818
0 5 0.14475402 -8.394145 2.1750512 48.834114 4.5922523 1.5242348 1.918217 2.2975135 0.02099519 -2.86463
0 5 0.14396168 22.36348 2.4511847 36.528023 4.521443 1.4737153 1.9019088 3.3968556 -0.025859341 0.5493265
0 5 0.143808 -32.944298 3.0212474 68.04999 4.6655626 1.5642452 1.9760462 6.293884 0.022569275 -1.177283
0 5 0.13990065 11.551785 1.682044 67.83338 4.840196 1.6387995 1.9667704 2.8223896 0.019814642 -3.1930213
0 7 0.13007304 21.20581 2.4254847 35.55148 4.43841 1.468976 1.8820381 3.3459551 -0.05637768 1.55127
0 6 0.124053985 -42.167107 3.18386 50.592968 4.574513 1.7798452 1.9845594 2.9343753 -0.02111592 0.009700622
0 5 0.12382374 -33.415844 3.1056533 68.72517 4.7396717 1.5506942 1.98463 6.3270407 0.056893073 0.10234714
0 5 0.12193776 -31.658585 2.9732623 65.173096 4.471373 1.5644466 1.9195895 6.3944616 0.025521016 -0.027872909
0 5 0.121489316 23.077312 2.4108381 38.630337 4.528329 1.4548312 1.8852851 3.3688111 0.0009906013 -0.0017507989
0 5 0.11138773 43.13911 1.4540119 52.42486 4.791827 1.6856341 2.017132 3.7717824 -0.02087408 -0.007260585
0 5 0.11034597 11.400775 1.6317577 67.3193 4.8190627 1.6464423 2.0054827 2.8984766 -0.038895324 -1.1431392
0 7 0.10558113 19.373928 2.46258 32.460945 4.4141936 1.4777362 1.8314428 5.445864 -0.050916627 1.2372593
0 5 0.10349942 41.222855 1.4608362 49.411877 4.745137 1.6921053 2.002848 3.8715482 -0.06007997 -0.016237307
0 5 0.10213666 42.489998 1.4817355 51.827324 4.789262 1.7012945 2.0155964 3.7514017 -0.027013917 0.0016515944
0 5 0.10135038 -32.04256 2.962329 67.08009 4.381014 1.5384079 1.900334 6.3840556 0.019250328 0.025724005
0 5 0.098182075 23.7114 1.6163664 51.332485 4.4401608 1.58042 1.8845398 3.2234654 -0.04559543 -1.9774437
0 5 0.098047376 9.904004 1.7617656 60.145638 4.655763 1.555944 1.9214255 3.1092093 -0.1494472 -3.2756135
0 5 0.09790973 22.567547 2.4346902 37.342194 4.4635944 1.5142103 1.8587389 2.8517005 0.012114979 2.556878
0 5 0.09503878 -7.7844806 2.1478693 47.50956 4.483382 1.495707 1.8103863 2.1344664 -0.049055584 -2.7363164
0 7 0.093618736 5.409229 2.0789528 11.218662 4.338146 1.5105922 1.7607143 4.7353992 -0.019554455 0.04508674
0 5 0.092812166 -32.289467 3.0015368 66.649315 4.710765 1.5998906 1.9900876 6.3405867 0.0462849 0.007614961
0 5 0.090255365 25.544954 1.7558796 51.598675 4.5216146 1.5978383 1.9236594 3.1792173 -0.01932337 -1.1140168
0 5 0.09025198 -31.913494 2.9856749 64.78196 4.4771843 1.5711795 1.9171646 6.4157004 0.06694563 -0.40831795
0 5 0.08750956 4.981752 2.2880018 9.268117 4.6329494 1.5444466 1.9051294 4.694949 0.006375443 1.4065751
0 6 0.08733038 -41.664646 3.053039 50.172318 4.527634 1.7389244 1.9754276 2.990709 -0.050242946 -0.023285681
0 5 0.0850563 11.323878 1.5749716 66.42674 4.7396603 1.6559049 1.9529929 2.777496 -0.015697474 -3.970912
0 5 0.0850108 41.083576 1.5715599 50.16471 4.753898 1.6867601 2.0078437 3.9508648 -0.029260665 0.952765
0 5 0.08265597 24.284985 2.5673428 40.734447 4.4858475 1.5314164 1.8747898 3.117476 -0.030364979 1.172855
0 5 0.0814342 41.779766 1.492267 50.59415 4.7329464 1.6923118 2.005905 3.9821966 -0.037159696 0.75091124
0 5 0.08052112 21.334782 2.3561099 35.356606 4.4975224 1.4740378 1.8837914 6.863827 -0.037884064 1.5002574
0 5 0.077602446 -8.149009 2.282154 46.84778 4.489714 1.5998523 1.8935264 2.237228 -0.0155793205 -2.943508
0 5 0.07553736 27.695295 1.8276551 53.34399 4.522699 1.6198722 1.9288181 2.8283336 -0.037367105 0.11207055
0 6 0.0753859 -41.590416 2.967734 49.94816 4.5743017 1.7093248 1.9489243 2.9011254 -0.013807031 0.02208294
0 5 0.07506361 23.041794 2.4030852 37.257042 4.547918 1.450857 1.8897294 3.459053 0.045586497 0.19974333
0 5 0.07502105 20.972208 2.3556576 34.77083 4.4769363 1.4702083 1.8800912 6.8276033 -0.02911112 1.7165313
0 5 0.07409223 24.082285 1.7021805 52.749912 4.4434876 1.5909141 1.9041111 3.1763213 -0.036974475 -2.6161547
0 5 0.07179161 22.35843 2.5306435 37.517952 4.46818 1.4513476 1.8699707 3.393425 -0.003210499 0.015269436
0 5 0.071242705 -7.8937573 2.1236675 45.924774 2.5546901 1.5457553 1.2142094 2.043465 -0.0670219 -3.0544326
0 5 0.070843376 41.73872 1.5430169 51.290375 4.714477 1.7021879 1.9952537 3.7336195 -0.05278994 0.3177362
0 5 0.07044396 11.270942 1.7491806 64.54919 4.728546 1.6645426 1.9860328 2.7431762 -0.008573255 -3.9442492
0 5 0.07034824 21.89608 2.3267102 36.641335 4.5219946 1.4876311 1.8918991 3.6496165 -0.027130662 2.0317872
0 7 0.069348715 5.7895155 2.1594815 11.876959 4.4334197 1.4513334 1.7908382 4.7502756 -0.047948778 0.008428577
0 5 0.068830855 11.343219 1.6556243 65.84695 4.8225365 1.6741307 2.0092537 2.8764906 -0.03290028 -3.3113124
0 5 0.06824963 45.64203 1.7389946 56.294308 4.587943 1.6395972 1.9555355 3.605496 -0.05353173 0.03835552
0 5 0.06779758 10.329989 1.7451886 61.04128 4.5778246 1.5792769 1.9222327 3.056635 -0.04488851 -0.89175844
0 5 0.06754935 23.245087 2.4558067 39.067528 4.477805 1.4561144 1.8798116 3.4295042 0.017406447 0.01670755
0 5 0.06693936 46.12554 1.8441768 56.73304 4.615632 1.6321301 1.9674131 3.5867658 -0.052283585 0.04398039
0 5 0.06670796 5.2472878 2.4483457 9.568807 4.5983515 1.515973 1.8642545 4.7305403 0.03443765 0.08176015
0 5 0.065926015 41.69866 1.4055823 50.06469 4.821406 1.6967343 2.0168388 3.7733672 -0.052175686 -0.010282486
0 7 0.06527183 6.1458087 2.036947 11.1615925 4.382071 1.5488079 1.7584251 4.8712254 -0.037839055 0.04143236
0 5 0.062797755 21.288532 2.3403165 35.71793 4.5149508 1.4713358 1.8865138 3.6452475 -0.05136711 2.0581272
0 5 0.058069777 -31.355995 2.9252462 64.65666 4.440044 1.5723872 1.933462 6.4333916 0.068584725 -0.033834912
0 5 0.058063373 -32.92284 3.0659816 68.41706 4.707751 1.5449739 1.9773831 6.3446817 0.04455606 -0.5930058
0 5 0.05805266 28.495502 1.6630313 55.54115 4.507774 1.5903512 1.9036819 2.995641 -0.050645955 -0.087552086
0 5 0.057662483 -9.060454 2.122518 52.402565 4.569749 1.5781634 1.9146061 2.2053192 -0.040205814 -1.9220587
0 5 0.05692843 -9.261966 2.0753074 53.227848 4.5971212 1.6463025 1.9394096 2.16972 -0.030715268 -1.868307
0 5 0.05686682 -31.816288 2.9946737 65.40229 4.486837 1.5566368 1.9166349 6.4012585 0.01610479 -0.12995422
0 5 0.05652156 -0.64368296 1.5933561 112.4326 9.355238 3.0039797 2.9779754 4.9556613 -0.043982714 -0.057038248
0 5 0.056167595 37.863697 1.7399161 68.52408 4.527766 1.6875106 1.9216325 4.927232 0.04396628 7.226079
0 5 0.055819087 37.94768 1.5488386 69.2314 4.580658 1.6751931 1.9300977 4.856107 -0.004540249 6.7261143
0 5 0.05503882 -32.292526 2.925771 68.822624 4.308668 1.5197929 1.8833427 6.358592 -0.0082857385 -0.009841302
0 6 0.054712202 -41.944466 3.1357932 52.4501 4.430773 1.6553001 1.9453331 3.0148654 -0.030326778 0.0021724105
0 5 0.054648623 28.837624 1.900348 55.403522 4.5283785 1.635879 1.9394969 2.519034 -0.008955641 0.71147126
0 5 0.054522965 35.922375 1.8257804 64.74453 4.4741297 1.6545271 1.9141316 4.9388804 0.050500922 6.409855
0 5 0.05429738 24.646858 1.7607636 50.91991 4.4761505 1.5780714 1.9208424 3.221868 -0.036058657 -0.8554106
0 5 0.052927073 -7.906307 2.2050197 47.853558 4.524701 1.525412 1.8394119 2.1318843 -0.13123904 -2.977518
0 6 0.052447096 -43.70316 3.2319968 56.124775 4.357177 1.6258923 1.9097064 3.0099144 -0.008885285 -0.0020334758
0 5 0.050252207 24.012318 1.6258047 52.496014 4.4298916 1.5983349 1.8910078 3.1951141 -0.036082588 -2.0514295
1 5 0.050439473 -0.64368296 1.5933561 112.4326 9.355238 3.0039797 2.9779754 4.9556613 -0.043982714 -0.057038248
3 5 0.08473611 -12.72068 0.6112331 54.481133 9.679941 3.8933718 2.3562403 1.075887 0.02881653 -0.1408267
3 5 0.072834045 -11.6693325 0.59901834 52.815792 8.971075 3.7159097 2.4146163 1.4239607 0.024644392 -0.863751
3 5 0.059571613 -13.934926 0.67155755 56.90237 10.0573845 3.932695 2.3999352 0.9402632 0.013196722 -0.24647346
3 5 0.05298992 -0.64368296 1.5933561 112.4326 9.355238 3.0039797 2.9779754 4.9556613 -0.043982714 -0.057038248
7 2 0.44330814 -7.462611 2.0857902 34.151215 0.7867322 1.7705419 0.75972366 4.4549108 0.19136569 0.7030459
7 2 0.28275314 -7.486632 2.0598419 34.493988 0.7923621 1.7605629 0.75550264 4.4522877 0.1946619 0.4216508
7 2 0.2462648 -7.4475937 2.0488374 34.068974 0.7994986 1.739594 0.7304896 4.52298 0.22960587 0.70882297
7 2 0.19964246 -7.494731 2.1025372 34.356014 0.80054194 1.7646258 0.7458076 4.4766345 0.18576404 0.6455983
7 2 0.17872126 -7.2981606 2.0368228 35.292244 0.8079849 1.757246 0.76244885 4.5992007 0.27824944 0.8736914
7 2 0.15402144 -7.515208 2.032264 34.62104 0.77415234 1.7355996 0.7318947 4.489775 0.18270783 0.69135636
7 2 0.13369615 -7.526302 2.061701 34.442398 0.7648047 1.7448658 0.71018696 4.550241 0.27691266 0.3682919
7 2 0.10065889 -7.2053285 2.0294957 33.142494 0.8310141 1.7624531 0.7670457 4.4324837 0.21913317 1.0172673
7 2 0.10028168 -7.166485 2.0197818 33.504208 0.8068211 1.7662007 0.74446034 4.4903555 0.23121066 0.8998043
7 2 0.09357147 -7.429262 2.0123348 37.224243 0.7339084 1.6899533 0.6747793 4.797249 0.07013367 -0.036340866
7 2 0.092426874 -7.343447 2.020366 35.61778 0.801609 1.7460485 0.74142414 4.594567 0.14792071 0.6565928
7 5 0.08881326 -7.8937573 2.1236675 45.924774 2.5546901 1.5457553 1.2142094 2.043465 -0.0670219 -3.0544326
7 2 0.0793339 -7.0981226 2.0300698 34.417564 0.78192544 1.751982 0.7443658 4.7076716 0.22365966 0.78110045
7 2 0.07932107 -7.3336725 1.9656665 34.15544 0.8333549 1.808235 0.68652344 4.9954515 0.17860135 0.6043552
7 2 0.06629686 -7.403621 2.0521035 33.88265 0.79923487 1.7583597 0.74882364 4.419372 0.21097772 1.104889
7 2 0.0660082 -7.444387 2.065811 34.509872 0.7997064 1.7414399 0.74013287 1.6335471 0.07807564 0.20473161
7 2 0.05682573 -8.004237 2.124364 35.654255 0.7652634 1.7609917 0.7017537 4.42885 0.100054555 0.8174549
7 2 0.054880988 -7.5074387 1.970203 34.517525 0.8644107 1.8058898 0.6829093 4.7303414 0.16428244 0.60834825
7 5 0.053916056 -7.888788 2.2040896 45.436344 1.8989936 1.5743098 1.0465629 2.0795238 -0.09195903 -2.8101265
7 2 0.05299724 -7.466736 2.015521 37.323402 0.7574591 1.6874357 0.70181316 4.736244 0.020413315 -0.45186102
7 2 0.051741138 -7.516175 2.046701 37.687 0.7020107 1.6927199 0.6502666 4.875031 0.03167457 0.023098193
