0 6 0.38699064 -12.259067 2.2351456 18.283276 4.699411 1.8116513 1.9548956 1.8505735 -0.08024398 -0.06517269
0 5 0.11511955 -8.580605 2.6728716 88.460686 4.667544 1.5296437 1.9463309 2.1616514 -0.018741375 -4.388385
0 6 0.11409845 -12.583144 2.2840588 18.61264 4.605142 1.7892755 1.934666 1.7816737 -0.045535102 -0.61021286
0 6 0.11287255 -11.93213 2.2498012 17.895266 4.483276 1.7203901 1.8984553 1.8038391 -0.1055336 -0.3240401
0 6 0.10984704 -12.432908 2.2485206 18.424438 4.656029 1.7843006 1.9531307 1.8180681 -0.08323334 -0.34594613
0 6 0.10090982 -12.113836 2.1460514 18.106642 4.754628 1.809557 1.9683175 1.824383 -0.070827655 -0.021817816
0 5 0.098151974 -17.21141 2.5619094 20.379675 4.5636168 1.5902098 1.9009966 1.584453 -0.00048420578 -0.020160414
0 5 0.09374299 38.866367 0.24683034 45.861465 4.2018614 1.6846989 1.8414223 5.7619224 0.04409454 4.2535753
0 5 0.091221966 40.76613 0.17656094 48.329067 4.5657105 1.6650546 1.9697839 5.8186173 0.02784142 1.6728412
0 5 0.08983723 39.958004 0.0010453463 47.51813 4.6211452 1.6522908 1.9729443 5.8348675 0.031368524 1.2707143
0 5 0.08256703 -23.680725 2.1237972 76.99805 4.5429387 1.7038351 1.9535211 4.3733582 -0.04014767 11.770145
0 5 0.075053364 -5.223037 2.7787704 94.282455 4.46545 1.5774565 1.9467763 1.3413402 -0.024374343 -2.995816
0 5 0.073677085 41.49709 0.13987994 48.386482 4.558849 1.6538849 1.9298148 5.8619127 0.024623191 3.5711281
0 5 0.073586956 41.505955 0.22665906 49.12059 4.5702577 1.6559004 1.9700048 5.8448434 0.054676726 2.686723
0 5 0.0720483 -8.723687 2.6975217 89.11063 4.6104717 1.5489248 1.9364449 2.0867581 -0.025974084 -4.1445785
0 5 0.071193784 40.44717 -0.006026864 47.340294 4.5872126 1.6438211 1.9411234 5.8454385 0.061884746 3.5405388
0 5 0.07066257 41.532043 0.19585323 49.84942 4.543269 1.6408013 1.9488819 5.8462515 0.05990824 2.3284333
0 5 0.06426193 -17.407722 2.6116378 20.49159 4.6339726 1.6194454 1.9021491 1.5475332 0.008955624 -0.0034699533
0 5 0.0640852 -23.56662 2.127926 76.310585 4.5956926 1.7276021 1.9604142 4.3725376 -0.04095357 9.703412
0 5 0.06065963 39.93958 0.22727823 46.79936 4.2117524 1.6820424 1.841592 5.787655 0.006852098 3.389534
0 5 0.05953245 39.22186 0.19112396 46.92076 4.244155 1.6554213 1.8481805 5.714889 0.06390111 2.9569514
0 5 0.057327986 -6.1793146 2.6945448 91.34959 4.56461 1.5570999 1.9443105 1.593564 -0.030575735 -4.1180925
0 5 0.05678134 38.451347 0.26547587 45.6738 4.225635 1.6479442 1.8358094 5.718998 0.04181236 4.158198
0 5 0.056326505 41.528835 0.14206457 51.125443 4.5429215 1.6116383 1.9388171 5.8999643 0.030516634 1.0083872
0 5 0.056076124 40.123672 0.2293573 47.254658 4.2461443 1.701399 1.8556769 5.7478323 -0.008064449 4.606271
0 5 0.055897597 -9.121756 2.9180422 93.62234 4.726217 1.6322148 2.0141733 3.1848524 0.026481332 -1.2540336
0 5 0.054888684 39.6907 0.2161864 47.072598 4.244137 1.6853366 1.8629279 5.7303877 -0.0013388563 4.459472
0 5 0.054811858 -23.37024 2.1422408 76.005615 4.5317054 1.7147722 1.9511566 4.3991785 0.0006598104 12.730135
0 6 0.054251894 -24.083147 2.576744 36.63584 4.4845943 1.7071509 1.9134488 1.4842484 -0.040197153 -0.07673341
0 5 0.053427864 40.899307 0.16614431 49.047966 4.542123 1.625544 1.9501544 5.83418 0.009828953 2.753109
0 5 0.05267154 40.128613 0.13016003 48.72118 4.2410235 1.6503546 1.8507351 5.717403 0.05078277 3.2781177
3 5 0.5313928 7.9829154 1.286073 53.982483 12.063019 3.347742 2.9043522 3.1559968 -0.034098975 -1.0446842
3 5 0.26515055 7.909941 1.3710655 53.593582 11.777673 3.2506354 2.8266902 3.1347344 -0.038052894 -0.93540996
3 5 0.21903752 8.169733 1.3987342 54.967785 11.97095 3.4825022 2.8550677 3.2568696 -0.00046225637 -0.0029275566
3 5 0.17322889 8.317111 1.339691 55.580254 12.175057 3.3995175 2.9459822 3.2224874 -0.07827934 -0.34378737
3 5 0.1268139 7.7618747 1.3072784 52.572456 12.114664 3.3111084 2.9759507 3.1237917 -0.042071894 -0.83628327
3 5 0.110227585 8.295651 2.0518482 54.193676 12.51531 3.370152 3.173719 3.320947 0.01786044 -1.1317317
3 5 0.100287676 7.577477 2.2483318 52.109222 12.132106 3.2818904 2.9999459 3.3315609 0.0056334175 -0.60402775
3 5 0.086163014 7.6302953 1.9644816 53.68651 12.3634615 3.2947807 3.0976608 3.3584764 0.037466712 -0.48706532
3 5 0.071926564 -16.581913 0.19458556 59.376244 11.251304 4.493403 2.7174098 1.1450391 0.06089223 1.0921605
3 5 0.06452684 -17.45613 0.21429062 60.25446 11.819003 4.830972 2.7051942 1.16042 0.09507903 -1.4309411
3 5 0.06358207 -17.074022 0.120628834 60.259056 11.518227 4.5192013 2.671412 1.1100345 0.09896338 -0.9427792
3 5 0.05557397 8.567937 1.5545152 56.81935 12.191028 3.5573895 2.8362741 3.315316 -0.045453344 -0.21546558
3 5 0.052110344 -16.604141 0.08582854 60.79263 11.064018 4.3560524 2.7195067 1.1845449 0.055306688 0.63716054
4 5 0.07682334 7.9829154 1.286073 53.982483 12.063019 3.347742 2.9043522 3.1559968 -0.034098975 -1.0446842
7 3 0.37459832 -7.46493 2.2002053 18.72852 0.74037635 1.74788 0.6896704 6.640156 -0.055254303 0.018404145
7 3 0.283939 -7.4251533 2.2015936 18.642672 0.7862105 1.7703298 0.70367956 6.6303077 -0.059762135 0.014262803
7 3 0.2645324 -7.35605 2.1710625 18.422527 0.7231854 1.766619 0.6536647 6.64855 -0.021990765 0.017664686
7 3 0.24246581 -7.5588 2.2162085 18.892149 0.76345223 1.7541912 0.7139954 3.5866377 0.056759544 0.089079775
7 3 0.09856662 -7.400348 2.1131358 18.663263 0.6942015 1.7692298 0.66060674 6.4948463 0.04536415 -0.04718585
7 3 0.09852628 -7.583561 2.2138762 18.596052 0.7554578 1.767132 0.70470506 6.4051495 -0.019086968 0.015596818
7 3 0.08379263 -7.6422677 2.228918 18.772339 0.7471996 1.7610377 0.6816287 6.5740066 0.010476045 0.14571542
7 3 0.07781441 -7.3923893 2.178677 18.750778 0.7080276 1.8233495 0.67833954 6.567396 0.110427074 -0.042872846
7 3 0.07522957 -7.7399063 2.098906 19.26013 0.5975227 1.6829777 0.5950912 0.65842295 -0.08007479 0.03374926
7 3 0.07442725 -7.6995955 2.0994022 19.127777 0.6265344 1.7111088 0.6136406 0.70292383 -0.075424075 -0.059873693
7 3 0.07244545 -7.6643887 2.2263646 19.288742 0.70313454 1.7714937 0.675502 6.5710726 0.101740226 0.04115691
7 3 0.065751925 -7.6527476 2.183141 19.018578 0.62520885 1.6831702 0.61233866 3.8507032 -0.1086159 0.04295811
7 3 0.06354523 -7.4620094 2.1084146 18.580395 0.7590858 1.7454343 0.7096217 6.3350406 0.02493106 -0.047081202
7 3 0.05665447 -7.1367903 2.1876307 17.84064 0.714409 1.7839019 0.6683339 6.6609464 -0.004518343 0.06805835
7 3 0.05426913 -7.109526 2.20187 17.747185 0.68975455 1.7865613 0.6169287 6.624866 -0.059986584 -0.009881349
8 8 0.079351395 20.451488 1.6698083 26.898386 0.40561542 0.64614487 0.42657968 5.4293094 -0.106499694 -0.018585991
8 8 0.077232994 20.126226 1.6377196 26.386415 0.41182315 0.639593 0.45838225 5.4212837 -0.08537216 -0.014567381
8 8 0.06568036 20.32928 1.6087551 26.678812 0.42644298 0.6501179 0.42590764 5.363104 -0.0656615 0.00600758
8 8 0.062203888 20.506927 1.6357739 26.981628 0.4156773 0.6574467 0.39810106 5.368563 -0.11312886 0.0006572418
