0 5 0.36483645 -12.752524 2.3942046 20.602571 4.746319 1.5800459 1.9467562 2.105674 -0.11424203 -2.5169384
0 5 0.35943353 -2.4038744 2.3072681 47.480965 5.241502 1.9226245 2.1324072 2.3441472 -0.07675707 -9.300512
0 5 0.35775983 -12.644307 2.3767729 20.369839 4.7133727 1.5991431 1.954551 2.0926757 -0.092144184 -2.8285217
0 5 0.28516337 -12.967537 2.4350996 20.921452 4.6872444 1.6067727 1.9472885 2.0798054 -0.07317622 -0.83951956
0 5 0.27264634 -2.4332187 2.369985 48.40431 5.3572655 1.9349837 2.1693592 2.343596 -0.12950419 -9.063665
0 5 0.19947982 -2.4096332 2.2897782 47.048954 5.202179 1.8755211 2.12064 2.3427484 -0.09594808 -11.30718
0 5 0.17615244 -12.333826 2.4712963 19.857702 4.4418755 1.5384381 1.8679695 2.0750546 -0.055231243 -2.0522873
0 5 0.10369097 -11.956337 2.4455194 19.54121 4.5091314 1.5499202 1.8843706 2.0557852 -0.0794038 -1.5373491
0 5 0.09177201 -13.172216 2.4262903 20.961168 4.6946983 1.5288056 1.918008 2.0424697 -0.04116436 -2.527886
0 5 0.08627209 -13.443156 2.459121 21.296206 4.6602287 1.5239505 1.918207 2.0581229 -0.0658554 -2.5912323
0 5 0.07264088 23.463318 1.055219 48.697098 11.795101 3.019616 2.8465767 3.4698486 -0.07350114 -0.09798776
0 5 0.06976524 -2.4565785 2.3825016 47.90802 5.317582 1.9241949 2.136277 2.3458514 -0.05168724 -8.669393
0 5 0.06714467 -2.8269246 3.020608 59.156494 5.015378 1.8367604 2.0615127 2.4603987 0.0004494004 -3.4055667
0 5 0.06695271 -2.7322593 2.6440368 56.818108 4.939246 1.8493947 2.0417736 2.435741 -0.029490337 -2.135732
0 5 0.06670997 24.551025 1.0563687 51.319485 11.835 3.0507574 2.8607273 3.451065 0.003987292 -0.092329495
0 5 0.062365785 -12.1601 2.6453931 19.6415 4.541433 1.5843657 1.892822 2.0581517 -0.11448343 -1.5122517
0 5 0.052240502 -18.24211 2.9001048 32.505848 4.630181 1.6511288 1.9584247 2.019969 -0.018586429 -0.047845036
0 5 0.05208089 -2.4196308 2.5657277 55.554287 5.2549386 1.952631 2.1038911 2.5276856 -0.05064922 -2.7385333
1 5 0.053573504 -2.4332187 2.369985 48.40431 5.3572655 1.9349837 2.1693592 2.343596 -0.12950419 -9.063665
3 5 0.39861572 24.551025 1.0563687 51.319485 11.835 3.0507574 2.8607273 3.451065 0.003987292 -0.092329495
3 5 0.34852558 23.463318 1.055219 48.697098 11.795101 3.019616 2.8465767 3.4698486 -0.07350114 -0.09798776
3 5 0.2349138 24.974386 1.0900174 51.789955 11.838245 3.062794 2.8344092 3.432328 -0.01218629 -0.27922073
3 5 0.17595738 24.434624 1.1394029 50.578487 11.814022 3.0891633 2.8851886 3.5228064 -0.047695413 -0.022421198
3 5 0.13137366 24.794338 0.98975444 50.33325 11.845947 3.066428 2.8435059 3.4437082 -0.040216193 -0.087423995
3 5 0.11481045 27.216206 2.4196773 54.27286 12.738715 3.1825168 2.9998636 3.8548498 0.019398348 -0.05603899
3 5 0.092419565 25.423782 1.9915869 52.374172 12.157347 3.0151534 2.9862275 3.681141 0.01435147 -0.7057871
3 5 0.091156326 24.614138 1.1653447 52.286263 11.663369 2.9433784 2.7843113 3.3795445 -0.078629375 -0.007831238
3 5 0.08499093 27.473133 2.4502192 58.247578 12.18203 3.2083306 2.923851 3.7909229 -0.010296417 -0.111425586
3 5 0.083200045 25.120296 1.4386407 51.941513 12.567572 2.9845457 3.1155095 3.6747994 -0.079375535 -0.169649
3 5 0.07629433 27.928236 1.4071776 58.30663 12.564462 3.0948975 2.9864695 3.8074949 -0.040864564 -0.1958985
3 5 0.06852359 26.133955 1.2448785 52.680298 11.855246 3.1962893 2.8832564 3.4869502 -0.034121677 0.0029466003
3 5 0.05503387 26.183235 1.6646496 53.376446 12.352792 3.0677464 3.1148202 3.8216739 -0.032793637 -0.10043546
7 3 0.3056347 -7.501245 2.1543264 19.870495 0.6917617 1.7624408 0.66272235 3.653198 -0.050666817 0.08587988
7 3 0.20425262 -7.3874106 2.1221025 19.57227 0.67335594 1.7373303 0.6178495 3.5905995 -0.05149962 0.066832736
7 3 0.20295516 -7.4744983 2.1898952 19.922783 0.74772894 1.7732483 0.73064554 3.7215416 -0.041835643 0.057062432
7 3 0.1892534 -7.509828 2.1565065 19.958307 0.703166 1.7498484 0.66496235 3.6942327 0.07370055 0.24143434
7 3 0.13667324 -7.1761794 2.0635905 19.078293 0.6905526 1.7531378 0.6745836 3.7285879 0.016544512 -0.01297135
7 3 0.123898596 -7.9086266 2.1872401 20.878439 0.6653056 1.7186052 0.64295465 3.8572247 -0.068516664 0.038475215
7 3 0.11293484 -7.8357697 2.1729214 20.69724 0.6463717 1.7043939 0.65105766 3.8462565 -0.08458469 0.02857196
7 3 0.11186067 -7.252176 2.128536 19.435844 0.7719393 1.7555542 0.7073885 3.666369 0.003605608 0.0144664645
7 3 0.06329298 -7.71211 2.219005 20.126566 0.76457447 1.7709918 0.66819245 6.6212344 -0.033404678 0.05789338
7 3 0.061664574 -7.8662744 2.132403 20.790506 0.6751113 1.7483613 0.66582495 3.897033 -0.10213658 0.3485667
7 3 0.05918884 -7.9222608 2.2663991 20.635296 0.7031247 1.7618201 0.64266056 3.5765128 0.010447791 0.17463514
8 8 0.09755905 9.717978 1.5303266 10.928305 0.4705517 1.1907128 0.42880407 2.736112 -0.051829405 -0.026343908
8 8 0.051016383 10.155453 1.5392451 11.407375 0.4687993 1.2093074 0.4055116 2.7992687 -0.00929708 -0.024387337
