0 5 0.5405862 -13.136092 2.2358186 17.002108 4.6253457 1.5231302 1.8639058 1.7383443 -0.09131592 -3.3941507
0 5 0.3518778 -3.1549788 1.9455036 45.18239 4.7081523 1.5768108 1.972494 2.373455 -0.098235875 -7.7365575
0 5 0.28192663 -3.1003501 1.9515407 45.742706 4.7648506 1.5578758 1.9516855 2.3514562 -0.09624719 -6.426825
0 5 0.27546728 -12.899408 2.2257736 16.709328 4.6200933 1.5310695 1.8630534 1.730614 -0.020235013 -1.2634554
0 5 0.2574388 16.59341 1.7354131 59.92783 4.845752 1.6058574 2.0009375 3.065766 -0.03631247 -2.6940243
0 5 0.21145663 -22.155178 2.7070017 55.646473 4.7478004 1.6125215 1.981323 6.191716 0.055865876 -0.025019823
0 5 0.21045947 1.9846363 2.1367552 67.130936 4.6713505 1.6036787 1.9421246 5.4123816 -0.04346863 3.5988076
0 5 0.20179339 16.829016 1.8081584 60.648758 4.741119 1.5929053 1.9660888 3.0615304 -0.03972723 -2.6576748
0 5 0.18515307 25.308014 1.7362318 38.589146 4.4105926 1.6614885 1.8707472 5.976285 0.01837801 5.763261
0 5 0.16628173 -22.098898 2.6820233 55.310925 4.728496 1.5871567 1.9677687 6.180888 0.057378538 -0.03414776
0 5 0.161072 17.137545 1.7647146 61.682354 4.8172984 1.6239926 1.9848691 3.0219777 -0.025006533 -3.7656896
0 5 0.16101381 2.1080117 2.0756638 67.682076 4.6346736 1.5750104 1.9348459 5.197997 -0.06139823 6.588756
0 5 0.14382699 24.471188 1.7168496 37.288067 4.4086123 1.6969665 1.8698335 6.018529 0.05110973 5.3217683
0 5 0.1394319 2.173639 2.0523548 69.83633 4.6111274 1.6046002 1.9698671 2.8540106 -0.09545012 3.5254495
0 5 0.1305557 16.934313 1.7588913 61.03237 4.718577 1.5855062 1.9555304 3.0628808 -0.048100196 -3.1453266
0 5 0.121157244 2.001608 2.0868657 66.893074 4.6619005 1.579692 1.9454522 5.415639 -0.059230603 1.0846593
0 0 0.118194625 10.659998 1.7077428 16.333437 2.0720928 1.62975 0.6318935 3.4340832 0.04177074 1.7585455
0 5 0.11652162 -22.658186 2.7262912 56.747757 4.8060246 1.5955986 2.000605 6.1850057 0.052002177 0.018667534
0 5 0.11008781 -22.418522 2.685051 55.796165 4.784334 1.5687684 1.9963175 6.1456146 0.065625556 0.050396957
0 5 0.10941761 17.152096 1.7728367 61.97295 4.791371 1.5775666 1.9659727 3.095018 -0.059053242 -2.1747577
0 5 0.1058749 2.0424998 2.0876093 68.82519 4.646441 1.6172426 1.9881269 2.9538674 -0.030309182 1.1290052
0 5 0.1034085 15.426121 1.7615485 55.805584 4.5881042 1.5384978 1.9029024 3.1874323 -0.078614846 -2.2611735
0 5 0.10188317 -3.3566496 1.9226787 46.14677 4.7031875 1.5714961 1.9506681 2.4489543 -0.101776354 -7.7776513
0 5 0.101181194 2.1290543 2.0411913 67.28877 4.636511 1.549065 1.937419 5.205689 -0.06286039 7.362562
0 5 0.09883922 -21.873297 2.6211305 54.777275 4.7113385 1.6220232 1.9737318 6.158448 0.08864159 -0.027484514
0 5 0.09593673 27.11913 1.6650475 41.22574 4.4739056 1.6516047 1.8607876 6.0782666 0.07775478 5.1585155
0 5 0.09574202 2.2269082 2.1253004 70.14651 4.590507 1.6154692 1.9637825 2.7573082 -0.067489356 2.7443495
0 0 0.09515662 10.863405 1.6151822 16.555557 2.0998619 1.6532319 0.6289416 3.3716867 0.051063985 1.5129231
0 5 0.0929491 1.4573671 2.0698342 67.63184 4.7074757 1.6364863 2.0307572 3.0106432 0.0042964127 1.7437302
0 5 0.09217646 -3.724992 1.9941602 50.827652 4.422354 1.5267533 1.8065102 2.6027672 -0.08627731 -0.07085715
0 5 0.08846487 17.033983 1.738972 61.42787 4.814493 1.6429626 1.9810021 3.0493095 -0.018728657 -3.0615747
0 5 0.08771234 -21.685667 2.5994735 54.288723 4.6639066 1.6126099 1.9438006 6.188301 0.11923487 0.41744813
0 5 0.08352787 15.141897 1.7848219 55.626385 4.6155643 1.5445309 1.9069575 3.2669294 -0.10191482 -1.8307582
0 5 0.0776641 26.63874 1.677 40.61421 4.458152 1.6876717 1.8576641 6.049438 0.09631338 4.8986964
0 5 0.07764508 -21.707933 2.6181333 55.06629 4.3313437 1.4944777 1.8520714 5.918668 0.026586642 0.053963512
0 5 0.074166976 -21.474768 2.5302434 54.921906 4.5317597 1.5582823 1.8839421 6.032583 0.07383156 0.007772021
0 5 0.0727331 -3.2026567 2.1979303 47.23069 4.771016 1.5519423 1.9459072 2.3571637 -0.025644155 -4.3185887
0 5 0.068009466 2.1087584 2.0747018 69.35699 4.6296983 1.6041199 1.9796124 2.9272346 -0.11084335 3.5221539
0 5 0.06674909 -3.5764122 1.9865633 49.47585 4.4226146 1.5247579 1.8073738 2.6287246 -0.11623991 -0.8173993
0 5 0.06440463 -3.67997 2.0749788 56.460278 4.416329 1.5478628 1.8219123 2.6105142 -0.10581053 -0.6995842
0 0 0.064126715 11.312323 1.7535392 17.495634 1.9258916 1.5849748 0.6547305 4.1110716 -0.05557684 0.026088946
0 5 0.06292347 1.7554158 2.1397543 66.81354 4.67027 1.6200938 1.948558 2.3540945 -0.049585663 1.3164206
0 5 0.062052716 15.081915 1.7862406 55.411846 4.608418 1.5651175 1.9160416 3.248476 -0.09434715 -1.2490538
0 5 0.061889336 0.85755944 2.1343746 70.35329 4.616287 1.6287329 1.955254 2.316696 -0.054177858 -0.6184848
0 0 0.061095327 10.448761 1.7233466 16.14449 2.1262953 1.5949314 0.69596195 3.5121796 -0.061032012 0.7433282
0 5 0.058205053 1.9914554 2.0589926 68.19321 4.685174 1.6077925 2.0008137 2.879525 -0.040448144 -0.7076977
0 5 0.055054266 -23.90385 2.592435 59.399666 4.6505857 1.6167418 1.9767936 6.1372633 0.053400643 0.4197414
0 5 0.054642085 1.4680133 2.052978 68.6589 4.6553974 1.6433817 2.015018 2.9025226 -0.049035944 1.6503946
0 5 0.053599622 2.3779094 2.036676 67.855736 4.632998 1.5728359 1.9421896 5.0758257 -0.05164522 6.901015
0 5 0.053366303 -24.26934 2.8573914 60.095093 4.6802473 1.598474 1.9544387 6.0828347 0.080338545 0.088562496
0 0 0.05270911 11.297651 1.7330229 17.37174 1.8860836 1.652468 0.5880316 4.098698 -0.03668184 0.069407396
0 5 0.052306227 -18.672546 1.6299722 69.447266 4.4057274 1.553772 1.8966224 4.349234 -0.022925278 5.320925
0 5 0.05213951 -0.05819301 2.0999308 72.808846 4.559343 1.6396472 1.9473773 2.261245 -0.06365851 -0.037110955
0 5 0.051483165 -24.104338 2.6227252 59.32706 2.5249503 1.5886643 0.7964956 5.9035544 0.013812851 -0.035799485
0 0 0.050986957 11.4257145 1.7116561 17.473978 1.9202111 1.5150131 0.6282347 4.3021364 -0.02807976 0.38012704
1 5 0.05724065 1.9846363 2.1367552 67.130936 4.6713505 1.6036787 1.9421246 5.4123816 -0.04346863 3.5988076
3 5 0.10552905 -16.081785 0.047525644 58.790813 11.157759 4.5527925 2.7001512 4.213767 0.018649692 2.332013
3 5 0.09555868 25.048195 1.0637019 139.49733 12.84992 3.176979 3.206244 4.87412 0.05314198 7.886346
3 5 0.09516703 -16.398186 0.03586173 59.64901 11.322071 4.5936723 2.6568217 4.2232113 0.05603168 2.4244282
3 5 0.08394808 -16.350285 0.024364233 60.500786 11.466782 4.505771 2.6694424 4.2258143 0.07266362 2.355576
3 5 0.07390584 25.614174 0.9507497 143.73013 12.691021 3.1295755 3.1858048 4.894163 -0.009008408 9.644645
3 5 0.06147844 -16.757256 0.073844194 59.417965 11.0127535 4.6348557 2.6118574 4.192564 0.037511848 3.3331895
3 5 0.06034251 -17.23433 0.07358599 61.168434 10.3687 4.1019287 2.6291502 4.127817 0.018138362 1.563418
3 5 0.05107183 24.70392 1.0424206 136.874 12.33909 3.1710238 3.0897748 4.8733425 0.016802708 7.7159433
4 5 0.05499253 -13.136092 2.2358186 17.002108 4.6253457 1.5231302 1.8639058 1.7383443 -0.09131592 -3.3941507
5 0 0.24799913 9.869813 1.6581068 15.139906 1.9379696 1.6005139 0.64360374 3.8529806 -0.09352318 -0.020832594
5 0 0.15726294 9.99479 1.6835481 15.412876 1.9888918 1.562896 0.62547284 3.9873137 -0.07309966 -0.026670845
5 0 0.12832192 10.659998 1.7077428 16.333437 2.0720928 1.62975 0.6318935 3.4340832 0.04177074 1.7585455
5 0 0.098314345 9.8910675 1.6213007 15.084545 1.9437177 1.6095375 0.66167665 3.681678 -0.05389545 -0.0022053942
5 0 0.073936254 10.448761 1.7233466 16.14449 2.1262953 1.5949314 0.69596195 3.5121796 -0.061032012 0.7433282
5 0 0.07390702 10.80479 1.7200434 16.567902 1.8556747 1.6062225 0.6777257 4.3106265 -0.08347691 -0.041948285
5 0 0.071395695 10.863405 1.6151822 16.555557 2.0998619 1.6532319 0.6289416 3.3716867 0.051063985 1.5129231
5 0 0.058179446 9.848924 1.6508683 15.021861 1.9507766 1.5385003 0.65839416 3.760457 -0.044417784 0.0018128641
5 0 0.05758757 11.312323 1.7535392 17.495634 1.9258916 1.5849748 0.6547305 4.1110716 -0.05557684 0.026088946
5 0 0.05293674 10.493312 1.6093776 16.007742 1.8323594 1.5863317 0.5952214 4.290082 -0.01915086 -0.015151901
5 0 0.050469335 11.4257145 1.7116561 17.473978 1.9202111 1.5150131 0.6282347 4.3021364 -0.02807976 0.38012704
6 0 0.15159407 10.659998 1.7077428 16.333437 2.0720928 1.62975 0.6318935 3.4340832 0.04177074 1.7585455
6 0 0.14942603 9.869813 1.6581068 15.139906 1.9379696 1.6005139 0.64360374 3.8529806 -0.09352318 -0.020832594
6 0 0.092510305 10.863405 1.6151822 16.555557 2.0998619 1.6532319 0.6289416 3.3716867 0.051063985 1.5129231
6 0 0.09232257 11.4257145 1.7116561 17.473978 1.9202111 1.5150131 0.6282347 4.3021364 -0.02807976 0.38012704
6 0 0.089987315 9.8910675 1.6213007 15.084545 1.9437177 1.6095375 0.66167665 3.681678 -0.05389545 -0.0022053942
6 0 0.08589552 11.312323 1.7535392 17.495634 1.9258916 1.5849748 0.6547305 4.1110716 -0.05557684 0.026088946
6 0 0.08563874 10.80479 1.7200434 16.567902 1.8556747 1.6062225 0.6777257 4.3106265 -0.08347691 -0.041948285
6 0 0.0835356 9.99479 1.6835481 15.412876 1.9888918 1.562896 0.62547284 3.9873137 -0.07309966 -0.026670845
6 0 0.08272339 11.154518 1.7367617 17.047281 1.8731718 1.5487543 0.6118055 4.32436 -0.04228653 0.43185982
6 0 0.08181377 10.448761 1.7233466 16.14449 2.1262953 1.5949314 0.69596195 3.5121796 -0.061032012 0.7433282
6 0 0.079083204 11.297651 1.7330229 17.37174 1.8860836 1.652468 0.5880316 4.098698 -0.03668184 0.069407396
6 5 0.07541913 25.308014 1.7362318 38.589146 4.4105926 1.6614885 1.8707472 5.976285 0.01837801 5.763261
6 0 0.07396729 10.493312 1.6093776 16.007742 1.8323594 1.5863317 0.5952214 4.290082 -0.01915086 -0.015151901
6 5 0.055990584 24.471188 1.7168496 37.288067 4.4086123 1.6969665 1.8698335 6.018529 0.05110973 5.3217683
6 0 0.050932284 10.370104 1.7181605 15.816512 1.9368621 1.6796243 0.7058362 4.48943 -0.0083209565 -0.030479515
7 3 0.34271142 -7.175839 2.0050282 25.3129 0.70061255 1.758734 0.6935684 3.99556 -0.020377045 0.03717226
7 3 0.18751869 -7.417525 2.005156 26.091877 0.68165034 1.7559388 0.6662819 3.9516983 -0.0815078 0.023153637
7 3 0.1760213 -7.0803056 1.9155129 24.83978 0.69930166 1.7352781 0.6915232 6.580603 0.004725214 -0.009515773
7 3 0.1752564 -7.304059 2.050805 25.802332 0.7049687 1.7646177 0.6676582 4.0164723 0.17099458 0.44777006
7 3 0.1329034 -7.2595277 1.9454083 25.305262 0.70666796 1.7810929 0.6914476 6.3999734 0.053830072 0.15493262
7 3 0.12919037 -7.0365644 1.9232216 24.67958 0.7736442 1.7559181 0.70009476 6.604165 -0.023310898 -0.053636752
7 3 0.12296691 -7.2922106 2.015927 25.600946 0.6795316 1.7498208 0.6827002 4.123055 -0.03441287 0.009417225
7 3 0.11318174 -7.2924128 1.975945 25.48588 0.72393715 1.793871 0.7035321 6.5941234 0.094487526 0.1474089
7 3 0.10614632 -7.363699 2.039411 25.917227 0.68787533 1.7721701 0.661971 3.9017675 -0.017162755 0.33680058
7 3 0.103906855 -7.1784463 1.9875942 25.022774 0.75099397 1.7907612 0.7375699 6.5336266 0.118731044 0.21226421
7 3 0.10247557 -7.443586 2.0286489 26.21401 0.6561264 1.7779077 0.63674045 4.1678963 -0.0010305122 0.62771136
7 3 0.09125139 -7.4597774 2.05581 26.306854 0.69088405 1.7436738 0.6676839 4.091909 0.104584366 0.21205941
7 3 0.07895344 -7.0448604 1.874201 24.763897 0.73205835 1.7887447 0.6439416 6.4543967 0.042420983 -0.018774897
7 3 0.07832475 -7.81108 2.0702457 27.43413 0.65729004 1.7496893 0.6247588 4.1583333 -0.009241756 0.6259034
7 2 0.0593035 22.02236 2.1311607 50.93772 0.71880966 1.812503 0.6117829 2.4104939 0.015984649 0.26674113
7 3 0.057075683 -7.5087776 2.0429196 26.359516 0.6553991 1.7847455 0.6159598 4.392252 -0.0031470023 0.5773061
