0 7 0.5118277 4.7205324 1.9899501 9.915468 4.197323 1.4975436 1.762428 4.814407 -0.08980505 0.22414154
0 5 0.24114315 -7.50922 2.2205467 52.399094 4.640805 1.5303624 1.9501284 2.3593094 -0.013362449 -3.6658428
0 5 0.23457588 10.728426 1.6351339 58.819717 4.580917 1.5844328 1.918955 3.13575 -0.12747036 -4.2840953
0 5 0.22668009 -7.545819 2.23464 52.610332 4.705767 1.5161437 1.9629805 2.368908 -0.04393045 -3.9235568
0 5 0.18563825 20.701118 1.782551 44.448364 4.5392647 1.5493122 1.9201323 2.5197072 -0.023060843 4.182535
0 5 0.18015452 -36.117275 3.3493412 74.837036 4.7421126 1.5847195 2.0017378 6.1928296 0.10190037 0.015281018
0 5 0.17846033 12.685391 1.7163701 67.72749 4.7701316 1.68796 1.9781253 2.801324 -0.011608118 -3.5025203
0 5 0.17583683 12.3325205 1.7349966 66.23201 4.6431746 1.7203264 1.9656929 2.7976553 -0.0063406564 -3.5702612
0 5 0.15761548 -7.6745076 2.2637753 53.30305 4.6590767 1.52601 1.9421055 2.3668356 -0.021961832 -2.4830887
0 5 0.15523884 21.002983 1.7858841 44.971035 4.5336075 1.5591673 1.924803 2.5086262 -0.11489797 4.3676815
0 5 0.1535432 20.414833 1.7837563 43.857113 4.4963374 1.5334699 1.9185766 1.8642361 -0.010216418 2.7496302
0 5 0.15263157 -32.64652 3.087121 67.515236 4.5200315 1.561857 1.934727 6.24679 0.035648935 -0.058380235
0 5 0.14836414 10.856763 1.6025062 59.545513 4.603916 1.5882676 1.9298567 3.1252332 -0.08951114 -2.0081584
0 5 0.14412092 45.27672 1.535917 54.63599 4.752581 1.6541955 1.9976503 7.400887 -0.01904884 0.79171
0 5 0.14316586 -7.5521173 2.239016 52.846424 4.6344743 1.5527534 1.9356594 2.311354 -0.086074814 -4.004175
0 5 0.13434893 -7.299932 2.2075043 51.27668 4.5603 1.5169486 1.8890189 2.2821035 -0.038114175 -1.3474747
0 5 0.13425177 -33.132668 3.0866077 69.31926 4.488046 1.5684619 1.9333185 6.2524905 0.014889283 0.028500933
0 5 0.13202628 20.639542 1.765048 44.187424 4.493631 1.5271875 1.9206127 2.228218 -0.105998985 5.0379825
0 7 0.12482226 5.010756 2.0674798 10.341814 4.2531557 1.5570639 1.7984341 4.7885094 -0.061126694 1.6523207
0 5 0.116513595 45.09331 1.4694068 53.714596 4.7436037 1.665196 1.9890199 7.3211327 -0.011428859 0.6789373
0 5 0.11477649 -36.74438 3.428268 76.51102 4.653293 1.5792708 1.9779569 6.156153 0.025389863 -0.5628185
0 6 0.1119267 -45.75598 3.2856545 55.35285 4.6110926 1.772727 1.9774168 2.8980935 -0.060140178 -0.0047426485
0 5 0.104203194 12.183005 1.6677511 65.47212 4.6781015 1.6596917 1.9717736 2.877389 -0.0039026001 -3.844812
0 5 0.103867844 12.487612 1.687129 66.47177 4.668206 1.7028083 1.975602 2.8082414 -0.035250526 -4.8011127
0 5 0.10234617 12.540298 1.6963692 67.33423 4.8456087 1.6746492 1.9966693 2.880139 -0.049241833 -2.112856
0 5 0.10028868 45.64828 1.5591044 55.343346 4.734143 1.647073 1.9994941 7.451532 -0.032857098 0.9044506
0 5 0.0973702 12.560065 1.583147 67.12067 4.7231402 1.6536782 1.9637722 2.7863739 -0.03272053 -4.350461
0 5 0.09595895 10.943534 1.6324425 59.87785 4.583605 1.5950396 1.9360675 3.0775802 -0.036732376 -1.5721664
0 5 0.09456708 -32.920788 3.0938737 67.28563 4.5020375 1.557598 1.921214 6.2286773 0.030308304 -0.29415396
0 5 0.09398884 -7.415331 2.2404058 51.941868 4.5496707 1.5383552 1.8893118 2.2801802 -0.071161546 -1.598798
0 5 0.08822439 -35.48454 3.3354247 73.46084 4.7437563 1.6348258 1.9968727 6.2184834 0.07877502 0.04111699
0 5 0.08191661 21.619556 1.7990364 46.318604 4.546198 1.5277073 1.9081812 2.1641636 -0.053983465 3.0156963
0 5 0.077914715 -36.59876 3.4372392 76.02925 4.704486 1.5576326 1.9893535 6.1790724 -0.038918793 -0.039950013
0 5 0.07732324 21.47321 1.7906003 45.866158 4.513517 1.5503736 1.9003867 2.706277 -0.06397107 3.504064
0 5 0.07720126 -7.569345 2.2056885 51.562695 4.545904 1.5073432 1.8656874 2.2910752 -0.064007856 -1.5405887
0 6 0.0768509 -45.886257 3.2784534 55.531113 4.55723 1.7773529 1.9817128 2.866156 -0.023256298 -0.002016427
0 5 0.07477499 5.05286 2.1768913 10.037272 4.6536384 1.579292 1.9007756 4.6705265 0.046582922 0.06729461
0 5 0.07469285 43.75229 0.48320907 80.071526 4.731648 1.8543776 1.9735224 5.3577766 0.061470278 9.3163395
0 5 0.07372595 45.597202 1.4885528 55.03642 4.809234 1.6219532 1.9990509 7.3832192 0.018542575 1.1782635
0 5 0.07276681 21.198942 1.747222 45.04162 4.4942536 1.5615581 1.9079013 1.7747909 -0.08357456 3.7926722
0 6 0.070128486 45.30122 1.4193003 53.98638 4.831717 1.6505212 2.004036 7.3008556 -0.023095433 0.87838787
0 7 0.069819026 5.112604 1.9553578 10.846081 4.215993 1.4586349 1.7694092 4.8395386 -0.055283137 2.1704755
0 5 0.06777829 -33.023884 3.131144 68.45458 4.512066 1.5626605 1.9295368 6.260095 0.024174796 -0.0108472295
0 5 0.067467086 -35.81748 3.3239298 74.67837 4.6244254 1.597435 1.9756991 6.2052727 0.0063662566 -0.015410172
0 5 0.064103045 10.528025 1.5869651 57.88031 4.5915527 1.6108171 1.9119853 3.1226802 -0.04581169 -1.8927217
0 5 0.06401572 -33.823742 3.160172 70.81844 4.458062 1.5573823 1.9205489 6.2756376 0.050807886 0.07989348
0 7 0.06347859 4.892786 1.9542003 10.525228 4.2046957 1.5508991 1.7098038 4.7437425 0.003419768 0.3010047
0 5 0.0631183 20.565607 1.7827971 43.535282 4.4792805 1.5777954 1.8801206 1.5703399 -0.036587633 2.0574455
0 5 0.06253449 -7.309963 2.2082424 52.693737 4.487618 1.4952114 1.8697629 2.2443652 -0.0056099286 -1.4978176
0 5 0.06205842 20.604757 1.792775 44.696396 4.512402 1.5524426 1.9004807 2.560566 -0.10520843 4.1181164
0 6 0.06032226 44.866577 1.4771273 52.28696 4.7436304 1.6824477 1.976364 4.1628957 -0.0017555244 0.29336965
0 5 0.060086127 -32.90138 3.022017 68.70675 4.460084 1.5673499 1.9417987 6.245896 0.07258187 -0.026345218
0 6 0.05987198 44.60427 1.4945754 53.87433 4.68255 1.6724095 1.9949489 7.3723893 0.0021465048 1.364328
0 5 0.057895467 -33.666477 3.1025443 71.23709 4.3847146 1.5553406 1.9085709 6.2515574 0.010369012 0.013708826
0 5 0.05680651 4.781565 1.8548169 9.364014 4.6194057 1.5395325 1.936808 4.6763487 0.025423096 1.188483
0 5 0.054340094 46.21638 1.5327028 56.834526 4.6964626 1.6358061 1.9923097 7.353905 -0.050254196 0.83100307
0 5 0.054280713 46.214226 1.5217019 55.954082 4.7683954 1.6091242 1.9947745 7.3838487 -0.0034899926 0.8816551
0 6 0.053950522 44.308735 1.48278 52.954235 4.6621594 1.6761496 1.978557 7.2961435 -0.023374215 1.7905934
0 5 0.05340685 44.0752 0.6349765 80.62411 4.6238513 1.8423355 1.9429487 5.3439317 0.064871706 9.02013
0 7 0.053034525 4.448689 1.8965998 9.444073 4.2087054 1.5446973 1.6993484 4.7517776 -0.024068065 0.038308483
0 5 0.05289814 12.356185 1.697412 65.97798 4.769394 1.6909148 2.0193334 2.7883787 -0.0123051815 -3.22848
0 5 0.051571686 10.684608 1.6511018 58.29484 4.5912113 1.6175495 1.9132109 3.0717175 -0.02140978 -2.0820818
0 5 0.051229402 -7.465176 2.2446668 53.584396 4.4242296 1.5111696 1.8624617 2.2580144 -0.049024038 -1.7422705
0 7 0.05112162 5.5773945 1.9683883 11.879952 3.9222293 1.5810012 1.4661626 4.730605 -0.01786802 1.7839669
0 2 0.050224774 9.64576 1.7961413 20.804358 1.0491114 1.6596563 0.7014869 1.2538077 -0.12876156 1.8917464
3 5 0.081869714 -14.195906 0.6619191 60.224327 10.999762 4.0556316 2.5161753 0.7948326 0.030775083 -0.103648975
3 5 0.06711826 -12.623883 0.63067985 56.724926 10.789145 3.907067 2.5040793 0.98399246 0.02231055 -0.72708386
3 5 0.062258385 -15.650884 0.6911551 65.6768 10.805505 3.9851196 2.5630407 0.76349217 0.011287242 -0.31162465
7 2 0.4461202 -7.121472 2.053605 33.918972 0.7572363 1.7191393 0.70807374 4.2269273 0.28944692 0.6911449
7 2 0.24929687 -7.1041737 2.0398383 33.641476 0.7722406 1.6890798 0.6692032 4.222641 0.29504248 0.7531021
7 2 0.211496 -7.020385 2.0481412 33.8974 0.78417385 1.7292231 0.71190375 4.1567554 0.3574696 0.74920845
7 2 0.20857266 -7.2010317 2.048896 34.04778 0.75789195 1.6938679 0.6646801 4.216062 0.34889078 0.8423505
7 2 0.13612899 7.0805297 1.9041657 14.007173 0.6914171 1.7245355 0.66168797 4.4581447 0.002171306 0.3628108
7 2 0.12295009 7.2880435 1.9345458 14.274703 0.69672805 1.7177919 0.6541487 4.4866247 -0.0010624807 0.33053762
7 2 0.1195937 -6.982647 2.0235474 33.46676 0.75638336 1.723883 0.6793008 4.1245155 0.32626525 0.87950593
7 2 0.11712448 -6.8810916 2.0008955 32.872746 0.76094633 1.7165099 0.71210754 4.0442247 0.36178544 0.9143677
7 2 0.11376104 6.823135 1.8598044 14.238877 0.7142855 1.7112203 0.66108805 7.5121627 -0.0036958465 0.21215603
7 2 0.10914573 -7.2982845 2.078606 33.836582 0.78476435 1.7335986 0.6985365 4.156637 0.24372871 0.5795051
7 2 0.093767084 -6.9988217 2.0079854 33.15609 0.7623017 1.7014769 0.70231277 4.0382676 0.37863183 1.0744511
7 2 0.09018167 -6.886543 2.0430765 34.427036 0.712411 1.7371252 0.7016194 4.1921215 0.44497144 0.8874818
7 2 0.0841415 -6.6095304 2.0932357 31.724905 0.8141329 1.7678534 0.6532524 6.257092 0.20047699 0.52696973
7 2 0.08395417 6.769546 1.9315166 13.233756 0.68677545 1.6886469 0.6547839 7.5333176 0.053715795 0.22028035
7 2 0.08169426 -7.422315 2.0500386 34.447144 0.7550622 1.7089713 0.6490623 4.1663923 0.42496327 1.054068
7 2 0.08127573 6.5967655 1.9215474 13.046128 0.6506003 1.7096013 0.649044 7.4811373 0.08044374 0.28378984
7 2 0.08113938 6.9239173 1.8656518 14.757937 0.75176173 1.714754 0.66526 4.3143325 -0.04207898 0.20507812
7 2 0.070008196 -6.875549 1.8931851 33.032173 0.758179 1.7681834 0.61645615 6.6150007 0.27038437 0.7513072
7 2 0.06771709 -6.922645 2.0289912 33.635334 0.8029994 1.7407635 0.73317057 4.041571 0.41600025 1.1450672
7 2 0.06590782 6.326203 1.9332364 13.068952 0.6195907 1.7030047 0.6228014 7.470946 0.06833063 0.2268329
7 2 0.06466896 13.11387 1.7107644 27.857864 0.679836 1.6891718 0.63338345 4.716567 -0.03262148 0.49866843
7 2 0.059018962 7.8701634 1.9655653 15.521955 0.7489758 1.7375958 0.6733941 7.4991283 0.036122136 0.28345487
7 2 0.058575064 8.237625 1.9369824 16.605677 0.69820124 1.7373129 0.6147458 7.425363 -0.012167595 0.27334335
7 2 0.057697024 -6.941987 2.0455275 34.673996 0.7663305 1.74433 0.70989144 4.108361 0.3652212 0.9768436
7 2 0.057193458 14.975654 1.6580249 31.722704 0.8206968 1.629991 0.6599666 4.8557477 -0.055220596 2.101589
7 2 0.053481974 -6.4346614 1.9630167 30.297176 0.6976383 1.7754914 0.68650764 4.0809374 0.12720351 0.39933205
7 2 0.052822124 8.415419 1.8127553 17.84401 0.8141972 1.7024449 0.6582593 7.4280133 -0.02247081 0.12472171
7 2 0.051604267 -7.463745 1.9421897 35.56936 0.82044446 1.8021554 0.65365577 4.5280423 0.26815006 0.56537986
7 2 0.050127108 12.66334 1.7987415 26.952484 0.6810342 1.6734308 0.62811524 4.755326 -0.07815546 0.39428732
