0 5 0.3879752 31.897217 1.5576384 45.548378 4.461985 1.5650952 1.8884411 3.2267828 -0.0051242076 -0.7895171
0 5 0.17726535 31.755722 1.5443889 45.35759 4.4331994 1.5405414 1.8871982 3.2530706 0.014065465 -0.35587355
0 5 0.16065365 32.24314 1.5250647 45.969326 4.475802 1.581701 1.9026315 3.25452 -0.03579949 -0.03161278
0 5 0.12471286 -8.235589 2.6897678 85.67884 4.626499 1.4981388 1.9222312 2.2264266 -0.020451948 -3.5010753
0 5 0.11760716 31.578562 1.533412 45.05441 4.4016137 1.5772153 1.8866186 3.2300441 -0.03941382 -1.4362836
0 5 0.10155741 31.34073 1.5401392 44.867325 4.3963084 1.5505551 1.871348 3.256055 -0.029313833 -1.5010192
0 5 0.096254714 0.3371972 2.3004832 113.19409 5.274529 1.9411271 2.1004725 1.7949618 0.09426932 -0.080695756
0 5 0.08919512 -4.6330066 2.617437 96.133804 4.7300444 1.5813725 1.9821717 1.8090813 -0.051891245 -5.751204
0 5 0.08728264 35.228725 1.7627308 50.27376 4.255619 1.5619369 1.8506079 3.376102 -0.034852855 -0.4935886
0 5 0.0797727 0.060206026 2.1859317 113.2497 5.3038626 1.9681418 2.0966277 1.7465259 0.035229325 -0.6220845
0 5 0.0773924 34.761143 1.7534461 49.616 4.1962833 1.5853432 1.841033 3.3311172 -0.060120657 -1.2231255
0 5 0.0760376 44.77539 0.453141 54.673 4.6138473 1.676973 1.9637843 2.862875 -0.00612073 0.009990413
0 5 0.07358428 33.943115 1.7350616 49.816257 4.2461386 1.5946776 1.8823999 3.2744274 -0.02208882 -0.039265316
0 5 0.07232343 34.27547 1.7608743 50.029465 4.249963 1.6340076 1.871636 3.2719977 -0.025337823 -0.0062273815
0 5 0.07185297 -8.312321 2.6616654 86.23409 4.6783743 1.5060356 1.9437904 2.170973 -0.020043347 -3.63718
0 5 0.0705722 -8.304685 2.6370835 86.79712 4.6778398 1.4797723 1.9449341 2.2189057 -0.010752955 -4.4678206
0 5 0.069431275 -1.8950735 2.0634074 106.66092 5.853662 2.0966113 2.1619718 1.6769482 -0.043037724 -2.5471704
0 5 0.06387866 -3.238308 2.399597 98.40929 5.0653462 1.715269 2.033932 1.6955572 -0.06035705 -3.1050825
0 5 0.06046049 0.11965782 2.2625756 114.056496 4.978778 1.7938743 2.059662 1.8072088 -0.008215357 1.0511936
0 5 0.06006363 -4.583163 2.5759444 94.6096 4.770045 1.5798436 1.9765764 1.7722403 -0.07354461 -4.483314
0 5 0.05739968 -4.749437 2.615807 96.3398 4.714101 1.5588979 1.9655731 1.8569193 -0.058343515 -5.707094
0 5 0.05552991 34.925617 1.7820673 48.461376 4.3419175 1.6056607 1.8795086 3.3563113 -0.014047585 -0.49187496
0 5 0.055229057 0.55268294 2.315274 111.7477 5.1287956 1.8754643 2.0959485 1.7789114 0.09783397 0.64731133
0 5 0.053674906 44.771286 0.52305603 53.503345 4.4141355 1.6427447 1.9057151 5.6733294 0.050629787 3.255777
0 5 0.05191304 44.346214 0.41886333 54.84222 4.591106 1.6792186 1.9459465 2.920242 -0.0051703295 0.00650849
0 5 0.051851444 45.105434 0.4506935 53.853764 4.4054418 1.6567246 1.9094372 5.698278 0.037942283 3.11138
0 5 0.0517446 35.412945 1.6861917 49.687428 4.284643 1.589028 1.8751078 3.3342216 -0.015218467 -0.029420462
3 5 0.28213742 -14.819808 2.4404807 30.859695 11.70772 3.5379755 2.8781948 1.8887041 -0.0040809745 0.67607564
3 5 0.2257676 -15.109137 2.4765368 31.86424 11.532845 3.632867 2.848312 1.9054027 -0.0027423482 0.5339191
3 5 0.17986557 -14.7798 1.964265 31.610746 11.441821 3.4782171 2.9120185 1.9250028 0.004712444 0.47350037
3 5 0.11939435 24.970427 1.238914 137.32625 12.723484 3.071653 3.0150154 4.842393 0.0077261142 3.6828222
3 5 0.100528024 -11.944741 1.9390033 39.227005 11.535598 3.4420536 2.8392735 5.077937 0.074476205 1.3237859
3 5 0.093036264 -16.59717 2.5345979 32.359604 11.401239 3.7204144 2.878921 5.088032 -0.008304045 1.8836132
3 5 0.088310145 25.272741 1.1968579 141.32991 12.564695 3.0304892 3.0387375 4.8642387 -0.016966652 4.3413033
3 5 0.08178701 -16.153479 2.008465 31.607958 11.362816 3.5892832 2.8636053 1.9330103 0.012623671 -0.18315876
3 5 0.07930901 -14.334702 2.023853 29.847988 11.588585 3.4178717 2.8438401 1.895429 0.04693167 0.29465067
3 5 0.07436341 -23.475237 -3.8455153 87.38762 11.60862 3.5608866 2.9609213 1.2104775 0.017538665 -0.048071988
3 5 0.07300165 -16.095598 2.186246 33.70086 12.23116 3.1071396 2.8458292 1.9118199 0.034927584 0.2953282
3 5 0.07029014 -22.886606 -3.7947412 86.30703 11.611643 3.63142 2.9285016 1.1105154 -0.014099385 -0.07140486
3 5 0.06873683 -18.05124 1.9448733 32.610275 11.566812 3.0137947 2.7876046 4.8200393 0.055929355 1.9405956
3 5 0.0643213 -19.66324 2.3589334 31.141064 12.034396 3.4211073 2.9983633 4.5547194 -0.018335396 2.300998
3 5 0.06357672 24.157764 1.2846935 132.07085 12.728105 3.1062527 2.966018 4.849467 0.015439289 3.717899
3 5 0.0621497 -23.126274 -3.844419 85.79572 11.270476 3.4635668 2.976561 1.2462044 0.01330273 -0.029054493
3 5 0.0594851 25.619844 1.2013991 140.51 12.735803 3.0228877 3.0099306 4.868453 -0.0012303051 3.6622727
3 5 0.059447255 -22.413883 -3.6903396 84.76472 11.407246 3.5618255 2.9503906 1.1894877 -0.008269576 -0.036476053
3 5 0.05626072 -7.697935 2.1165977 19.574774 1.3666068 2.0943964 1.0153512 4.9533844 0.09091339 0.16865557
3 5 0.05244678 -12.558186 1.8301445 39.865482 12.144926 3.520829 2.8804152 5.1063647 0.021451088 1.5141081
3 5 0.052238163 -18.715471 2.2306051 29.322447 11.7359915 3.1524491 2.8380177 4.495044 0.05278697 2.2948198
3 5 0.050651964 -19.24919 2.3730028 31.474583 11.716491 3.4430678 2.8951483 4.6938825 0.0008208025 2.0488226
7 2 0.3978313 -6.6769757 1.9846139 16.710232 0.8062197 1.714313 0.74394053 5.955407 0.37483028 0.22474691
7 2 0.33324456 -6.595865 2.000097 16.545876 0.84984773 1.7520078 0.78537756 6.077919 0.32195452 0.22885281
7 2 0.26069492 -6.9265394 2.0572498 17.368324 0.79421806 1.725298 0.68967503 5.908761 0.29527533 0.14806029
7 2 0.25242016 -7.0248084 2.0517888 17.559034 0.8180271 1.6980262 0.710598 6.1041865 0.39612806 0.32011682
7 2 0.115425445 -6.90046 2.0460048 16.854301 0.84370804 1.8031018 0.779771 6.0370665 0.15501522 0.06401659
7 2 0.10387687 -6.6438475 1.8322952 16.445524 0.6250684 1.599136 0.61899513 6.5733757 0.2553175 0.11510428
7 2 0.100490235 -7.10419 2.0605426 17.37428 0.832824 1.7183782 0.71571946 6.0934134 0.43215555 0.528014
7 2 0.097870745 -6.33263 1.948524 15.917916 0.78629786 1.7869887 0.7464799 6.29145 0.35206696 0.12873909
7 2 0.094606966 -6.923304 1.8234104 17.248886 0.6319229 1.577662 0.63069403 6.6057577 0.22797988 0.17756018
7 2 0.078377865 -6.5222435 1.9669001 16.284641 0.7985684 1.7867471 0.7740576 6.2901473 0.38993853 0.11851204
7 2 0.07228665 -6.6880174 1.9618617 16.8024 0.7759863 1.7245994 0.7171737 5.874949 0.39153692 0.2658932
7 2 0.061143953 -7.865671 2.1129441 19.43761 0.7891618 1.6571293 0.7218753 3.6714337 0.099468395 0.023937434
7 2 0.060013372 -7.8962345 2.1266704 19.56573 0.8148362 1.6822077 0.7239502 6.6381965 0.13699394 0.06157189
7 2 0.0588513 -6.75318 1.9884367 16.519829 0.88060427 1.8053569 0.7743806 6.500053 0.28160936 0.44010907
7 2 0.054348767 -7.715394 2.141787 19.03881 0.8198473 1.6240115 0.69880414 5.986083 0.106395856 -0.024388487
