0 5 0.38338143 -13.5659485 2.3766158 27.33405 4.6294365 1.4833149 1.8931413 1.7112329 -0.028024044 -6.4755683
0 5 0.32064202 18.513521 1.492547 55.121906 4.743115 1.5844657 2.0036237 3.3451781 -0.012723284 -1.5970867
0 5 0.3025619 0.14830397 1.9562072 50.371796 4.6746626 1.6045239 1.9626427 2.4581861 -0.06620885 -6.040065
0 5 0.28870574 0.3090149 2.006918 51.452694 4.7238603 1.6181942 1.9723581 2.492135 -0.09253322 -6.806517
0 5 0.27636218 5.8635755 2.1102538 6.8936315 4.29851 1.4050654 1.7711041 4.2656183 -0.030169765 0.02182518
0 5 0.27514547 -13.313506 2.3708777 26.844795 4.615582 1.5013038 1.8838211 1.7292292 -0.06494424 -7.6359763
0 5 0.2581014 4.968169 1.9188523 5.8587356 4.2583437 1.4141706 1.7320294 4.3259273 -0.029523082 0.05143775
0 5 0.25291163 -12.570581 2.283177 25.258524 4.663308 1.4847853 1.8470399 1.7474912 -0.12971407 -8.39461
0 5 0.24346082 5.982741 2.1553829 7.101702 4.2718525 1.4015006 1.774601 4.269018 -0.031077273 0.04387565
0 5 0.24207544 18.707346 1.5222487 55.546497 4.760491 1.6110636 2.017395 3.3452425 -0.047905345 -1.7882313
0 5 0.24023737 35.18318 1.3865719 46.950592 4.745771 1.7785971 2.0164528 3.2264957 -0.035966933 -1.3766711
0 5 0.23110166 0.1861335 2.0180168 51.14378 4.70716 1.6440594 1.9874202 2.423389 -0.043875754 -6.492097
0 5 0.20893657 34.996284 1.3714464 46.236977 4.748385 1.7769514 2.0265381 3.237369 -0.065195695 -1.2551299
0 5 0.1903245 18.229334 1.4496778 54.334618 4.7692 1.6026679 1.9932758 3.2961771 -0.031557735 -0.8869391
0 5 0.17026776 -13.507741 2.382986 26.916666 4.695819 1.500395 1.905641 1.7056234 -0.07096977 -6.280011
0 5 0.14596185 35.382427 1.3944721 48.078583 4.694245 1.7739159 1.998332 3.2077904 -0.02334302 -2.2529564
0 5 0.14466539 0.14727403 1.9767811 53.22381 4.5795007 1.6244061 1.8957483 2.7682352 -0.11748564 -5.1350136
0 5 0.14396322 35.399773 1.3207058 47.30112 4.7700877 1.7882679 2.018222 3.2698658 -0.04607009 -1.2385851
0 5 0.14333005 18.75452 1.503459 55.864582 4.812206 1.6118599 2.023342 3.3807552 -0.074144036 -1.3393629
0 5 0.13513729 -19.908007 2.561601 43.415447 4.6124725 1.5652037 1.9256226 2.459661 -0.11202169 -0.04887408
0 5 0.1232391 18.187437 1.4610999 53.907154 4.730696 1.5852268 1.9802066 3.3196168 -0.0134633 -1.9724147
0 5 0.121515 0.22491896 1.9867761 49.9151 4.7052884 1.6030546 1.9478334 2.3660557 -0.08970011 -7.33388
0 5 0.1180699 -14.65286 2.3494346 30.848661 4.642966 1.5139836 1.8832603 1.7985158 -0.070663236 -4.6444855
0 5 0.11802929 0.25158313 1.9931355 50.619564 4.6724963 1.638085 1.9419382 2.3525858 -0.111330226 -7.5064135
0 5 0.11692999 0.06282119 1.9812875 50.72895 4.7379756 1.6251882 1.9507071 2.4546633 -0.082168646 -6.7604136
0 5 0.1155646 36.07696 1.509092 48.904037 4.572183 1.774578 1.9475003 3.2708464 -0.018748727 -0.0926564
0 5 0.1059373 35.453556 1.4502299 47.6827 4.639695 1.8007382 1.9803338 3.2540956 -0.030542763 -0.08557087
0 5 0.10076819 35.30485 1.3945167 49.388332 4.6242485 1.730963 1.968384 3.1653333 -0.032094564 -3.3947415
0 5 0.100139976 36.3269 1.5968279 47.699226 4.5133905 1.7093691 1.9155258 3.2799973 -0.04806614 -0.82607126
0 5 0.097285986 -12.473637 2.282359 25.036146 4.680849 1.4791765 1.8503921 1.7430885 -0.07627986 -7.0329823
0 5 0.09704239 -13.617733 2.3248 28.670345 4.704779 1.5060073 1.9261285 1.661339 -0.02272198 -3.8868017
0 5 0.095422424 18.040596 1.5051827 53.00485 4.8834386 1.6013662 1.9797931 3.0828414 -0.0044617215 -0.89296454
0 5 0.09337498 35.9816 1.4369342 47.42811 4.757564 1.8425409 2.0050383 3.3219903 -0.024905354 -1.4059008
0 5 0.09016121 36.537193 1.4646034 48.10055 4.780842 1.8831242 2.035247 3.2352297 -0.06151788 -0.8278869
0 5 0.08854902 -15.765181 2.4473753 33.403 4.6344604 1.5560846 1.9042693 1.8403112 -0.06790819 -4.7331142
0 5 0.08773504 -0.12162899 1.9792335 54.863667 4.5650835 1.6453098 1.9056587 2.7476106 -0.10601205 -3.9439108
0 5 0.08527733 -12.79589 2.320939 25.497232 4.644862 1.4705242 1.8518298 1.6983312 -0.1473807 -7.877112
0 5 0.084286205 34.942604 1.3827059 45.876698 4.741317 1.7829335 2.019259 3.287037 -0.0566672 -2.439385
0 5 0.08413744 35.71921 1.4747548 47.144447 4.7113457 1.7587776 2.0199285 3.2353168 -0.06513669 -1.4390162
0 5 0.08046313 36.812576 1.4099984 48.393623 4.6882186 1.7592478 1.948804 3.3172407 -0.0921284 0.00020732358
0 5 0.07585847 -20.122116 2.4667883 44.286175 4.5990677 1.563199 1.929581 2.9294758 -0.061679095 -0.58262867
0 5 0.07547856 0.13274506 1.959266 52.612114 4.514444 1.6163843 1.8889058 2.752511 -0.10490974 -4.190472
0 5 0.07003431 35.20741 1.3982456 50.518456 4.4975433 1.6907796 1.9229194 3.1423423 -0.055712566 -3.153568
0 5 0.06979581 35.532063 1.4601748 49.703674 4.618299 1.7332451 1.948013 3.1780577 -0.06796694 -3.3616126
0 5 0.06939428 0.548818 1.9981525 56.130962 4.4856215 1.6279896 1.8960942 2.577738 -0.108782336 -4.9917107
0 5 0.068602115 17.775751 1.4158763 52.89305 4.750669 1.5617409 1.9606127 3.3930135 -0.03499971 -1.6546556
0 5 0.06724276 5.258633 1.535607 5.376767 4.791694 1.6037924 1.9556092 4.174253 -0.033712037 0.0043203924
0 0 0.06460459 24.882524 1.503119 40.09074 4.2227154 1.6632615 1.6240215 5.9201555 0.013101615 3.0595706
0 5 0.06417078 -13.447232 2.2336783 27.546968 4.4958906 1.4262078 1.8783116 1.5259514 -0.047918566 -3.5478954
0 5 0.062469486 0.2805238 2.1631634 60.078987 4.6113396 1.5702653 1.9774607 2.6942742 -0.012401679 -1.1219304
0 5 0.06149447 0.32412237 2.1343217 58.752865 4.648661 1.5418057 1.9720085 2.7561793 -0.07874338 -1.8735722
0 5 0.060496043 0.119636014 1.9583175 53.884323 4.6311727 1.6083102 1.8866378 2.6625285 -0.08926156 -3.5996776
0 5 0.058783524 -19.67633 1.9278772 73.66443 4.486834 1.5221425 1.8950223 4.3256426 0.0074003395 6.543882
0 5 0.058097195 -20.757812 2.5498557 45.567417 4.639064 1.5186241 1.9156632 2.1267602 -0.010295887 -0.93888
0 0 0.057642642 23.93993 1.5103898 38.751663 3.9468803 1.6604986 1.4904451 2.7327404 0.0078906845 3.7372448
0 5 0.057059642 35.284214 1.4510233 48.309666 4.657443 1.7590104 2.0001655 3.1883597 -0.0356758 -3.379439
0 5 0.056878686 37.22605 1.400188 49.66303 4.490863 1.7550328 1.9158617 3.4941626 -0.06822619 -1.0780827
0 5 0.05570175 -32.81107 2.810782 57.733913 4.326808 1.7703135 1.8888549 1.3895259 0.0021749046 0.4576785
0 5 0.05426984 36.757362 1.4761641 48.11638 4.810499 1.8665453 2.0158815 3.3794487 -0.115997806 -0.49209288
0 5 0.053634178 -19.697914 2.4426627 43.29641 4.586688 1.5514958 1.9411699 2.6234686 0.0387159 -0.43895707
0 5 0.05318363 32.49231 1.347023 50.676365 4.3985324 1.6808733 1.9085132 3.1055331 -0.008019733 -1.5280406
0 5 0.052962918 -12.394859 2.2726994 24.688904 4.6700463 1.4783471 1.8486123 1.7109182 -0.088679925 -7.1101475
0 5 0.051723305 -30.842133 2.7818716 54.663612 3.5333574 1.725526 1.3174291 1.446564 -0.0075657694 0.78671193
0 5 0.051624555 38.496834 1.3917811 50.577763 4.6098766 1.7126828 1.949275 3.357336 -0.15737897 -0.3053669
0 5 0.050808225 25.91271 1.4589295 41.74409 4.352353 1.6458292 1.8319219 2.3555002 0.056237444 2.0664704
0 5 0.050589938 38.464466 0.43643448 61.79251 4.3437185 1.7033093 1.8922347 4.9002256 0.0759092 3.7785811
0 5 0.05030964 6.1594095 1.9727391 6.542274 4.8630304 1.647188 1.9792764 4.183852 -0.06091453 -0.1080774
0 0 0.05019366 32.957787 1.185403 52.462677 4.3262854 1.6567289 1.8333316 1.7376094 -0.004305222 1.3155466
3 5 0.08908536 26.024624 -0.018021345 68.530815 12.06612 4.390939 2.8739314 4.7951913 0.059091225 0.5233875
3 5 0.08742444 -15.910455 -0.23311758 62.01812 11.237222 4.3033247 2.6448784 4.415097 0.06342278 3.0755472
3 5 0.084531896 23.28864 1.0984848 129.7497 11.840439 2.7698607 2.8676317 4.841838 0.052595377 4.982297
3 7 0.08310171 -16.124725 -0.16895628 60.32242 10.87717 4.419448 2.623216 4.4017763 0.028021539 3.5444365
3 5 0.081183314 -15.319462 0.017158985 59.78219 10.673197 4.078738 2.559281 4.3499045 0.013271362 2.5558581
3 5 0.07207946 -15.307558 -0.17471218 61.338715 10.812293 4.0028057 2.6361108 4.4800916 0.04009609 1.718201
3 5 0.069757655 -15.617847 -0.30367303 61.996006 11.343537 4.27815 2.662859 4.478018 0.068838276 2.6188471
3 5 0.06339629 23.443256 1.061243 131.52182 11.4459715 2.6765604 2.837371 4.786865 -0.011865932 5.5660644
3 5 0.05779366 25.26351 0.1400063 67.23162 11.825311 4.4088435 2.8620589 4.7174525 0.10016036 0.63480943
3 5 0.052994784 28.734833 0.2583202 76.43317 11.804672 3.9584076 2.8909063 1.7321467 -0.009759476 -0.00084608607
5 0 0.22844379 8.8708935 1.4944172 14.896528 1.8091962 1.2798733 0.58706284 7.0760636 -0.012339919 0.84448034
5 0 0.14791714 9.337033 1.5462835 15.650439 1.825595 1.3548017 0.637404 7.150537 -0.014784698 -0.01577199
5 0 0.10280592 9.872643 1.5932672 16.540344 1.8631943 1.3769677 0.6504243 7.312561 -0.024011234 1.677739
5 0 0.09591302 8.586414 1.4458987 14.445742 1.8032223 1.1763364 0.5973878 7.0551553 0.025540525 0.00813859
5 0 0.063758336 8.529083 1.4433895 14.359763 1.8033127 1.1867814 0.58284163 7.0778437 0.011017628 0.012319703
6 0 0.06858273 9.872643 1.5932672 16.540344 1.8631943 1.3769677 0.6504243 7.312561 -0.024011234 1.677739
6 0 0.06379428 8.858587 1.4821209 14.873844 1.8110571 1.2765967 0.5814233 7.0999303 -0.009455898 0.00982267
6 0 0.060649153 9.337033 1.5462835 15.650439 1.825595 1.3548017 0.637404 7.150537 -0.014784698 -0.01577199
6 0 0.057399143 23.93993 1.5103898 38.751663 3.9468803 1.6604986 1.4904451 2.7327404 0.0078906845 3.7372448
6 0 0.055225726 9.636335 1.6040382 16.4082 1.8033043 1.4421704 0.5879544 7.213472 0.021668317 0.09935501
6 0 0.051218458 12.948242 1.5654969 21.557999 2.2304673 1.6038058 0.7644053 6.4835153 -0.00619011 3.6387303
7 2 0.326208 -7.446249 1.8734112 27.854776 0.80226624 1.8287845 0.7418307 4.229486 0.14034152 0.5746403
7 2 0.26254278 -7.15438 1.873125 26.684685 0.81558573 1.8219082 0.7436129 4.1539526 0.17237635 0.6141871
7 2 0.24204081 -7.1279106 1.7867913 26.503567 0.8556304 1.802855 0.719295 3.9531782 0.12170353 0.19726881
7 2 0.21657066 -7.236461 1.8917495 27.049156 0.8189274 1.8111272 0.7478323 4.3362403 0.2527404 0.60860026
7 2 0.20973359 -7.0705333 1.7655835 26.441677 0.804538 1.7971166 0.6783184 3.9072483 0.06879138 0.18763551
7 2 0.124720074 -6.9987793 1.7763131 25.980745 0.7494027 1.8138555 0.6616972 3.9754672 0.107463844 0.48867416
7 2 0.12148179 -7.0601544 1.7830887 26.130276 0.7717146 1.8184375 0.6773883 4.0387115 0.22915763 1.0300122
7 2 0.08874893 -7.4090133 1.8706234 27.330679 0.81335956 1.7992401 0.74619734 4.2533736 0.20736352 0.82865787
7 2 0.08061224 -7.7126465 1.8523107 29.035435 0.8101316 1.8186656 0.70718735 4.2188635 0.11271804 0.60936016
7 2 0.07960823 -6.98796 1.6996891 25.968063 0.8486527 1.8565949 0.7417798 4.003629 0.074591786 0.5891873
7 2 0.07538247 -7.140715 1.7457312 26.123573 0.88346756 1.7899088 0.74155253 3.8377256 0.053677432 0.26043308
7 2 0.071129054 -7.3198133 1.8664035 27.062553 0.8398825 1.7962701 0.72540206 4.3716044 0.18295963 0.5857243
7 2 0.07013919 -7.7135787 1.8685464 28.798866 0.80707264 1.7433821 0.70663196 4.5315433 0.032211274 3.0202954
7 2 0.067604765 -7.411656 1.8311965 27.648693 0.9015401 1.7417856 0.80121535 4.361027 0.0566148 2.7766523
7 2 0.06482875 -6.9166355 1.810663 26.455505 0.8486891 1.7687656 0.69725907 3.916572 0.101547845 0.6034318
7 2 0.051122308 -23.299456 2.6019228 48.509415 0.65340614 1.7401422 0.59789187 1.648007 0.0033038445 0.080590084
