0 5 0.52029306 5.136729 1.8542274 6.5718637 4.2554674 1.4483306 1.772214 4.373246 -0.020881671 0.041020207
0 5 0.408727 -12.925371 2.4009414 34.707237 4.677758 1.5647372 1.9274155 1.9039859 -0.07088978 -4.7323856
0 5 0.38019478 3.4658568 1.845212 57.099426 4.7436104 1.6401657 2.0021281 2.6012292 -0.05020862 -2.5687895
0 7 0.33844572 5.364528 1.9161216 6.9618955 4.2527404 1.4303818 1.7811992 4.4074583 0.019970136 0.021576859
0 5 0.32245937 -13.017102 2.4131188 34.97529 4.708137 1.5792438 1.9331007 1.8814573 -0.05854793 -4.6750126
0 5 0.31275347 3.3292012 1.8630863 57.307438 4.6686506 1.617873 1.9732733 2.6005638 0.00028420053 -2.213638
0 5 0.28979552 19.713593 1.4187455 54.79342 4.621045 1.576837 1.9729235 3.2745748 0.012224292 -1.0461745
0 7 0.27943653 4.712347 1.805145 6.019953 4.346382 1.4798142 1.7800921 4.406785 0.01813375 0.018290576
0 5 0.24914035 3.1404412 1.7983649 54.38974 4.7326965 1.5942557 1.9533137 2.7787192 -0.118237294 -4.747127
0 5 0.23255576 -3.8530638 2.1562946 65.43173 4.559162 1.5410753 1.9065051 2.9206715 -0.078358434 -4.2343636
0 5 0.23185764 -13.843752 2.5514307 37.22481 4.6219926 1.5222135 1.9102865 1.9468822 -0.09357382 -3.4311826
0 5 0.20440349 20.368843 1.4570736 56.560005 4.6052585 1.600698 1.9586099 3.2343798 -0.031711143 -0.7258163
0 5 0.19175549 -28.721783 2.8983872 61.61212 4.7851634 1.6799818 2.0111232 6.360731 0.034695365 0.72760016
0 7 0.19013701 4.9661636 1.869278 6.4548693 4.375512 1.4696251 1.7990562 4.324129 0.06362459 0.0066075046
0 5 0.182017 -29.555065 2.9044607 62.987858 4.8013196 1.6801916 2.0167665 6.2751994 0.1598095 0.11994577
0 5 0.17943567 19.536097 1.3794882 54.22949 4.6115317 1.5901335 1.9534519 3.2590947 -0.022167578 -0.65366066
0 5 0.16864371 -13.540879 2.5353065 36.269558 4.65374 1.5138732 1.9010056 2.000875 -0.024074078 -2.6985102
0 5 0.1634771 3.3669534 1.8547237 57.632694 4.7223196 1.6710337 1.9734777 2.625925 -0.054502428 -3.5316675
0 5 0.15876754 3.0274863 1.8172615 55.27636 4.7107286 1.6031282 1.9480449 2.7876413 -0.1358487 -4.693234
0 5 0.15626544 -3.9078605 2.1521556 68.476265 4.5706935 1.5018754 1.9334126 3.0987225 -0.056284636 -2.166793
0 5 0.1492897 3.3402908 1.8627808 56.391533 4.7471986 1.6588715 1.9968885 2.5953293 -0.012188179 -2.2749043
0 5 0.14913066 3.090828 1.8072506 53.925793 4.734562 1.6250073 1.9601463 2.755307 -0.114212394 -3.9193485
0 5 0.14604409 -3.854397 2.1018307 67.98223 4.6467714 1.4705205 1.9333957 3.031406 -0.03326831 -2.7568316
0 5 0.13177016 -13.433214 2.5416248 35.881443 4.6689215 1.5023788 1.8855705 1.8959574 -0.05342441 -3.2415907
0 5 0.1310486 20.093359 1.3929304 56.069756 4.616114 1.594343 1.9743142 3.2792819 -0.04122641 -1.359506
0 5 0.13036503 5.5863953 1.9606979 7.1476316 4.314082 1.4644024 1.8021597 4.463164 -0.0041318815 -0.0053614415
0 5 0.122655004 -27.159224 2.6494508 57.62643 4.47059 1.6378638 1.913269 6.4286222 0.0995869 0.16596922
0 5 0.12053878 -29.167395 2.889791 62.090675 4.8665185 1.625953 2.0314178 6.296841 0.05462466 0.062455222
0 5 0.1201863 -3.7248526 2.087473 68.8013 4.735462 1.5179394 1.9979647 3.1992364 0.036814056 -1.3234414
0 5 0.11997641 18.739819 1.385528 52.216076 4.413923 1.5569707 1.875575 3.2556765 -0.10456812 -0.13291241
0 5 0.11793815 19.595587 1.363564 53.995716 4.5667715 1.5503587 1.9356685 3.244754 0.014370868 -1.533277
0 5 0.114463024 -28.516438 2.8524847 61.264587 4.855067 1.6300606 2.0175421 6.4063926 0.042978145 0.02832307
0 5 0.109260365 -3.7964904 2.1160572 63.84455 4.5685596 1.5405327 1.9204788 2.924822 -0.07857722 -3.2418196
0 5 0.1088701 2.960897 1.8159764 54.64261 4.722925 1.6278018 1.9514443 2.7425668 -0.11692172 -2.0607538
0 5 0.107868776 -26.80943 2.6778822 57.478783 4.444862 1.6124315 1.911188 6.4523206 0.075577416 0.086940885
0 5 0.10759209 -13.077791 2.44562 35.38511 4.6350703 1.5095953 1.8901545 1.966767 -0.050125673 -2.2193038
0 5 0.10702247 -3.7608917 2.1329293 64.26418 4.555663 1.5455484 1.9187734 2.9583595 -0.07418603 -2.7881627
0 5 0.1068096 -13.790931 2.5942116 36.876244 4.617306 1.5044305 1.9156375 1.9698367 -0.029231101 -2.175365
0 5 0.0961777 18.918882 1.3412149 51.921616 4.391232 1.5498922 1.8743643 3.2887073 -0.094497494 -0.039170936
0 5 0.0959421 29.03156 1.4940605 39.03863 4.449359 1.5345256 1.880491 3.023579 -0.020950664 2.260537
0 5 0.09380664 -12.732257 2.384621 34.06714 4.698917 1.5406071 1.9103626 1.9048799 -0.10606702 -4.965986
0 5 0.09188218 3.4279518 1.7683076 55.56642 4.6556373 1.5895971 1.9393861 2.6676362 -0.093581155 -3.634138
0 5 0.086541295 5.806208 1.9775712 6.609092 4.709195 1.6122879 1.9408135 4.2458687 -0.04375369 -0.03740693
0 5 0.08438572 28.994663 1.4980154 38.458225 4.470625 1.5454277 1.8862785 3.0050015 -0.070586234 2.644671
0 5 0.084269874 -16.405537 2.6181479 43.761353 5.284867 1.6169946 2.006382 2.0022893 0.050146706 -1.849596
0 5 0.08113793 -3.6204808 2.1444616 70.37292 4.4999967 1.5506308 1.8875663 2.6728384 -0.07429115 -1.944493
0 5 0.07729549 -27.184355 2.7172258 58.715 4.7387514 1.6392436 1.9832016 6.3594112 0.028297303 -0.015730087
0 5 0.0736705 -12.603108 2.377393 33.749607 4.7721634 1.5392243 1.9131914 1.9006443 -0.077295616 -4.295696
0 5 0.07294637 26.778963 2.05452 34.543358 4.427342 1.5196995 1.8935317 3.0156858 0.00086987764 0.5005775
0 5 0.07200157 4.9885354 1.548804 5.619863 4.661979 1.573608 1.9254162 4.2890997 -0.014031495 0.0215174
0 5 0.070009604 -4.070345 2.1094432 66.252884 4.4928055 1.5426596 1.8821428 2.8036935 -0.094042316 -2.9707158
0 5 0.068861574 -20.212526 1.9023495 75.7206 4.597564 1.5749997 1.9620954 4.3810587 -0.037512824 7.6594367
0 5 0.06815258 -3.659022 2.1062996 69.405556 4.7175484 1.5538214 1.9848799 3.1664736 -0.018846663 -1.9733818
0 5 0.06794761 28.804422 1.5077503 38.724277 4.4347897 1.5322787 1.8633562 3.0178924 -0.061774485 2.5361784
0 5 0.067618504 -3.9045327 2.0610013 67.44248 4.6508465 1.4912727 1.9568919 3.0692616 -0.024497714 -3.155648
0 5 0.06730437 3.379283 1.8081901 55.792282 4.674896 1.590654 1.9517875 2.592663 -0.13061038 -4.603893
0 5 0.06717036 25.944801 2.1446843 35.39808 4.4529486 1.5209326 1.8868923 3.01412 0.0018620901 0.7665326
0 5 0.067088515 -29.536196 2.9681733 62.764313 4.7859783 1.6833329 1.9954495 6.364897 0.046474934 -0.18498981
0 5 0.06559048 40.1591 0.21329075 67.32151 4.484515 1.6940122 1.9541117 4.9331594 -0.050372288 6.467516
0 5 0.062347554 -20.416304 1.8989561 75.84834 4.582268 1.5627426 1.9568015 4.3250513 -0.014772692 8.653503
0 5 0.061366517 -1.1379992 2.0918534 89.4263 4.4667177 1.6967025 1.903668 1.9771311 -0.07214906 -0.006749315
0 5 0.060655262 28.680613 1.5360078 38.072754 4.4580827 1.5395613 1.8759575 2.9948778 -0.08731336 2.4012563
0 5 0.058975104 -27.58777 2.7837915 59.65055 4.8146744 1.625974 2.005152 6.369698 0.071733095 0.01049665
0 5 0.058336776 -28.029661 2.66377 58.61944 4.4546533 1.608841 1.9050343 6.3731475 0.0635682 0.11319823
0 5 0.058303177 -38.768883 2.9365983 69.78912 4.402245 1.6363212 1.9537903 4.912848 -0.004987426 0.032349333
0 5 0.05821968 -2.100768 2.0458066 90.303024 4.5767746 1.7179885 1.9182273 1.9048142 -0.061847366 -0.0043349806
0 5 0.058161944 -3.6431282 2.1550167 71.38147 4.5216193 1.5525473 1.8838323 2.470972 -0.061123177 -2.5646298
0 7 0.057747554 26.26211 2.2627182 34.56309 4.412491 1.56682 1.8716086 6.045441 -0.016092526 0.28212583
0 5 0.057300042 -38.54035 2.9234128 69.59386 4.3432193 1.6150749 1.93418 5.068837 0.010178961 0.037153836
0 5 0.05580711 39.98362 0.24060851 66.982925 4.4765115 1.7163988 1.9546957 4.946835 -0.06168492 8.869742
0 5 0.05466869 29.004625 1.4726448 39.268852 4.4250164 1.541088 1.8777018 3.0455196 -0.029306997 2.8300552
0 5 0.05460888 18.489132 1.3480268 51.55277 4.363391 1.5516266 1.8737838 3.2256176 -0.05581007 -0.04197256
0 5 0.05417072 1.4864645 2.1951137 80.54414 4.419835 1.6181564 1.9194931 2.177852 -0.031674765 -0.053758223
0 5 0.054139942 -27.440855 2.651443 58.16725 4.453855 1.6364189 1.9116396 6.4415836 0.028069733 0.07857324
0 5 0.053897522 1.548501 2.1060765 76.26573 4.4349008 1.5525568 1.9165254 2.3738172 -0.015431053 -0.7763621
0 5 0.053573214 29.61057 1.4968889 38.520702 4.495655 1.563847 1.8956418 3.006836 -0.10722377 4.1055603
0 5 0.052804656 1.2681897 2.1692674 78.90869 4.3940444 1.5847586 1.9019052 2.2264576 -0.0098887915 -0.057610016
0 5 0.052776597 -27.321701 2.6221313 57.95482 4.4797864 1.6137965 1.914369 6.4393225 0.098080784 0.12560228
0 5 0.052549217 -2.1449244 2.0765595 85.35987 4.4172134 1.6200892 1.8891891 2.0754933 -0.04686954 -0.038859863
0 5 0.05235616 25.449528 2.2931259 34.4684 4.4398274 1.5319651 1.8846654 3.2222075 0.0060703903 0.19180101
0 5 0.051935438 29.404451 1.3645961 38.96676 4.4697905 1.5478969 1.8949689 3.019651 -0.06942865 2.19765
0 7 0.051869836 5.6065884 1.9739664 7.626335 4.239959 1.4230019 1.7651668 4.318012 0.0051105972 0.017290417
0 7 0.051518023 21.132177 2.129708 27.329382 4.423946 1.5716116 1.873887 5.7918315 -0.010128673 0.099322364
0 5 0.051313173 0.60845387 2.1958442 84.216194 4.417597 1.6448641 1.9113423 2.1344023 -0.006737612 -0.023335079
0 5 0.05123328 -13.296512 2.3013334 35.091137 4.717856 1.4984576 1.9274137 1.7553971 -0.09212388 -3.8677828
0 5 0.051128015 18.621704 1.3215239 51.186756 4.3582926 1.5498797 1.8629006 3.213401 -0.076364234 0.5155488
0 5 0.050752103 2.6977317 1.9160032 63.205082 4.5739417 1.5800174 1.9252238 2.6827157 -0.060909234 -2.3369663
0 5 0.050370295 -0.35119608 2.170669 87.78935 4.4336157 1.6913819 1.9122378 2.0462806 -0.030324552 0.006349081
0 5 0.050214224 27.346403 2.2322607 35.41655 4.402361 1.5532001 1.8668488 2.957294 0.028985 1.0728697
0 5 0.05020767 0.50790966 2.1407833 83.16217 4.3993626 1.6100267 1.9121025 2.101739 -0.002759099 -0.01999267
3 5 0.059422515 29.419708 -0.9836694 75.77756 11.964231 3.858091 2.8992488 1.8635085 0.01690953 2.349714
3 5 0.055593554 28.769156 -0.96715796 75.26343 12.221115 3.8412988 2.944506 1.8002064 0.0054492317 1.930524
3 5 0.05111362 -20.363272 0.07622099 77.95848 9.639012 3.738465 2.5028424 0.88957685 0.03147985 0.8121296
5 0 0.26002827 9.817104 1.604306 17.634527 1.6963875 1.4092491 0.49431375 3.6651855 -0.09654713 -0.02241209
5 0 0.25593674 10.026083 1.6493609 18.016205 1.6852015 1.4838302 0.5357926 3.6818829 -0.12036835 -0.05218568
5 0 0.21745963 9.749693 1.6070352 17.550987 1.6399809 1.4094331 0.5024724 3.6005352 -0.092694096 -0.018136412
5 0 0.1250856 10.734587 1.6311055 19.293184 1.6990237 1.6557819 0.5915119 3.0957105 -0.09067704 -0.07576604
5 0 0.122740485 10.328948 1.5818341 18.583717 1.7114456 1.5966041 0.5635091 3.5665104 -0.018339213 -0.03600019
5 0 0.08391374 9.5114355 1.6097639 17.101217 1.7234755 1.3083539 0.518556 6.824615 -0.06625915 0.0057241227
5 0 0.08214795 10.471202 1.7114489 18.801731 1.7109841 1.4896307 0.58203053 3.8484945 -0.04629223 -0.0103033
5 0 0.08211835 10.149974 1.6849219 18.21273 1.6898983 1.4325211 0.53205436 3.7681637 -0.060882166 -0.019156769
5 0 0.066581056 9.834902 1.6198907 17.925234 1.6505994 1.3914541 0.50154376 6.6738005 -0.075176984 -0.00986697
5 0 0.05950627 9.885617 1.6373883 18.0249 1.673055 1.3716414 0.5026668 6.730105 -0.05468715 -0.010723244
5 0 0.05682745 10.646163 1.6111457 19.106356 1.8530723 1.6427444 0.5949507 2.1148734 -0.09644756 -0.014453242
5 0 0.055483464 12.7109375 1.3886359 22.799309 1.8151258 1.7900496 0.576551 1.315798 -0.036364846 0.028435037
6 0 0.05029732 9.817104 1.604306 17.634527 1.6963875 1.4092491 0.49431375 3.6651855 -0.09654713 -0.02241209
7 3 0.38138244 -7.6708064 2.104199 29.907112 0.6876532 1.8121907 0.71376604 4.138183 0.059823923 0.20670825
7 3 0.22598617 -8.064787 2.1243417 31.52612 0.6851823 1.8117241 0.67088425 4.160074 0.2578691 0.4743894
7 3 0.20603687 -7.829664 2.080196 30.625502 0.6946845 1.8082228 0.6522851 4.02117 0.21667701 0.5009212
7 2 0.14439939 -7.562106 2.110136 29.326914 0.7775485 1.7922748 0.6680945 6.5671616 0.17636952 0.47245803
7 2 0.101402186 -7.69695 2.0770018 29.754498 0.7643875 1.7587826 0.64974284 4.038184 0.19460805 0.56801474
7 3 0.08972512 -7.86916 2.119794 30.621296 0.75822455 1.8024913 0.7150208 4.4875436 0.17075953 0.48447514
7 3 0.08325671 -7.947598 2.1557307 31.16984 0.7497992 1.7764271 0.7417682 4.7167478 0.2033882 0.56803674
7 3 0.08244375 -7.7842755 2.1074433 30.495384 0.73519695 1.8108097 0.72079486 4.909663 0.188514 0.3320986
7 2 0.08232226 -8.21285 2.1265435 32.232277 0.7846913 1.7919655 0.73965734 4.742701 0.18668464 0.6054817
7 2 0.08191711 -7.9240847 2.0854597 30.676474 0.71650594 1.7975008 0.67542 4.5912895 0.09747722 0.22168562
7 2 0.07920472 -7.675845 2.1243188 29.92861 0.743374 1.7933068 0.64829737 3.6800013 0.23820339 0.511081
7 2 0.07680628 -7.6327963 1.950962 29.702425 0.7792586 1.832576 0.7177315 3.9899044 0.22669479 0.51809627
7 2 0.06784344 -8.514553 2.110476 32.89821 0.7628098 1.7986975 0.6634609 4.1898584 0.19471464 0.72082007
7 2 0.062137317 -7.8202667 1.9669178 30.301954 0.77197385 1.7953272 0.7062145 4.7636075 0.27708742 0.6971576
7 5 0.05887934 -16.04436 2.5510373 61.546787 4.5760026 1.626712 1.9406196 4.337353 0.007856224 8.413598
7 0 0.05546462 9.817104 1.604306 17.634527 1.6963875 1.4092491 0.49431375 3.6651855 -0.09654713 -0.02241209
7 2 0.054323018 -11.454096 2.2769496 44.460033 2.7468863 1.6498708 1.2609891 4.5547614 0.052428983 9.064365
7 2 0.050265778 -7.848173 1.9732194 30.441164 0.7832889 1.8295951 0.68597084 4.1709294 0.2638705 0.5392693
