0 5 0.29616034 -9.213711 2.3904862 34.551853 4.826012 1.827012 2.0106373 2.06563 -0.044301495 -5.3597226
0 5 0.19795921 -9.593756 2.2629352 36.218575 4.875159 1.8293297 2.0460432 2.1480005 -0.04565492 -2.450518
0 5 0.19363283 -9.289564 2.407874 34.80848 4.882442 1.8117689 2.0137923 2.0427518 -0.09052943 -4.0664577
0 5 0.13181084 -9.833152 2.282834 36.796738 4.8738694 1.8369919 2.0457246 2.1609452 0.007524375 -1.7363039
0 7 0.1301658 36.0038 0.3457845 43.045795 4.178397 1.6506728 1.8387569 5.719445 -0.023794806 1.8911242
0 5 0.12683831 -9.361699 2.291142 36.684616 4.832402 1.8160465 2.0168438 2.1786313 -0.078003325 -3.0602589
0 5 0.124952935 -9.530881 2.292351 37.084206 4.874633 1.8387647 2.041437 2.163957 -0.039534684 -1.8322161
0 5 0.101507165 -4.807006 2.6535044 97.96152 4.671576 1.5738076 1.9717493 1.4975743 -0.03487155 -7.607946
0 5 0.097792126 -9.381807 2.8920553 95.39665 4.723566 1.4920502 1.9488956 1.9628808 -0.009980901 -6.040459
0 5 0.09196148 -4.787448 2.5984986 96.81173 4.7043324 1.5893546 1.9720016 1.5211868 -0.005096413 -7.358946
0 6 0.08857412 38.762516 0.2082951 46.401 4.408096 1.6927449 1.9213058 5.7981367 0.058974862 0.025248203
0 5 0.085929416 38.414684 0.094023526 46.057278 4.45138 1.710514 1.937348 5.804652 0.05010979 -0.015932936
0 7 0.08445764 36.521523 0.30144906 43.806 4.2253222 1.6677942 1.8531928 5.73084 -0.0018853247 0.23104158
0 7 0.08331795 36.32324 0.35411623 43.395973 4.190161 1.6441272 1.8355478 5.7086344 -0.0059119407 2.5602853
0 5 0.08264266 -9.493769 2.3080325 35.876892 4.8150573 1.8406558 2.0249226 2.145734 -0.06506288 -2.4226754
0 6 0.08016161 39.769558 0.25923485 47.156044 4.4356213 1.6824324 1.9346093 5.8435163 0.047486275 0.35948563
0 5 0.07627737 -9.920328 2.9854078 96.808685 4.703093 1.5121698 1.9440094 1.9668069 -0.011431487 -5.5305285
0 7 0.069471166 36.779854 0.36154905 43.713306 4.169016 1.6339365 1.8400283 5.711876 0.010480134 3.0477204
0 5 0.06867521 39.01417 0.18914872 45.862404 4.4340906 1.6825763 1.8866841 5.8478475 0.06006527 0.0062058754
0 5 0.06848153 -0.5780923 2.217071 111.99518 5.85788 2.0710447 2.1427274 1.6492815 0.02536594 -2.2461214
0 0 0.06793544 -30.436893 3.0325017 67.008064 4.1254344 1.6226932 1.7867072 4.9381123 0.09513608 2.2438304
0 6 0.06742191 39.162357 0.19206625 46.428745 4.4690557 1.699728 1.9543098 5.8415623 -0.014236486 0.38256252
0 5 0.067121565 -2.2073042 2.1043706 103.54004 5.42141 1.92172 2.074571 1.5672655 -0.0377924 -3.0211442
0 5 0.06591305 -2.9621794 2.4399004 97.088875 4.9597244 1.7397236 2.0231292 1.5336767 -0.05047209 -3.8203554
0 5 0.06487917 -31.381166 3.111026 68.851746 4.2122693 1.6235482 1.7777104 1.8184923 0.057679936 1.004882
0 5 0.06361941 -4.7206974 2.5862687 95.05057 4.7015376 1.5753423 1.9512758 1.4941736 -0.06760436 -5.9894004
0 5 0.06326899 -9.015643 2.7904677 95.36081 4.742981 1.4779626 1.9550135 1.8469628 -0.0069084065 -6.6764274
0 5 0.06320938 38.770718 0.08270115 45.652996 4.4524465 1.7041204 1.9063276 5.838197 0.075768575 0.0022559837
0 5 0.061076485 -9.311496 2.4458885 35.94053 4.8375354 1.866344 2.0258088 2.0079157 -0.09271684 -2.4917102
0 5 0.059944317 -4.812348 2.6740537 96.297134 4.6348495 1.5558133 1.9622849 1.4555421 -0.06623787 -7.4042454
0 5 0.05962169 -9.531444 2.8804553 96.4532 4.7598405 1.4961777 1.9611932 1.9430149 0.014684716 -5.6821923
0 5 0.05929684 0.006738324 2.3884518 113.94782 6.172769 2.1429572 2.2109787 1.6995542 0.08405576 -1.8288041
0 7 0.059118126 37.853172 0.32560852 44.676727 4.1659026 1.6193306 1.8359786 5.7376275 0.022259982 2.055844
0 5 0.05703185 -4.9509487 2.6730766 99.42394 4.6716633 1.5669352 1.9539543 1.4610852 -0.036867253 -7.614297
0 6 0.05659009 40.27335 0.20973688 48.13888 4.39939 1.683256 1.9205761 5.8291326 -0.014489052 0.61383176
0 5 0.05446401 -3.2754068 2.4957895 96.20053 4.958815 1.7349169 2.0217266 1.5409154 -0.00021648034 -5.0111537
0 5 0.05417287 -32.584698 3.199857 70.24059 4.302417 1.622726 1.8269562 1.7475553 0.00971115 3.9739912
0 7 0.053950615 37.251984 0.3036123 44.258236 4.1650434 1.650472 1.8403771 5.72367 -0.01068947 3.3130338
0 5 0.053559873 -9.66527 2.4216423 35.67228 4.753419 1.7950599 1.9943767 2.0206363 -0.054770343 -3.703745
0 5 0.053402934 -34.131706 3.262655 72.13437 4.3092093 1.5875235 1.8331307 4.8690424 -0.043101743 5.0891886
0 7 0.053166486 37.15685 0.25829786 44.56511 4.220768 1.6689488 1.8642545 5.7223406 -0.00025727786 0.43204305
0 5 0.052253794 -10.0378 3.0278306 97.03968 4.713336 1.5157095 1.9383979 1.9722979 0.017658753 -4.8339505
3 5 0.4989909 15.886587 1.0174158 49.319603 12.059914 3.1874776 2.915048 3.4996874 -0.06352061 -0.48182684
3 5 0.30716833 16.640892 1.0273838 51.1326 11.894012 3.2660882 2.8693604 3.490839 -0.0056250477 -0.14566755
3 5 0.17409368 16.959915 1.0977135 52.322826 11.618998 3.2666712 2.814633 3.4197545 -0.014379356 -0.010689585
3 5 0.14594992 16.198238 2.1508765 50.135845 12.29697 3.2233548 3.045305 3.7755032 0.041812748 -0.7517936
3 5 0.09530076 17.159182 1.3461555 52.531673 12.274556 3.042378 3.06652 3.7730558 -0.039418817 -0.24897113
3 5 0.094749235 17.2215 1.7849859 54.07251 11.88593 3.2471352 3.0092895 3.627144 -0.02175815 -0.43031123
3 5 0.08440367 16.87299 1.0938739 53.35357 12.121683 3.0675244 3.1041675 3.6237228 -0.09449771 -0.2911404
3 5 0.072929196 17.022068 1.2900549 51.16876 12.082581 3.1106868 3.09182 3.7354589 -0.05604405 -0.046815086
3 5 0.07071982 15.393293 1.5324913 47.991417 11.676783 3.0056462 3.1259472 3.7066264 -0.022822365 -0.028031379
3 5 0.061761014 -13.005742 0.99533 49.19649 10.247754 4.1533127 2.6822362 1.0116781 0.03335268 1.1370941
3 5 0.06134605 -12.646047 1.0162282 46.965313 10.443905 4.287219 2.628025 1.0021026 0.034913324 1.1620222
3 5 0.05967017 16.522371 1.2723497 50.75941 11.813155 3.2294679 2.9840577 3.360289 -0.044292644 0.089281596
3 5 0.05811467 17.25486 1.5857563 53.534325 11.611243 3.0946069 3.0641127 3.686658 -0.09183063 -0.3253724
3 5 0.056002777 -13.720369 0.42019856 50.14211 11.237635 4.231826 2.592112 1.0525184 0.055904493 0.6018876
3 5 0.054698102 17.328539 1.6514368 54.660797 12.120541 3.0658143 2.9962418 3.7086983 -0.025287822 -0.14188841
3 5 0.053689167 15.337242 0.8171424 47.177334 12.031398 3.2407982 3.012592 3.4279544 0.0055672023 -0.013329765
3 5 0.05147308 -14.228056 0.56346 48.758648 11.327677 4.430071 2.6012375 1.0760118 0.072907425 -0.64549047
3 5 0.051240914 -13.854642 0.44430816 50.994564 11.023382 4.2319493 2.6194444 1.0796607 0.085969515 0.76306987
3 5 0.0505693 14.124395 1.4455142 78.38723 9.205172 3.437306 2.8648725 3.2902496 0.06598171 -0.6106844
6 0 0.08283187 -30.436893 3.0325017 67.008064 4.1254344 1.6226932 1.7867072 4.9381123 0.09513608 2.2438304
6 0 0.06006444 -30.046312 3.0046751 66.45513 4.0055466 1.6107583 1.7798009 4.8933315 0.054312028 2.3762088
7 3 0.48281792 -7.2701225 2.1270897 18.478682 0.6649234 1.7279755 0.6219718 3.0829744 0.029056331 -0.02711837
7 3 0.23302494 -7.40883 2.16493 18.730038 0.69856864 1.7434415 0.64228183 3.2686772 0.08173171 0.05166935
7 3 0.16275814 -7.535705 2.1595247 19.159046 0.64918816 1.760213 0.6387037 3.0559633 0.08300811 -0.033959534
7 3 0.10964202 -7.3379107 2.1030087 18.585379 0.6338488 1.7396398 0.58663815 3.0771823 -0.013120764 -0.021780739
7 3 0.09205584 -7.4672 2.1100779 19.017103 0.7113402 1.7107979 0.6184111 3.060829 -0.09712112 -0.14729515
7 3 0.08598561 -7.829569 2.199642 19.631413 0.51599956 1.7964014 0.5625074 3.0455973 0.0011272375 -0.09026689
7 3 0.08169604 -8.029904 2.1975913 19.910044 0.48605865 1.8077471 0.505664 3.3015401 0.024169015 -0.10442423
7 3 0.06832276 -7.204465 2.1934552 18.275553 0.6484412 1.7285336 0.57788944 3.0789492 -0.02280281 -0.04141506
7 3 0.06291619 -7.1608844 2.1856143 18.117018 0.67648196 1.7133714 0.6071917 3.0763872 0.040104516 0.026947603
7 3 0.05695735 -7.750776 2.1776457 19.481544 0.68257636 1.7521614 0.63587034 3.0634444 -0.012075549 -0.07421325
7 3 0.054334883 -7.5995812 2.2008975 18.843899 0.70313424 1.7634431 0.6355155 2.954013 -0.03406128 -0.03816216
7 3 0.05147759 -6.958708 2.034683 17.694794 0.7637089 1.7068545 0.6008666 3.071926 -0.14080045 -0.14235707
8 8 0.06662112 19.01856 1.5247103 25.158134 0.40440038 0.6438692 0.38543668 5.6219597 -0.0631903 0.0055425204
8 8 0.055378314 18.920933 1.5190284 24.904922 0.4123794 0.61848557 0.4011382 5.5229545 -0.05432526 0.01103019
8 8 0.05053693 18.69356 1.5584233 24.617037 0.39335397 0.64405537 0.4156087 5.6264544 -0.064906985 -0.0052220747
