0 5 0.3219886 7.0647373 2.1875608 51.976868 4.8978806 1.8137288 2.0389295 2.8415587 -0.07338964 -4.236073
0 5 0.3144264 -9.506166 2.377475 32.461655 4.6069756 1.6239578 1.9164441 2.1550794 -0.08458593 -4.1869717
0 5 0.3052677 -9.74353 2.4463685 33.329674 4.5469604 1.6525694 1.9154329 2.1773884 -0.118712954 -4.4718485
0 5 0.28482074 7.1914697 2.190123 52.777496 5.0034637 1.8271089 2.0603695 2.8578365 -0.06772642 -5.2549195
0 5 0.28181863 7.0610595 2.1511693 51.566696 4.9558787 1.7913795 2.070299 2.7830515 -0.038311288 -4.7980843
0 5 0.24480939 7.1935344 2.1693997 52.51892 4.988137 1.8150997 2.0533707 2.8505821 -0.069425836 -5.0729117
0 5 0.2101425 -10.30011 2.4576066 35.10188 4.5853324 1.6154078 1.9247937 2.3815045 -0.033419333 -3.4899492
0 5 0.1919652 -9.79378 2.426953 33.719376 4.6134624 1.637339 1.9272279 2.2102966 -0.110763066 -3.1615102
0 5 0.18561634 -9.558739 2.356159 32.821472 4.654956 1.5989577 1.9269227 2.1710348 -0.03060719 -3.7316964
0 5 0.17487639 -10.176735 2.4292321 34.85436 4.5679784 1.6321084 1.9173981 2.4163647 0.021584528 -1.8020109
0 5 0.12909459 -10.436468 2.3610027 35.30656 4.805086 1.6239367 1.9658142 2.429135 0.03383509 -2.1753447
0 5 0.1279909 -10.235014 2.4541087 34.54973 4.557949 1.6299317 1.9300895 2.369733 -0.030936494 -1.6098102
0 5 0.123485915 -7.8123302 2.5721357 89.72161 4.733866 1.4558667 1.9281318 1.9648633 -0.015926844 -5.0608273
0 5 0.1172986 30.40835 1.404104 39.430244 4.5216227 1.6651735 1.9254183 6.4095864 -0.015360719 -0.0073218998
0 5 0.11229545 -3.7548766 2.4783416 94.242325 4.69364 1.5999036 1.9760916 1.6567296 -0.02560993 -3.6845574
0 5 0.10738967 30.302029 1.374986 39.06634 4.4962463 1.6411412 1.9189903 6.455652 -0.008133201 0.021556433
0 5 0.103452064 -9.987255 2.3815641 33.88331 4.511423 1.6069453 1.8868407 2.3849354 -0.021462774 -1.3102962
0 5 0.08746518 -3.1131492 2.338722 94.52153 5.0340405 1.6630268 2.0168123 1.7401674 -0.0559408 -2.218552
0 5 0.082188256 -9.471421 2.5075293 32.201992 4.56056 1.6328887 1.8911368 2.2276273 -0.12403359 -3.1841261
0 5 0.081333004 8.45812 2.3739817 62.94378 5.2664623 1.9415478 2.1114383 2.9180052 -0.067882374 -1.3758106
0 5 0.0763033 -8.38761 2.2126553 24.934486 1.0108321 1.7081968 0.81677866 1.7066927 -0.0067827357 -0.2162413
0 5 0.07580914 -3.3446326 2.3910894 93.6979 4.8446965 1.6670984 1.9909699 1.7410648 -0.010676157 -3.0522234
0 5 0.07558893 -3.6023357 2.472949 93.57954 4.750396 1.6076872 1.9871812 1.6830888 -0.062340453 -3.046774
0 5 0.06983627 -10.078336 2.4091473 34.082623 4.692503 1.6364694 1.9512749 2.4270637 0.020542307 -1.5630665
0 5 0.06937747 -1.8989439 2.0746987 99.60212 7.244563 2.3431637 2.365858 1.799577 -0.032355316 -2.497835
0 5 0.069273844 -7.409999 2.003519 22.56183 1.003527 1.6690458 0.8159662 4.6589956 -0.05172679 -0.37953493
0 5 0.06811088 -3.8677552 2.5685396 96.151505 4.6527624 1.5631038 1.9632703 1.5813314 -0.034063064 -3.999186
0 5 0.06766075 8.6597805 2.2924502 63.934605 5.31251 2.0536191 2.126666 2.8170633 -0.014252743 -1.4405535
0 5 0.064449854 -7.7805343 2.5624213 90.6138 4.7024136 1.4561832 1.9246982 1.9125117 7.4371696e-05 -5.0091205
0 5 0.064244695 -1.1416701 2.1124923 107.53136 10.078159 3.1662781 2.7276387 1.8358892 -0.038966507 -2.2450194
0 5 0.06420001 30.12979 1.4053873 39.229645 4.491886 1.6958264 1.9149356 6.3645864 0.011849308 0.02961221
0 5 0.06350699 31.509348 1.3494085 39.984528 4.4835415 1.6412379 1.9052728 6.446469 -0.033789486 0.42085737
0 5 0.06149709 -7.9566455 2.633669 91.494446 4.705017 1.4824382 1.9421461 1.9276563 0.018357063 -4.605066
0 5 0.060923267 -9.842859 2.419168 34.541477 4.631268 1.6559794 1.9156868 2.2397811 -0.14224702 -2.8113887
0 5 0.057453927 -7.894809 2.589193 90.02662 4.644326 1.4727851 1.9297713 2.0290334 -0.07383031 -4.587412
0 5 0.056860175 -34.42679 3.0374157 40.474907 4.3529468 1.686397 1.8485845 3.8850124 -0.047692545 3.324039
0 5 0.055063322 -33.708286 3.1547177 39.71552 4.2875514 1.6638354 1.8338381 3.883888 -0.038948484 2.862097
0 5 0.05446337 30.05318 1.3641613 38.808422 4.4644265 1.6617956 1.9112011 6.44665 0.03541167 0.08513193
0 5 0.052207697 37.037193 0.9602694 55.379726 12.156987 3.0694225 2.8581257 6.4886813 -0.062194146 0.8043771
0 5 0.051907476 -40.009987 2.954428 47.13624 4.446525 1.7292914 1.8811789 3.8468378 0.028733248 7.044815
0 5 0.05106706 -0.5606182 2.2370176 111.980644 9.326056 2.9998636 2.6719766 1.8573761 -0.0069109323 -2.5592723
0 5 0.050562378 -34.589493 3.0504534 41.254223 4.3644032 1.7002512 1.8487198 3.8905644 -0.049762234 3.5523412
3 5 0.4236974 37.037193 0.9602694 55.379726 12.156987 3.0694225 2.8581257 6.4886813 -0.062194146 0.8043771
3 5 0.41565126 35.97775 1.0329281 54.103252 12.252779 3.0888 2.8564544 6.5373545 -0.05720441 -0.0009828378
3 5 0.23421273 37.5309 1.0939444 56.298008 12.378298 3.0615816 2.8800795 6.4138956 -0.026399905 1.2396336
3 5 0.21220717 36.8644 1.0248262 55.920765 12.457065 3.0450976 2.9024334 6.4512033 -0.05121708 0.844856
3 5 0.13751335 35.65232 1.0050578 53.695736 12.1579895 3.1668193 2.9198606 6.4868145 -0.07029262 0.7163286
3 5 0.13591759 35.11918 1.0625498 54.44423 12.033352 3.0052469 2.8228996 6.4829235 -0.07009828 0.37996358
3 5 0.115521014 38.09471 1.5796057 55.178154 12.145155 3.2412252 3.0970716 3.6139069 0.033923745 -0.22979322
3 5 0.11068529 35.84633 1.1367494 52.806637 12.371057 3.0738027 2.8558624 6.6617246 -0.03676918 -0.013412358
3 5 0.09521347 -13.421726 0.99846196 51.461063 12.609273 4.88824 2.8839092 1.2265797 0.076640554 -0.25708616
3 5 0.08785835 38.912834 0.83087283 55.943626 12.228469 3.289366 3.1879635 3.5773284 -0.04564204 -0.1411229
3 5 0.07751233 36.15111 1.1415136 55.543106 11.729007 3.122409 2.8608148 6.5769205 -0.08548702 0.2737073
3 5 0.07498329 37.46713 2.2217507 54.24519 12.701552 3.3906655 3.0297723 6.7483883 -0.049156755 -0.26279673
3 5 0.071965024 -14.164939 0.6635728 53.37759 12.543333 4.8739796 2.7436569 1.2309186 0.11056008 0.33183965
3 5 0.06568933 -12.732214 1.1804438 49.413723 12.58312 4.9574766 2.8246279 1.2154039 0.06672641 -0.352237
3 5 0.06427948 37.474567 1.2430394 53.740433 12.575256 3.2906876 3.0363119 3.4598725 -0.06798083 -0.12870911
3 5 0.061309673 36.86473 2.0264814 53.355095 12.040759 3.1482382 3.4224412 3.626267 -0.036984503 -0.05643528
3 5 0.059770614 -1.1416701 2.1124923 107.53136 10.078159 3.1662781 2.7276387 1.8358892 -0.038966507 -2.2450194
3 5 0.053811632 -1.8989439 2.0746987 99.60212 7.244563 2.3431637 2.365858 1.799577 -0.032355316 -2.497835
3 5 0.051640175 35.582962 0.7699985 53.530117 12.644573 3.111773 3.0453646 6.237579 0.008857563 0.15328693
3 5 0.05139037 -1.5463933 1.9989523 103.74469 9.022798 2.8174782 2.6707807 1.7683352 -0.047979668 -1.6320528
7 2 0.19399913 -7.099359 2.021236 19.665636 0.8208767 1.7493201 0.72435266 6.5477357 -0.038308054 0.066617146
7 2 0.16371064 -7.191657 2.0222986 20.003305 0.79274213 1.7369183 0.6854587 6.3716526 -0.04259129 0.043768555
7 3 0.1522689 -7.300792 2.0692496 20.204405 0.7374808 1.6898361 0.66353834 0.6009317 -0.25059792 0.06269908
7 2 0.1448417 -7.392214 2.0427303 20.5057 0.7707725 1.6872294 0.6294735 6.532502 0.16043279 0.27306265
7 2 0.1425287 -7.139134 2.040946 19.748552 0.8336719 1.7234575 0.6883108 6.3157134 0.11727636 0.020586405
7 2 0.13731733 -7.212004 2.0473742 20.151102 0.8190673 1.7148798 0.6800361 6.394102 -0.006733807 -0.03169108
7 2 0.1348382 -7.397855 2.0170615 20.560493 0.7326889 1.6736102 0.6254383 6.3844576 -0.019929282 0.034374457
7 3 0.12582502 -7.4614105 2.0177946 20.57936 0.7225867 1.6935474 0.653542 3.4894865 -0.24777405 -0.10992969
7 3 0.09586471 -7.34667 2.0904303 20.341578 0.74337816 1.6802698 0.66891044 0.7510574 -0.21248914 0.032838803
7 3 0.07247343 -7.3160024 2.0582235 20.142801 0.7012759 1.6831526 0.64715934 3.4549713 -0.22874902 0.07078208
7 3 0.062159974 -7.6306925 2.040226 21.019602 0.70995456 1.6814253 0.6473523 3.3165865 -0.16817924 -0.06250568
7 2 0.059742875 -7.098064 2.1213543 19.713717 0.70806444 1.6583549 0.6430418 0.7047729 -0.15612115 0.09437947
7 3 0.0538676 -7.9561124 2.0038989 21.98359 0.7323907 1.6621644 0.6473288 3.5280704 -0.21086784 -0.07893801
