0 5 0.40966335 -11.6121855 2.5249126 26.559866 4.676232 1.5999479 1.9503762 2.058565 -0.03783751 -2.5019872
0 5 0.35944232 2.3020604 2.2652993 49.927124 5.0210133 1.847789 2.0824003 2.5812812 -0.102446884 -6.8705235
0 5 0.35578227 2.2637496 2.1938338 48.819912 5.0717454 1.8252534 2.1151161 2.5728393 -0.058551237 -7.8072157
0 5 0.31949925 -11.492631 2.4698782 26.280249 4.5874543 1.604667 1.9161875 2.080757 -0.05965028 -3.2315152
0 5 0.2964576 2.4393458 2.272502 50.24909 5.2003665 1.8986101 2.1037595 2.5952294 -0.10296254 -7.906952
0 5 0.28827778 2.3956487 2.2170393 49.671677 5.185066 1.8641679 2.0892012 2.5812142 -0.07018575 -8.554512
0 5 0.16098893 -19.813402 2.761018 67.44387 4.6172376 1.6583477 1.9638425 4.361944 0.009710364 10.388052
0 5 0.14858969 -3.6337473 2.4034157 85.29704 4.6978083 1.5506752 1.9633887 1.807107 -0.025508985 -3.020444
0 5 0.12639102 -11.179123 2.4962738 25.862488 4.657708 1.6041332 1.9614912 2.045904 -0.023453241 -2.1928558
0 5 0.12132317 -19.320738 2.727362 65.95829 4.588313 1.6483507 1.9667132 4.4113503 -0.01685041 13.166013
0 5 0.1111272 -10.989236 2.427806 25.256765 4.619667 1.592406 1.9178905 2.0459926 -0.048795186 -2.4320526
0 5 0.109029725 -3.7574382 2.4642668 86.940895 4.66181 1.5352509 1.9492832 1.8455248 -0.04292302 -3.7985575
0 5 0.103919804 -19.445492 2.7442608 66.632065 4.592579 1.6584258 1.9662403 4.442412 0.0030587576 11.569918
0 5 0.10263087 -11.369262 2.3950431 26.070414 4.5877657 1.6155373 1.9222927 2.0857983 -0.06519736 -2.3742776
0 5 0.1024698 -11.141944 2.464923 25.461945 4.6748977 1.5701141 1.9239824 2.072657 -0.03047858 -2.10005
0 5 0.09475926 25.71158 1.6804068 56.34243 6.063998 2.2240174 2.34054 3.4754689 0.0129982475 -0.03667343
0 5 0.09391106 25.323915 1.6633835 56.14279 6.196645 2.252455 2.352073 3.4770033 0.05379495 -0.08928392
0 5 0.08895526 -19.337908 2.7241158 65.52131 4.564013 1.6093155 1.932108 4.3542438 -0.112645395 11.397067
0 5 0.0886012 2.3515847 2.195396 49.31991 5.1857715 1.8790202 2.0989015 2.5513697 -0.035432052 -7.089291
0 5 0.08533994 2.3979743 2.244836 51.104668 5.215201 1.8913931 2.1235046 2.5819085 -0.053153448 -6.3514805
0 5 0.08364737 2.8432114 2.42519 60.393764 5.2080626 1.9404702 2.1021066 2.720542 -0.048183486 -1.9864163
0 5 0.08001705 2.3522067 2.2543664 51.542374 5.3500366 1.8889102 2.1692438 2.5730836 -0.03326259 -6.0711184
0 5 0.07684853 -3.2658305 2.3881736 84.15282 4.663628 1.5879095 1.9512026 1.7149421 -0.030167624 -2.7025833
0 5 0.07673651 -9.230736 2.6930807 90.93906 4.6965485 1.5247312 1.9575026 2.016783 0.0050288644 -4.469861
0 5 0.072684035 2.919275 2.269843 62.109623 5.23899 2.029229 2.1018116 2.6709745 -0.026979966 -1.9678144
0 5 0.06640504 24.802698 1.6474328 55.309895 5.69099 2.0328515 2.2021873 3.4931002 -0.009588658 0.3230758
0 5 0.06609732 -4.3823657 2.5044003 90.44959 4.652435 1.5206969 1.9461656 1.8354764 -0.028875675 -4.0207944
0 5 0.06524103 -18.708632 2.6846256 63.726112 4.5543046 1.6029708 1.935609 4.399837 -0.13254365 12.779378
0 5 0.06397137 -20.038013 2.7633548 68.20146 4.594756 1.6496683 1.9646996 4.3495173 0.08910205 9.692328
0 5 0.06293134 -3.1815953 2.3528018 83.67797 4.427902 1.4859859 1.9232526 1.7858799 -0.038722828 -0.8109729
0 5 0.061992534 -3.7517571 2.4384625 86.64842 4.648684 1.5118271 1.9466678 1.9220191 -0.07698363 -3.2240043
0 5 0.05936554 -9.192283 2.7564151 91.51792 4.6779127 1.5277449 1.9455887 2.005536 -0.0043952847 -4.506063
0 5 0.059132412 -35.149265 3.166835 58.724186 4.211529 1.5620722 1.7887603 4.6855593 0.17485015 2.9745905
0 5 0.057909362 2.019356 2.1771724 50.5399 5.136328 1.8714633 2.110945 2.5357518 -0.022743206 -5.228713
0 5 0.05652284 -19.573326 2.720667 68.00376 4.5922475 1.6607655 1.9658266 4.4026885 0.12575707 8.350367
0 5 0.056198157 -12.059175 2.5192728 26.83242 4.6281 1.5527848 1.9310769 2.0841036 -0.009250803 -2.9519627
0 5 0.055466548 -34.749134 3.1819925 58.716763 4.2423224 1.5308777 1.8069643 4.7232485 0.13755095 3.31257
0 5 0.05381113 -19.29511 2.70677 66.92415 4.5674567 1.6725773 1.960659 4.444021 0.031264946 12.6143
0 5 0.053718224 -3.607528 2.328784 85.73863 4.7310805 1.5575348 1.963906 1.7738113 -0.005196416 -3.0086002
0 5 0.051872198 -20.1141 2.819405 68.843605 4.6083083 1.670988 1.9788013 4.367132 0.106717475 7.867894
0 5 0.051535018 -10.729836 2.377126 24.73454 4.6491117 1.6079133 1.9098036 1.9737103 -0.042357445 -1.2572992
0 5 0.05149953 -1.8914071 2.5094688 87.31522 4.6168947 1.6471118 2.017255 2.5418522 -0.049232915 -1.1077981
3 5 0.45608547 30.421043 0.9661363 49.790455 12.075206 3.2497349 2.9231598 3.5426404 -0.04326729 -0.45569387
3 5 0.29544717 31.958574 0.9044404 52.604126 12.274638 3.2247686 2.987194 3.6205215 0.012852687 -0.011206567
3 5 0.28124592 30.871798 0.92017585 51.28634 12.030125 3.2953904 2.9129646 3.5507467 -0.08872134 -0.9561172
3 5 0.18794176 30.260729 1.0780747 50.707897 11.672107 3.3933806 2.915167 3.6582527 -0.11497977 -1.6735998
3 5 0.1613694 31.286354 1.0553148 52.26535 11.872271 3.3606954 2.938494 3.650149 -0.03604687 -0.03463659
3 5 0.16064793 32.40709 1.0545996 54.18272 12.267711 3.2996147 2.9545648 3.6186204 -0.06125035 0.94702613
3 5 0.103283316 30.972574 1.423936 50.077538 12.544745 3.2862246 3.1918993 3.7771428 -0.05471827 -0.029915042
3 5 0.09994037 31.533842 2.2162118 52.447037 12.54353 3.4131138 3.1924667 3.7092562 -0.040531453 -1.8718507
3 5 0.099087365 31.445892 2.130923 51.881607 12.103331 3.3453782 3.1975548 3.7651906 0.03167838 -0.039024677
3 5 0.09198428 30.15864 1.1373734 49.058125 12.244082 3.1703615 2.9964352 3.5395606 -0.063706435 0.34706232
3 5 0.070712924 30.615107 2.333053 49.35062 12.001551 3.3022149 3.6219945 3.8111675 -0.10619406 -0.16336852
3 5 0.06821138 23.017939 1.7575917 129.44807 12.926589 3.27085 3.1350415 4.7133455 0.001773892 3.2157025
3 5 0.06695346 31.241032 1.4394789 51.407413 12.598989 3.1649635 3.2595942 3.707365 -0.070028305 -0.30677527
3 5 0.06165736 -11.6121855 2.5249126 26.559866 4.676232 1.5999479 1.9503762 2.058565 -0.03783751 -2.5019872
3 5 0.05990169 -11.179123 2.4962738 25.862488 4.657708 1.6041332 1.9614912 2.045904 -0.023453241 -2.1928558
3 5 0.056669764 28.589119 0.7991047 48.054745 12.227536 3.275903 3.161771 3.5464387 0.042290553 -0.045806408
3 5 0.052879173 -15.497094 1.7003725 41.795685 9.559983 3.6302073 2.892207 1.6482773 -0.012665143 -0.9173229
3 5 0.0512909 -17.249342 1.5213466 48.283215 8.655342 3.358013 2.7354565 1.216064 -0.055436857 4.403358
3 5 0.051274624 -15.700402 1.4421339 41.661304 9.768832 3.8989675 2.8491895 1.400049 0.00032566115 -1.6826392
3 5 0.051129337 31.09019 1.8018695 51.7794 12.190132 3.373359 3.6015348 3.8973725 0.0036733933 -0.62534827
3 5 0.05056399 -10.729836 2.377126 24.73454 4.6491117 1.6079133 1.9098036 1.9737103 -0.042357445 -1.2572992
4 5 0.052148733 30.421043 0.9661363 49.790455 12.075206 3.2497349 2.9231598 3.5426404 -0.04326729 -0.45569387
7 3 0.3942053 -6.759205 1.981675 18.20086 0.60181475 1.6828742 0.6025904 0.5127454 -0.17322376 0.057931773
7 3 0.20299724 -6.7640705 1.9367998 18.142063 0.6012084 1.6456444 0.5766801 0.4794549 -0.15765692 0.0776286
7 3 0.15804088 -7.148394 2.0250926 19.286451 0.7545641 1.7127593 0.62302583 0.86386275 -0.12954524 -0.0030061007
7 3 0.14928383 -7.1237073 2.0118287 19.152784 0.6980201 1.673977 0.6401833 0.50320184 -0.23947804 -0.18565193
7 3 0.14210775 -7.1023455 2.0017557 19.046312 0.63038284 1.6803293 0.6092417 1.0670712 -0.053459637 0.019454587
7 3 0.11224839 -6.862925 2.0391164 18.46299 0.6270919 1.7236607 0.6213073 0.85235316 -0.11116996 0.02757907
7 3 0.10744235 -7.036311 2.017837 18.718002 0.59656525 1.6859627 0.58696115 0.7966571 -0.03738019 0.11311514
7 3 0.08950584 -6.800367 1.9320405 18.23769 0.5827846 1.6552137 0.5592053 0.5729461 -0.12114444 0.034420542
7 3 0.08472019 -7.4183974 2.002086 20.01832 0.79997706 1.6733342 0.60281473 1.1844757 -0.22980937 -0.021233855
7 3 0.07383626 -7.27408 2.0483315 19.530083 0.6813486 1.6938995 0.6296914 0.6029753 -0.26778644 -0.13741118
7 3 0.07006752 -7.0254335 2.0011053 18.8047 0.67189115 1.6821674 0.62305975 3.4982495 -0.1628528 -0.11786302
7 3 0.0548327 -6.9140444 2.0824115 18.605417 0.6769808 1.661307 0.65216446 0.64320767 -0.19671358 -0.22747084
7 3 0.053930383 -7.0193386 1.9260442 18.787483 0.66447574 1.6920573 0.62516433 0.7117592 -0.19950558 -0.04632207
8 8 0.09576329 22.05442 1.743794 29.773098 0.48299634 0.80038905 0.50501263 5.161548 -0.058925033 0.023804024
8 8 0.09263705 21.935474 1.7432789 29.617857 0.5233767 0.78213245 0.5464198 5.1728663 -0.020704426 0.020773627
8 8 0.06367124 22.308409 1.7384015 30.073162 0.5228238 0.76803225 0.5528033 5.211559 -0.003155698 0.028714623
8 8 0.058292158 10.206422 1.5804691 11.4255495 0.4991452 1.3430467 0.4404663 5.9585743 -0.013294179 0.012456343
8 8 0.054204818 10.71393 1.5755692 11.992357 0.49087182 1.3643094 0.45372736 5.639174 -0.014311177 0.014233064
8 8 0.052431498 21.831219 1.7504427 29.296202 0.53033817 0.8033381 0.6073942 5.145815 -0.0027210014 0.019763991
8 8 0.051805872 21.74321 1.7688688 29.360994 0.47813067 0.84686595 0.54072636 5.2228885 -0.07279777 -0.019896206
