0 5 0.08953354 40.12423 0.24689496 47.244057 4.215284 1.6811268 1.8444872 5.7674336 0.09606902 5.214658
0 5 0.088388 -50.506958 3.8311794 68.9133 4.4819326 1.6136142 1.9423354 4.259308 0.03849443 2.2294846
0 5 0.074903846 -50.233124 3.8407702 68.58302 4.487309 1.5903313 1.9462763 4.201957 0.021850375 3.8489954
0 5 0.07206045 41.211628 0.21717972 48.17932 4.2273207 1.6726127 1.841564 5.793229 0.06425121 4.6972322
0 5 0.071387835 40.026825 0.24649823 47.424873 4.2293487 1.6701027 1.8458072 5.728243 0.13070229 4.823695
0 5 0.068684876 42.40602 0.15518206 49.329975 4.5975866 1.6794914 1.9382244 5.8506284 0.03268473 4.771899
0 5 0.06769654 40.609356 -0.0044479966 48.262535 4.6707716 1.6688206 1.9687836 5.8242884 0.0028177314 2.6598918
0 5 0.06586794 41.672325 0.002164662 48.6346 4.6455116 1.6627803 1.9465466 5.8321157 0.042303883 4.867316
0 5 0.06439188 41.69687 0.16076398 49.26068 4.5932384 1.6724274 1.9633039 5.8240604 0.023359528 2.85133
0 5 0.05795138 -52.048973 3.9526696 70.40695 4.528333 1.6150748 1.9725455 4.7213254 0.070528686 0.9270499
0 5 0.05429438 41.41955 0.2247541 48.69004 4.254525 1.6873568 1.8532891 5.758545 0.040363327 5.4863205
0 5 0.054238945 42.809418 0.19846797 51.324173 4.5586314 1.6790353 1.9497175 5.825305 0.07782507 3.4758606
0 5 0.052164026 -52.753708 3.9980416 72.43883 4.493421 1.6084716 1.951178 4.7281423 0.029966427 0.9841757
0 5 0.05055838 42.567604 0.23753422 50.09974 4.583401 1.684976 1.9672076 5.8294764 0.04793752 3.8778896
3 5 0.41138756 -2.0290985 1.5842108 47.0095 11.860694 3.1874022 2.9328785 2.8078718 -0.022521602 -2.553507
3 5 0.14519706 -1.7095144 1.5102693 46.705173 11.6964655 3.2719898 2.926947 2.869478 0.0004042033 -1.2610863
3 5 0.129956 -1.8338128 1.7161719 48.18153 11.830011 3.3382297 2.9014766 2.9227867 -0.014729841 -0.091819175
3 5 0.09391597 -1.9828655 1.6274171 49.2177 11.798625 3.1790147 2.88282 3.0005016 -0.0648071 -0.67691195
3 5 0.082055815 -1.5824478 2.4694467 48.947124 11.593142 3.2869823 2.9431736 2.6668146 -0.050321132 -1.0521083
3 5 0.07683768 -11.007733 2.081794 56.809975 11.135222 3.1914904 2.8415859 4.8579745 0.02678953 0.037429083
3 5 0.06708274 -2.0649385 1.745306 49.76837 11.85582 3.1861942 3.0929666 2.843318 -0.09154682 -0.89563054
3 5 0.06646672 -11.7307 1.9661878 58.226723 11.199001 3.1953866 2.8669276 4.773609 0.033178516 0.078287
3 5 0.06631359 -11.22344 2.109826 57.502884 11.426768 3.2462213 2.776825 4.8258796 0.016387364 0.010021176
3 5 0.0628062 -11.694844 2.1801004 57.647865 11.367544 3.3573287 2.8155434 4.656337 0.016761763 0.0048029087
3 5 0.056808192 -1.9005125 2.697073 46.042934 11.043591 3.0994363 2.8467155 3.1611829 -0.003317764 -0.1546804
3 5 0.054774992 -2.091428 2.4182093 48.3731 11.483146 3.3077734 2.966862 2.7436485 0.0027048495 -1.3692617
3 5 0.05192728 -1.6287484 1.809367 48.24906 11.261919 3.1746843 2.9946253 3.1605806 -0.07431462 -0.17522427
4 5 0.0526567 -2.0290985 1.5842108 47.0095 11.860694 3.1874022 2.9328785 2.8078718 -0.022521602 -2.553507
7 3 0.3903593 -7.2705255 2.1120017 18.21056 0.7000529 1.7416841 0.68233514 6.4794483 0.040706865 0.017641649
7 3 0.3117323 -7.3062377 2.1355503 18.303183 0.7341075 1.7556454 0.675292 6.52127 -0.0022117402 0.011774607
7 3 0.2783492 -7.2156706 2.0974097 18.029654 0.68972623 1.7439487 0.6344873 6.520191 0.027935805 0.025157869
7 3 0.102999054 -7.4520564 2.1111305 18.681324 0.72023576 1.7440075 0.67837834 6.3553095 0.113579236 -0.03909684
7 3 0.092672855 -7.48489 2.1723363 18.392263 0.69354117 1.7377435 0.6606852 6.3666077 0.034901746 0.004062051
7 3 0.08305902 -7.511466 2.165257 18.457476 0.6871317 1.7245736 0.63399583 6.494792 0.087662384 0.14300084
7 3 0.079816975 -7.217963 2.117426 18.242634 0.6360624 1.8288075 0.6118968 6.2067585 0.18265827 -0.024483565
7 3 0.074593954 -7.390948 2.1123462 18.635643 0.6873184 1.76191 0.65317035 6.4909844 0.13919726 0.0329049
7 3 0.066475436 -7.147683 2.047348 17.967257 0.66505116 1.7548894 0.60937274 6.469901 -0.0003342703 0.08096088
7 3 0.066436976 -7.5091186 2.101337 18.745129 0.757027 1.7441208 0.6900895 6.332602 0.094176896 -0.030157467
7 3 0.06342204 -7.176744 2.1106226 17.944891 0.65339464 1.7982222 0.6446808 6.1466303 0.13978899 -0.063229084
7 3 0.05364066 -7.491243 2.0376117 18.589727 0.6129695 1.6782883 0.57949334 3.7197714 -0.059985675 -0.08789419
7 3 0.05320781 -7.5871115 2.0360928 18.839815 0.58830035 1.6612899 0.57472044 3.6747446 -0.06378397 0.0053191315
8 8 0.05828941 20.25899 1.622055 26.682928 0.39721754 0.6354638 0.4139153 5.4917216 -0.09803996 -0.002604019
8 8 0.052021977 19.98129 1.5956138 26.242105 0.39820305 0.6254416 0.44007733 5.4324193 -0.07993993 0.00029497594
