0 5 0.37284708 31.34977 1.3034143 50.20047 4.6197324 1.6512407 1.9617871 3.0631022 -0.0570772 -0.8039745
0 5 0.3673588 -4.690712 1.9431653 42.112022 4.687786 1.5739213 1.947477 2.2333307 -0.036566213 -7.2004867
0 5 0.32027277 -4.6442995 1.9454417 42.554424 4.783179 1.5579709 1.94611 2.2586288 -0.09507424 -6.886563
0 5 0.28731 14.278529 1.8461359 57.759632 4.755089 1.5700377 1.9834418 3.1534967 -0.0526532 -2.199497
0 5 0.28422576 3.3602965 1.9716873 65.71765 4.7385917 1.573917 1.9464974 5.0854497 0.0068801306 2.6738422
0 5 0.24689177 -19.504597 2.5021503 52.497665 4.6854343 1.6320244 1.9716175 6.1721153 0.022507338 -0.049542602
0 5 0.2376911 31.584059 1.3429098 50.532757 4.6541634 1.6427733 1.9740222 3.070035 -0.040363234 -1.0689389
0 5 0.18945219 -19.569012 2.519711 52.738556 4.7161384 1.6236181 1.9631519 6.2140665 -0.008134688 -0.05715627
0 5 0.17947643 3.2928247 1.9684229 65.14896 4.716303 1.5744289 1.9525621 5.0842648 0.025496477 3.0239089
0 5 0.13225198 13.711075 1.8065295 55.636524 4.6501265 1.5093158 1.913697 3.262868 -0.10137867 -0.689098
0 5 0.1318267 -3.2821054 2.1049457 87.93088 4.676716 1.5857896 1.9463023 4.9745474 -0.0018764194 -1.620087
0 5 0.124374256 14.388554 1.8242128 58.290394 4.7931695 1.5892897 1.998829 3.1346903 -0.0115125235 -2.2746482
0 5 0.123843364 -19.86359 2.5323958 53.388676 4.728579 1.6176636 1.9770757 6.1868644 -0.048828535 -0.019209927
0 5 0.12343845 -3.350289 2.110357 88.28985 4.6787353 1.5891155 1.945058 5.003004 -0.030010432 -1.3246018
0 5 0.12086167 32.015575 1.35151 50.850018 4.636825 1.647652 1.9724892 3.0973182 -0.07701595 -2.3574233
0 0 0.11944056 34.427464 1.5225835 54.307938 4.328497 1.6081918 1.8451529 3.3622785 -0.027112208 -0.23583552
0 5 0.11170239 14.204335 1.8602369 57.465492 4.7091618 1.546667 1.963314 3.133771 -0.0066128476 -1.3923796
0 5 0.10957921 -18.756468 2.4913201 50.622917 4.5948734 1.6923332 1.9508965 6.2396283 -0.004434781 -0.028137876
0 5 0.10347934 -3.2749882 2.0795994 89.560684 4.729213 1.6505448 1.9672481 4.9428973 0.027272386 0.26658848
0 5 0.10263878 -4.825679 2.0552564 43.26972 4.7677317 1.586057 1.9440663 2.2095737 -0.06143573 -5.1675534
0 5 0.10075189 -19.432064 2.5119765 52.24696 4.608779 1.6686512 1.931713 6.18704 0.061226934 0.0031655487
0 5 0.09155594 30.538435 1.3316218 48.996574 4.5720925 1.6787419 1.9375494 3.055877 -0.06145373 -2.5299459
0 5 0.086420186 -3.3858628 2.1186166 90.2345 4.728304 1.6257199 1.9631304 4.9749556 0.022730632 -0.12110531
0 5 0.08615725 -20.311045 2.4341495 55.38279 4.64912 1.7146095 1.9828476 6.198606 0.025885174 -0.041568622
0 5 0.084440745 -3.4809697 2.089921 86.79795 4.631252 1.5628628 1.9239434 5.008598 -0.069650374 -0.6678557
0 0 0.083394386 9.200958 1.6716518 13.481718 1.9153855 1.4930104 0.5829114 3.6485958 -0.017737063 0.025902499
0 7 0.083191514 28.754395 2.1805012 44.677208 3.9410305 1.6324834 1.7137768 3.584603 -0.018609565 -0.010253785
0 5 0.082871735 13.792735 1.8047097 55.962994 4.6826425 1.5187056 1.9170283 3.2806513 -0.067309484 -0.76852775
0 5 0.08065914 -18.897884 2.5041733 50.80455 4.6204653 1.6700683 1.9558101 6.1732287 0.005148839 -0.0058003943
0 0 0.077342555 29.933546 1.3049463 46.40182 4.31268 1.6297168 1.8552359 3.428801 -0.035153903 -0.5895965
0 5 0.076111 -2.6648185 1.8810542 95.14757 4.890536 1.7388502 2.020538 4.932802 0.031307086 1.0521517
0 5 0.07596187 3.7682436 1.8789221 68.14344 4.677382 1.5740345 1.9949714 1.8842019 -0.03341891 2.3927453
0 5 0.07518612 3.4493608 2.0006635 67.70193 4.6892867 1.5578389 1.9504777 1.9070315 -0.06928611 0.7846046
0 5 0.07264288 -20.780416 2.4620361 56.317528 4.4546566 1.6126516 1.9284533 6.1531157 0.03260219 0.031067945
0 5 0.07116388 -3.425693 2.114364 86.39568 4.6202774 1.5625659 1.9257747 1.8920861 -0.0655316 -1.8164535
0 5 0.061782382 3.1492877 1.8736607 63.975834 4.7534475 1.5677836 1.9515955 5.0952344 -0.04800485 6.541213
0 5 0.060465835 14.301192 1.7793913 56.831165 4.570606 1.496288 1.9012274 3.2439156 -0.0620618 -0.41332552
0 5 0.05776894 -4.8742537 1.9286113 42.73136 4.7462807 1.5433751 1.9309391 2.3241053 -0.095943235 -7.1970086
0 5 0.057282113 -2.3879743 1.8020778 101.33826 6.091618 2.162123 2.2825456 4.9073443 -0.042248607 1.6147256
0 0 0.05722375 9.380845 1.4734921 13.653537 1.5474982 1.4947814 0.61529386 3.3927238 -0.07690009 -0.042325936
0 7 0.056313377 28.839214 1.6206222 44.274216 4.2373853 1.5657287 1.7680163 3.4892483 -0.0053365855 -0.36517742
0 5 0.05539671 -0.92175764 1.7967145 108.33888 6.323421 2.206084 2.2916903 4.9161034 0.033244327 3.3212051
0 5 0.054095365 -5.2656 2.154736 84.12289 4.58905 1.6012164 1.912872 1.8923906 -0.03435151 -0.0786597
0 5 0.053661287 3.86526 1.8612176 72.615 4.8043566 1.6520615 1.9688953 5.076857 0.026698576 5.6172886
0 5 0.05356143 3.5291533 1.9676976 68.5878 4.6141543 1.5666014 1.9478879 1.9181104 -0.049547374 0.92451906
0 5 0.05340533 -6.813386 2.0692425 58.306908 3.4907649 1.5610826 1.0265466 2.1133165 -0.06893012 -1.3901975
0 5 0.05248857 3.682753 1.7741683 69.48857 4.8170137 1.6797533 1.9842925 5.0770135 0.0145918485 6.153574
0 5 0.05221783 30.847332 1.24677 47.587406 4.3324213 1.6315101 1.8795583 3.2354841 -0.07399819 -0.59888834
3 5 0.06558289 -15.044896 0.023628473 57.285748 10.10161 4.358304 2.5018196 1.1467333 0.089950465 0.7052593
3 5 0.055365004 -15.270748 0.19437468 55.33459 9.483984 4.276828 2.3919916 1.138546 0.07808054 0.79081607
3 5 0.051110595 -42.038723 1.1974051 96.16805 11.509584 3.65751 3.0780847 4.2151165 0.04217705 0.040858775
5 0 0.13979985 9.3811245 1.621956 13.734042 1.9174117 1.3846033 0.6296513 3.4790587 -0.011441557 -0.0006030537
5 0 0.114587456 9.522762 1.6109318 13.925392 1.8739891 1.3297602 0.58819497 3.543508 -0.0075522764 0.014743179
5 0 0.10681401 9.706101 1.6609588 14.131026 1.8738611 1.4516492 0.6445598 3.4721544 -0.02329459 0.011070166
5 0 0.07266212 10.279631 1.5759966 14.835669 1.8311232 1.5156728 0.6078957 3.3957567 -0.013393827 0.024012506
5 0 0.063532226 10.323957 1.5206329 14.943334 1.9884592 1.4770887 0.59490603 2.869732 -0.01927365 0.026941713
5 0 0.053762827 34.427464 1.5225835 54.307938 4.328497 1.6081918 1.8451529 3.3622785 -0.027112208 -0.23583552
6 0 0.12593469 9.3811245 1.621956 13.734042 1.9174117 1.3846033 0.6296513 3.4790587 -0.011441557 -0.0006030537
6 0 0.1007821 9.706101 1.6609588 14.131026 1.8738611 1.4516492 0.6445598 3.4721544 -0.02329459 0.011070166
6 0 0.091199726 10.279631 1.5759966 14.835669 1.8311232 1.5156728 0.6078957 3.3957567 -0.013393827 0.024012506
6 0 0.0855944 10.323957 1.5206329 14.943334 1.9884592 1.4770887 0.59490603 2.869732 -0.01927365 0.026941713
6 0 0.076057106 9.522762 1.6109318 13.925392 1.8739891 1.3297602 0.58819497 3.543508 -0.0075522764 0.014743179
6 0 0.056239635 17.221018 1.5107716 24.919357 2.91337 1.4955515 0.86532885 2.797161 -0.013127921 0.042262487
6 0 0.054990526 18.000694 1.5484765 25.869925 2.3951573 1.5405643 0.8133903 3.3139248 -0.011768352 0.030251171
6 0 0.054691583 34.427464 1.5225835 54.307938 4.328497 1.6081918 1.8451529 3.3622785 -0.027112208 -0.23583552
6 0 0.051135123 9.200958 1.6716518 13.481718 1.9153855 1.4930104 0.5829114 3.6485958 -0.017737063 0.025902499
7 3 0.35270384 -7.2333045 1.983722 24.76722 0.7392133 1.7729244 0.7360561 6.526298 0.021192944 -0.047353514
7 3 0.25835675 -7.3547797 1.9772652 25.090387 0.6987017 1.7916889 0.69105 6.3938756 -0.04328106 -0.0223893
7 2 0.15197739 -7.1754985 1.883141 24.481201 0.79148364 1.7967125 0.7101823 6.172723 0.047153324 0.14828604
7 2 0.15194803 -7.3595057 1.9356217 25.008692 0.75358486 1.8015635 0.70887506 6.100536 0.09361976 0.18928495
7 2 0.14781545 -7.168713 1.9016776 24.493116 0.79874134 1.797244 0.7374955 6.5729995 0.10150678 -0.00037279725
7 2 0.14748475 -13.448241 1.9294887 56.61497 0.9362937 1.7538766 0.6270856 4.513752 0.05864361 4.0791674
7 3 0.122826606 -7.413095 1.9847255 25.176714 0.72816575 1.7712276 0.71407455 6.5433893 -0.023601996 -0.008399315
7 3 0.117259644 -7.6830015 2.0157287 26.232578 0.71852714 1.7706481 0.6908767 6.7219186 0.035024993 0.34942552
7 2 0.105017416 -13.410374 1.917645 56.451206 0.9104531 1.7501937 0.624537 4.493449 0.05635883 4.4000216
7 2 0.097372286 -7.3184643 2.0029018 24.899925 0.8269952 1.8562809 0.76720697 6.115177 0.045646235 0.053474016
7 3 0.09374055 -7.5999107 1.9905086 25.885479 0.65671116 1.7625989 0.6540903 3.64305 0.00084428675 0.4700793
7 2 0.09257459 -13.613601 1.9747036 57.237583 0.83178836 1.7362441 0.62853646 4.521738 0.07271985 5.0159054
7 2 0.09179983 -13.380929 1.9472022 56.505474 0.94277406 1.7489616 0.6311525 4.4920516 0.071168184 4.219411
7 2 0.090773985 -7.360589 1.9869995 25.009235 0.85571873 1.8374218 0.7868411 6.2610607 0.13110691 0.120693184
7 2 0.08043833 -13.467106 1.9282414 56.76151 0.8958141 1.7373369 0.6367462 4.477918 0.058990866 4.749905
7 2 0.06796982 -13.545352 1.9901407 56.927013 0.85818017 1.7520232 0.6388495 4.5134773 0.060423084 4.8047023
7 2 0.06779575 -13.745999 1.906048 57.860165 0.9250125 1.7520396 0.6641441 4.468318 0.027518338 5.3582735
7 2 0.06302657 -7.5943384 2.0510573 25.670765 0.63578445 1.7866349 0.6280204 4.5955777 0.0034988988 0.039475672
7 2 0.06185612 -7.0557632 1.8946369 24.027962 0.7993551 1.7623466 0.67262346 4.83534 0.020101832 0.22092542
7 3 0.061311048 -7.7436447 1.9978874 26.296345 0.691037 1.7672395 0.6510938 3.7178035 0.08203203 0.5996072
7 2 0.057840537 -7.283651 1.9182065 24.54933 0.7407429 1.8289003 0.6361545 4.4675307 0.06266578 0.15459609
7 2 0.055235952 -13.696745 1.9644912 57.324383 0.8334087 1.7284427 0.6498872 4.4828544 0.02841117 6.7312746
7 3 0.050192088 -7.4724216 2.0190997 25.686829 0.7395916 1.7894018 0.6825759 6.6472163 -0.073626146 0.20300642
