0 5 0.39982405 -7.5156555 2.0243964 36.981873 4.815519 1.6016947 1.9494942 2.0273333 -0.08272409 -7.262964
0 5 0.38886917 32.962708 1.4839127 58.39962 4.9990697 1.8818239 2.0792227 3.1969013 -0.02863218 -1.3738729
0 5 0.27170983 -9.763363 2.1359332 31.266294 2.1756518 1.725921 1.0914732 5.925752 0.039136194 0.11488836
0 5 0.24725626 -10.792576 2.285449 34.75165 2.6153316 1.7484788 1.2787554 5.9646993 0.111019604 0.11569
0 5 0.23240906 33.70441 1.4709415 59.75645 5.0818443 1.9052597 2.0854688 3.2276964 -0.031394746 -0.44179615
0 5 0.2161054 9.928214 2.0437248 55.665524 4.7982583 1.5967369 1.9767172 2.7598052 -0.020610413 -4.910966
0 5 0.2108352 -7.4164634 2.009842 36.529648 4.783172 1.6016785 1.9499995 1.9904168 -0.07173142 -5.8596683
0 5 0.16878735 6.3415885 2.0541508 73.64188 4.6135306 1.5301005 1.949184 4.8417215 -0.04548157 9.463831
0 5 0.16473718 32.590076 1.4439251 57.91719 5.036097 1.8724767 2.0462842 3.139017 -0.047404442 -1.5114012
0 5 0.16147171 9.932901 2.0267425 55.91466 4.8503623 1.5933325 1.9721931 2.709993 -0.035527974 -4.8464575
0 5 0.15588582 -16.055714 2.517396 49.720455 4.423439 1.674495 1.8865776 6.3349037 0.046875633 0.9713559
0 5 0.14791422 -7.383927 2.0046768 36.269154 4.8588157 1.5792472 1.9332591 2.03161 -0.07652798 -7.541644
0 5 0.14534925 6.3699164 2.1596727 74.28209 4.6082206 1.540693 1.9668589 4.8384037 0.019930145 8.457826
0 5 0.14373589 -12.639349 2.3589897 40.051308 4.1197367 1.7208505 1.7578249 6.1899076 0.12880792 0.17763376
0 5 0.14208971 -7.881128 2.1643045 38.966675 4.746494 1.7063838 1.9498863 2.0520859 -0.05537881 -2.9259083
0 5 0.13253546 -7.6403146 1.9177136 37.760273 4.7233377 1.6543767 1.9372047 2.1509202 -0.08892669 -2.1883402
0 5 0.13133042 33.405743 1.5019181 59.33085 5.1547203 1.9087633 2.0823383 3.223388 -0.041784845 -0.6703669
0 5 0.12807272 -12.671063 2.3836293 40.398705 4.35699 1.6414602 1.6675985 5.6867137 0.04057373 0.018051479
0 5 0.12415433 -13.110453 2.4602857 41.451935 4.3636913 1.7417085 1.8769312 6.258242 0.10103133 0.09896121
0 5 0.1195858 -11.946589 2.3620002 38.559937 4.4738884 1.6875533 1.9819278 5.421077 0.061561607 -0.0084168
0 5 0.118593514 -8.091914 2.1698065 38.953403 4.6733356 1.6342378 1.9379516 2.0522833 -0.097116046 -2.938925
0 5 0.11655377 9.48225 1.9256444 52.680218 4.6012883 1.617372 1.9225198 2.89647 -0.10997913 -3.596326
0 5 0.11341216 -7.7617135 2.0003638 38.573704 4.7185674 1.6247466 1.9310129 2.1225746 -0.06496774 -1.3617508
0 5 0.09468339 -15.300931 2.4865685 47.664417 4.414254 1.6947219 1.901147 6.205028 0.09816262 0.18126649
0 5 0.09141106 -16.59842 2.372649 50.48627 4.3090224 1.6343855 1.8322437 5.9045196 -0.017056892 1.37619
0 5 0.09043226 -16.346594 2.59289 50.83033 4.434677 1.6066245 1.8907077 6.272482 0.042872272 1.6504518
0 5 0.08807982 10.138012 2.1152177 56.536922 4.8823075 1.6631516 1.997645 2.7377198 -0.034022123 -5.991977
0 5 0.08781324 9.225558 1.919496 52.255543 4.6063256 1.5869318 1.9126028 2.8518307 -0.09763821 -4.3619275
0 5 0.081409074 11.0912695 1.9607496 59.10402 4.559184 1.5977435 1.9257524 2.8359175 -0.09273168 -2.338007
0 5 0.08025556 -13.451045 2.333962 42.55204 2.9724216 1.6479064 1.1762699 4.760605 0.027223269 4.214544
0 5 0.08000882 10.255958 2.0741143 56.827156 4.8054533 1.5882919 1.9491268 2.7343726 -0.04454826 -6.235325
0 5 0.07348701 18.470194 1.8086666 90.181854 6.5788226 2.184775 2.2916677 1.6588671 -0.048637353 0.54712373
0 5 0.07048178 17.70389 1.9679067 84.59497 5.328367 1.8252552 2.0607119 1.5093449 -0.05864144 -0.059912324
0 5 0.069681436 32.436256 1.4585512 57.549076 5.0748954 1.8856204 2.0497339 3.156549 -0.027060091 -1.7943745
0 5 0.06872308 6.38955 2.117364 74.89804 4.5712204 1.5458149 1.9506166 4.799365 -0.09395105 12.134386
0 5 0.06774361 16.32643 2.0007024 79.56073 4.607623 1.6197757 1.9522196 2.5283365 -0.061552703 -0.68264174
0 5 0.06752423 10.115458 2.048847 56.237373 4.7966394 1.5958611 1.9363308 2.7114317 -0.04588099 -4.924246
0 5 0.06712037 17.57868 2.0333545 83.53687 4.603056 1.6276928 1.9490687 1.7754457 -0.033477932 -0.006057145
0 5 0.064760216 -3.428983 1.9588945 105.6476 5.299819 1.7755084 2.0971713 1.5884223 -0.02753827 -1.6805496
0 5 0.06409245 -20.546328 2.1722875 72.25234 4.543048 1.6274629 1.9205188 4.255759 -0.018492596 6.6719947
0 5 0.06361381 -21.380047 2.218339 75.31111 4.6660113 1.6246637 1.9301552 4.3148293 -0.016360434 6.7986407
0 5 0.06315175 35.502125 1.4400008 62.67396 4.596005 1.7715107 1.9779531 3.2896156 -0.030113973 0.007854462
0 5 0.06293142 -3.8548324 2.2040837 99.253365 4.9070053 1.6275965 2.01499 1.5598688 -0.03650122 -2.9532592
0 5 0.06260432 19.491623 1.8469971 95.14271 9.738896 2.9106908 2.6813552 4.7165937 -0.027605986 1.3334115
0 5 0.062391736 -20.90829 2.1501331 74.26765 4.544887 1.6215208 1.9166248 4.3073645 -0.033271715 7.392079
0 5 0.05904848 10.462813 1.9930323 57.877686 4.529897 1.5622771 1.8927046 2.6196625 -0.07529209 -2.5750318
0 5 0.058287516 9.374972 1.8993659 51.916553 4.557042 1.5802155 1.9051933 2.9845276 -0.072133824 -3.6392796
0 5 0.05775278 6.283931 2.0450025 71.816734 4.6554704 1.5196346 1.9323285 4.8527527 0.023879563 7.212983
0 5 0.056968655 33.924175 1.4339759 60.101395 4.524911 1.7766278 1.9521058 3.2265825 -0.03522022 -0.7514779
0 5 0.05622004 -7.6280317 2.0023642 38.170635 4.6925244 1.6578091 1.9457477 2.1264567 -0.07755977 -1.7354286
0 5 0.05536351 -17.542658 2.4574003 54.506027 4.433242 1.5724667 1.8336229 5.134213 -0.02275477 4.7306356
0 5 0.05379726 -17.104527 2.3916562 51.963028 4.3255067 1.5793917 1.8283281 5.9298472 -0.01748755 1.0171647
0 5 0.053515587 16.320635 2.085582 84.40531 5.1469183 1.7556847 2.0451303 2.3251302 -0.031624436 -0.5235286
0 5 0.053253327 33.182205 1.1903933 58.632717 5.191862 1.8914019 2.1067505 3.2856536 0.0044764224 -0.12907466
0 5 0.051080875 -21.626509 2.1711574 76.53846 4.623309 1.6180962 1.9219716 4.316093 -0.034092676 7.5129857
0 5 0.050056588 -3.939926 2.2047772 100.276276 4.9998283 1.5991898 2.018231 1.55203 -0.027060349 -3.492461
1 5 0.05705954 19.491623 1.8469971 95.14271 9.738896 2.9106908 2.6813552 4.7165937 -0.027605986 1.3334115
3 5 0.08904579 -12.768382 1.2297186 49.427605 11.145284 4.755062 2.6580138 1.4023536 0.081438184 0.94612414
3 5 0.08119413 -13.767128 0.8148662 51.948025 11.592555 4.7937303 2.675608 1.338735 0.12706946 1.1978214
3 5 0.07442454 -13.381642 0.83026433 50.539154 11.380034 4.80593 2.6392024 1.3016602 0.11410845 1.0336131
3 5 0.070126414 -13.283398 1.0664158 51.847565 10.8656 4.679557 2.665923 1.2703071 0.0759466 0.63544923
3 5 0.060732614 19.491623 1.8469971 95.14271 9.738896 2.9106908 2.6813552 4.7165937 -0.027605986 1.3334115
3 5 0.05237812 -43.275562 3.1717176 81.39955 12.390911 3.2379916 2.929561 6.2299376 0.10950368 0.28308138
5 0 0.111618474 10.573758 1.7226084 14.477265 2.0116527 1.5451909 0.6820185 7.2494426 -0.054649033 -0.001239745
5 0 0.10987338 10.265607 1.6743453 14.00592 1.9870467 1.5703868 0.67847115 7.259508 -0.08461047 -0.012249755
5 0 0.10646288 10.10858 1.7133343 13.854368 1.8570471 1.5703704 0.5846879 4.2136307 -0.049123593 -0.009710608
5 0 0.10038117 10.39905 1.6422243 14.33213 1.8583599 1.5384766 0.63887185 4.077168 -0.004380228 0.00083208084
5 0 0.0940404 10.126444 1.6836984 13.853391 1.776834 1.6056803 0.57078683 4.0946455 -0.049276486 0.005601315
5 0 0.0818029 10.131592 1.662506 13.8879595 2.032521 1.4449725 0.6581187 7.219985 -0.044522304 -0.0094070835
5 0 0.07556735 10.515376 1.5948281 14.418673 1.8654965 1.5629733 0.5788297 4.073984 0.007662 0.019483034
5 0 0.071430765 10.031428 1.706269 13.783424 1.8452901 1.6000954 0.65542525 4.056527 -0.010426493 0.09045374
5 0 0.070426844 10.68801 1.6480201 14.569975 1.8429457 1.5819697 0.65708774 4.2025404 -0.01822873 -0.018954495
5 0 0.06941808 10.112053 1.6435928 13.804637 2.0888774 1.4844002 0.6975658 7.290331 -0.025909126 0.0025374833
5 0 0.06941537 10.7641115 1.7023869 14.712217 2.003356 1.5696235 0.64930254 4.2962604 0.0188212 0.0512127
5 0 0.055133436 10.589933 1.6547648 14.32878 1.9704095 1.5779587 0.6805674 7.290399 -0.104575776 -0.031694777
5 0 0.05272207 10.4759035 1.6729567 14.220533 1.9433038 1.6036602 0.645314 7.304247 -0.012590885 -0.1764704
6 0 0.23184964 10.265607 1.6743453 14.00592 1.9870467 1.5703868 0.67847115 7.259508 -0.08461047 -0.012249755
6 0 0.19566514 10.573758 1.7226084 14.477265 2.0116527 1.5451909 0.6820185 7.2494426 -0.054649033 -0.001239745
6 0 0.16918203 10.10858 1.7133343 13.854368 1.8570471 1.5703704 0.5846879 4.2136307 -0.049123593 -0.009710608
6 0 0.15260352 10.131592 1.662506 13.8879595 2.032521 1.4449725 0.6581187 7.219985 -0.044522304 -0.0094070835
6 0 0.15167262 10.39905 1.6422243 14.33213 1.8583599 1.5384766 0.63887185 4.077168 -0.004380228 0.00083208084
6 0 0.13993365 10.112053 1.6435928 13.804637 2.0888774 1.4844002 0.6975658 7.290331 -0.025909126 0.0025374833
6 0 0.137923 10.126444 1.6836984 13.853391 1.776834 1.6056803 0.57078683 4.0946455 -0.049276486 0.005601315
6 0 0.113122135 10.031428 1.706269 13.783424 1.8452901 1.6000954 0.65542525 4.056527 -0.010426493 0.09045374
6 0 0.103629634 10.4759035 1.6729567 14.220533 1.9433038 1.6036602 0.645314 7.304247 -0.012590885 -0.1764704
6 0 0.10348591 10.515376 1.5948281 14.418673 1.8654965 1.5629733 0.5788297 4.073984 0.007662 0.019483034
6 0 0.09620832 10.7641115 1.7023869 14.712217 2.003356 1.5696235 0.64930254 4.2962604 0.0188212 0.0512127
6 0 0.094242245 10.68801 1.6480201 14.569975 1.8429457 1.5819697 0.65708774 4.2025404 -0.01822873 -0.018954495
6 0 0.08053555 10.589933 1.6547648 14.32878 1.9704095 1.5779587 0.6805674 7.290399 -0.104575776 -0.031694777
6 0 0.07377378 11.342573 1.7389946 15.406032 2.0877018 1.6267045 0.6711473 4.213375 -0.004375831 -0.64803326
6 0 0.05930055 10.994023 1.6715329 14.810708 1.9419094 1.5926312 0.665291 7.2884493 -0.056424662 0.028677635
6 0 0.056544486 10.370099 1.6449503 14.054671 2.047293 1.5363623 0.70347285 4.1715727 -0.046451986 -0.49011436
6 3 0.055958938 -7.3141623 1.9968739 24.113773 0.83616567 1.7517285 0.76370716 4.2511153 0.027261114 0.3356358
7 3 0.17173968 -7.3141623 1.9968739 24.113773 0.83616567 1.7517285 0.76370716 4.2511153 0.027261114 0.3356358
7 5 0.1613058 -10.792576 2.285449 34.75165 2.6153316 1.7484788 1.2787554 5.9646993 0.111019604 0.11569
7 3 0.13669482 -7.1775804 2.0032089 23.71009 0.77420104 1.7203201 0.7332247 4.304409 0.07190638 0.22253919
7 3 0.1125787 -7.4293656 2.007137 24.437908 0.8089094 1.7564563 0.7122525 4.2636914 0.009614468 0.3990559
7 3 0.10100915 -7.9470334 2.0659754 26.049742 0.6360526 1.7565641 0.6696471 5.0045357 0.02456841 0.005881861
7 2 0.09429561 -7.3368406 2.1497703 24.208567 0.6802668 1.7331846 0.59243906 4.373961 0.034779735 0.15808263
7 5 0.08816184 -12.671063 2.3836293 40.398705 4.35699 1.6414602 1.6675985 5.6867137 0.04057373 0.018051479
7 5 0.08767854 -9.763363 2.1359332 31.266294 2.1756518 1.725921 1.0914732 5.925752 0.039136194 0.11488836
7 2 0.06451305 -7.406349 2.1643443 24.24411 0.64464307 1.7422293 0.574391 4.6817856 0.056584127 0.13200477
7 5 0.064062886 -11.946589 2.3620002 38.559937 4.4738884 1.6875533 1.9819278 5.421077 0.061561607 -0.0084168
7 2 0.06339767 22.176899 1.4266686 73.38599 0.60095906 1.7358187 0.5817304 1.7832671 -0.04720293 -0.009863707
7 2 0.062720746 -7.0461383 2.0693283 23.284742 0.6931262 1.7414492 0.6313867 4.209729 -0.0167029 0.030969694
7 5 0.05593892 -7.6584473 2.0133834 25.030035 0.9796737 1.7016546 0.73510426 4.173301 0.055883877 0.8819086
7 2 0.054298874 -7.703341 2.005249 25.267618 0.72329336 1.7408649 0.6972185 4.4638104 0.036675133 0.2732422
