0 5 0.44274762 5.2628293 1.9231892 6.650368 4.246254 1.4271888 1.7593783 4.3825917 -0.07452409 0.04631093
0 5 0.42906675 -12.872424 2.4059248 31.228924 4.6689982 1.6158828 1.9217119 1.7885203 -0.056592695 -5.392171
0 5 0.3176032 2.4681776 1.9607038 57.24195 4.7337556 1.6543226 1.9899815 2.5553062 -0.06709857 -5.204834
0 5 0.3110174 -13.4728365 2.4445662 33.049835 4.596569 1.5812052 1.9107304 1.8509789 -0.09996915 -4.671837
0 5 0.30777302 -13.067632 2.4401217 31.706848 4.6458893 1.6236677 1.9190058 1.8079599 -0.0030967584 -4.031881
0 7 0.29381862 4.464104 1.7907228 5.61246 4.3269205 1.4427506 1.798526 4.3859963 0.011060452 0.024373032
0 5 0.2752159 20.401415 1.5922854 57.75495 4.625764 1.5914167 1.9644827 3.1277022 -0.053100705 -1.9952585
0 5 0.2677123 -3.385493 2.141621 66.64309 4.6737146 1.5877277 1.9327182 2.5280533 -0.058925644 -5.408601
0 5 0.26028243 2.2243772 1.981508 55.895626 4.7030916 1.6621093 1.9623404 2.6091628 -0.13899422 -5.1397324
0 5 0.23683146 30.086535 1.1679475 39.79998 4.5301657 1.6125782 1.9290015 3.1385217 -0.058934174 -4.32436
0 5 0.22448242 20.089006 1.6037279 57.29599 4.5877385 1.5629762 1.9526592 3.1077127 -0.013336044 -2.6211088
0 5 0.2112021 2.307954 2.0298257 57.54877 4.697594 1.6775229 1.9766129 2.4931116 -0.045347564 -4.0545783
0 5 0.18854426 -13.35433 2.369176 32.738598 4.5429926 1.5967915 1.8956972 1.8459702 -0.10220466 -4.4485245
0 5 0.1812038 2.4126658 1.939235 55.768074 4.660952 1.6471162 1.9502286 2.5209427 -0.08765834 -5.7066336
0 5 0.17417908 29.899199 1.1731333 39.592255 4.578293 1.6363358 1.955806 3.1408515 -0.036257975 -3.2712724
0 5 0.15549704 -3.4720867 2.196623 71.76579 4.7151704 1.6185026 2.01332 3.231772 0.030065259 -1.4629819
0 5 0.14836104 -3.3536944 2.142648 65.99456 4.645016 1.5904436 1.9388721 2.526203 -0.061059035 -5.373545
0 5 0.14613058 -3.0013545 2.1251912 70.581314 4.74039 1.6083529 2.0014467 3.3239105 -0.02437833 -1.4842391
0 5 0.14412066 30.213327 1.1452928 40.121464 4.589941 1.6405466 1.9565705 3.190856 -0.06953604 -1.4468074
0 5 0.14275174 -24.776228 2.3845034 53.292023 4.516342 1.6045874 1.9095289 1.4051735 0.025827816 0.12861583
0 5 0.13831612 19.961798 1.6473532 56.712513 4.630699 1.5681219 1.940481 3.0866523 -0.027166752 -2.1825588
0 5 0.13719422 -13.249533 2.4221952 32.02204 4.600093 1.6029797 1.8787001 1.7814438 -0.15123662 -5.3002253
0 5 0.13460915 -25.38231 2.4004357 54.328102 4.5090547 1.5963703 1.9142321 1.4140851 0.03912194 0.218532
0 5 0.1313128 18.763222 1.549833 53.08402 4.548748 1.5430509 1.8977375 3.051945 -0.09502141 -3.0183299
0 5 0.12959316 30.83149 1.5084685 40.739265 4.539495 1.6929345 1.9134467 3.2992058 0.0033698175 -2.649684
0 5 0.12909213 2.369538 1.9797869 56.640972 4.787374 1.7038829 2.0044649 2.5439668 -0.021207195 -3.961162
0 7 0.12637737 5.359249 1.9939098 6.862715 4.266534 1.4355983 1.7655706 4.4196672 0.013441654 0.026187707
0 5 0.12108532 5.6288695 1.9519951 7.0754347 4.1965647 1.42031 1.7494737 4.4325247 -0.016838098 0.008614808
0 5 0.11187397 2.1738193 1.9638479 55.279022 4.73544 1.6974903 1.98033 2.617319 -0.08732683 -2.3711054
0 5 0.11150055 4.3338885 1.7746189 5.237859 4.2786455 1.4429983 1.7410831 4.3760414 -0.05827021 -0.019150011
0 5 0.10886664 18.99702 1.547806 54.137188 4.5735855 1.5486069 1.9044584 2.9803627 -0.075638905 -2.5524147
0 5 0.1051796 5.028559 1.8991332 6.1555777 4.2212043 1.4501263 1.7714217 4.427756 -0.017594984 0.022372857
0 5 0.1049984 31.886559 1.581339 41.751156 4.430345 1.6577374 1.884306 3.276872 -0.04859546 -1.6393044
0 5 0.10442104 -3.4270132 2.1153793 67.32459 4.680868 1.5796931 1.9169376 2.3996148 -0.08784108 -3.025548
0 5 0.10376847 32.86293 1.5229867 44.641663 4.4929113 1.6992575 1.9001548 3.2549653 0.009974962 -0.83624023
0 5 0.10287818 2.0343316 2.0221078 59.8853 4.6112537 1.6543912 1.9543456 2.6715982 -0.09451877 -2.3640454
0 5 0.10207323 4.3402424 1.4743121 4.72352 4.655755 1.5656933 1.9324721 4.3483124 -0.020615792 0.0329359
0 5 0.10194019 -13.276395 2.3425016 32.40869 4.5757027 1.5607834 1.8659456 1.8358618 -0.06382149 -4.347231
0 5 0.09967119 -13.524292 2.437971 33.340546 4.770761 1.5771542 1.9594432 1.8692724 -0.031128738 -3.9405756
0 5 0.097658396 -12.967017 2.4948125 31.45186 4.7069407 1.601746 1.9067749 1.8279163 -0.059754007 -4.4842324
0 5 0.095355265 32.226006 1.3982247 42.37161 4.490355 1.6709567 1.8934723 3.3062735 -0.07676493 -1.2750069
0 5 0.08897945 31.683184 1.4016833 42.804676 4.5189543 1.6896797 1.9322087 3.2114162 -0.026213944 -0.62575066
0 7 0.08487724 4.784833 1.8961709 6.104246 4.414285 1.454384 1.7923198 4.329924 0.030342104 0.0070219208
0 5 0.08425689 29.942654 1.1795887 39.328613 4.515851 1.630843 1.9232154 3.1637444 -0.052760527 -2.999146
0 5 0.08280444 -3.3016028 2.091763 65.37837 4.626489 1.5389882 1.9010298 2.5118928 -0.0611663 -3.5827878
0 5 0.08182686 31.811357 1.4293208 42.446552 4.4359975 1.6813165 1.8799497 3.2403593 -0.04397919 -2.92478
0 5 0.0776416 -2.9836128 2.1367447 70.29729 4.748269 1.621695 1.9965787 3.2911603 -0.012066101 -1.7900158
0 5 0.07670252 -3.4186893 2.1984262 70.95145 4.737365 1.5650562 1.9912109 3.121622 0.0058609843 -1.7096022
0 5 0.07627495 2.0260062 2.0773118 60.735 4.662382 1.7014927 1.9697958 2.6160831 -0.09276515 -1.7003757
0 5 0.07510154 5.4075403 1.8877721 5.8720913 4.684693 1.5913101 1.9322712 4.309695 -0.05077015 -0.09054345
0 5 0.07503773 -25.654951 2.4213402 54.886513 4.5090594 1.6119379 1.920514 1.446721 0.025139188 0.14750114
0 5 0.07335405 -3.0180101 2.1331222 69.72828 4.7802153 1.5855784 2.001641 3.3162532 -0.041999243 -1.2179558
0 5 0.07129716 2.3222167 1.8721284 56.962776 4.7621 1.6839933 1.9809175 2.525371 -0.0007075183 -4.4567614
0 5 0.06933755 30.449883 1.1775281 40.741386 4.521511 1.5990046 1.9091902 3.1880236 -0.12398482 -2.5094137
0 5 0.0683941 -24.559813 2.4516606 52.86927 4.4684043 1.6311241 1.9049832 1.38559 0.011848291 0.14859015
0 5 0.06789006 -19.963806 2.0017745 75.38232 4.541826 1.5574267 1.9386202 4.413094 0.03851203 9.386579
0 5 0.06769797 -3.449237 2.1396947 67.70018 4.650905 1.5843545 1.9074404 2.4141788 -0.10655117 -3.5087092
0 5 0.06670218 20.82657 1.6185349 59.518803 4.6457853 1.6047618 1.9644094 3.1296008 -0.0106707085 -2.292144
0 5 0.06601886 -12.799149 2.4935384 30.947037 4.680476 1.5843624 1.9052838 1.807574 -0.11048229 -4.8821473
0 5 0.06587485 -25.044441 2.6801615 55.12464 4.673107 1.6451614 1.9639617 4.713594 0.10670388 0.09619651
0 5 0.06404592 20.098948 1.536629 56.530537 4.5763836 1.5686992 1.9342841 3.0423622 -0.0026969295 -2.707701
0 5 0.06381941 3.2183895 1.8686128 61.746502 4.590758 1.644098 1.9415569 2.4329133 -0.13576902 -3.058951
0 5 0.06371224 -2.6504047 2.124063 69.36942 4.6173787 1.6538805 1.9397773 2.5392644 -0.06043642 -1.2226143
0 5 0.06176742 -26.663645 2.4132166 56.55591 4.462934 1.5642761 1.8898729 1.4237273 -0.011728442 0.06229169
0 5 0.06153509 -25.186905 2.458304 53.96839 4.4777102 1.6160479 1.8992361 1.3856728 0.03291347 0.16602394
0 5 0.06024685 39.666527 0.25733376 64.37586 4.491642 1.6443895 1.9444407 5.203577 0.025492629 4.672597
0 5 0.058799792 -3.1473205 2.326952 73.365974 4.688659 1.6096101 2.0027966 2.8184364 -0.008792606 -0.8558599
0 5 0.05825549 3.1067681 2.0379376 66.94359 4.8007994 1.6912539 2.041324 2.6331708 -0.029312082 -1.2676803
0 5 0.05723041 30.3083 1.1353111 40.552654 4.5520773 1.6256173 1.9330465 3.2151692 -0.09387476 -1.1706601
0 5 0.056567434 31.115185 1.6261027 40.902313 4.5261784 1.7239368 1.9166262 3.3401737 -0.08958462 -2.1996944
0 5 0.056368366 -2.5779202 2.2192056 74.4941 4.710506 1.7585361 1.9737936 2.4205554 -0.056401692 -0.107371874
0 5 0.055871636 32.277637 1.4796425 43.19061 4.536669 1.7084398 1.9236318 3.319375 -0.10703226 -2.080036
0 5 0.053828903 3.3468375 2.0013518 65.65676 4.6215186 1.6518394 1.9601554 2.3843687 -0.1407957 -3.3018398
0 5 0.05288017 -24.672588 2.4579709 54.661343 4.433883 1.5795475 1.8624274 1.3693858 -0.05488106 0.03253049
0 5 0.05175359 7.3544006 2.1442418 9.390345 4.3928704 1.4822426 1.8175156 4.445614 -0.070905805 -0.034203123
0 5 0.050486602 19.68148 1.5919253 55.273567 4.660872 1.568936 1.9330875 2.9546175 0.011587232 -1.5313525
1 5 0.059195086 2.2243772 1.981508 55.895626 4.7030916 1.6621093 1.9623404 2.6091628 -0.13899422 -5.1397324
3 5 0.051027454 -17.039333 0.26243186 65.60703 9.6906185 4.04064 2.511798 1.228845 0.026402993 0.87334216
5 0 0.32825044 10.324177 1.7166557 18.28332 1.755047 1.5473872 0.5816248 6.855156 -0.054999523 -0.013423283
5 0 0.2586713 10.471507 1.7506609 18.522207 1.7406754 1.5768207 0.6144361 6.868035 -0.027320173 0.007277798
5 0 0.1559689 10.218614 1.7527707 18.102032 1.7700732 1.6054947 0.6140438 6.879927 0.0027384665 0.0168075
5 0 0.14600147 10.266369 1.7561204 18.221956 1.7669079 1.5583005 0.604605 6.785366 -0.08215244 -0.021017672
5 0 0.13743362 10.379599 1.7495638 18.427456 1.7481477 1.6066909 0.62673354 7.0315857 -0.017004643 -0.022381697
5 0 0.1174924 10.410618 1.7668915 18.441393 1.7450745 1.5837938 0.60665244 6.812898 -0.03029226 -0.011259221
5 0 0.104801364 10.841734 1.6491929 19.072206 1.7527862 1.7269151 0.6000292 6.8260484 0.05833839 0.074332826
5 0 0.0606732 10.073257 1.7629642 17.829103 1.8072432 1.5410991 0.63811356 6.8195324 -0.024002846 0.014073819
5 0 0.059148986 13.25243 1.5627077 22.959694 2.0244887 1.7259337 0.66340667 6.719412 0.019212568 0.07592369
5 0 0.05907484 10.743976 1.6553763 18.972713 1.8051285 1.7129697 0.60912627 6.734166 0.043365486 0.08048739
7 2 0.31677246 -7.415193 1.9758735 28.619629 0.80916494 1.7991 0.71366787 4.607601 0.35294843 1.9859716
7 2 0.2924921 -7.8051987 1.9964778 30.129105 0.75139153 1.8146585 0.67226326 4.5899153 0.22216105 0.88865924
7 2 0.21772431 -7.4944825 1.9770575 28.878956 0.7938781 1.8112422 0.69384235 4.5605216 0.22939965 1.7878685
7 2 0.20598377 -8.142572 2.0214078 31.331604 0.7652251 1.7906777 0.68847305 4.5437794 0.24429987 0.94810003
7 2 0.15843098 -7.9132576 2.0823221 30.033686 0.83921677 1.8235102 0.70723313 4.5144396 0.1693199 0.57347745
7 2 0.12465857 -7.8875337 2.044519 30.070257 0.96000725 1.8156658 0.75724375 4.492278 0.2083423 0.6635232
7 2 0.11814139 -7.8989825 1.9787769 30.309454 0.75060713 1.8059323 0.660682 4.6449065 0.23684211 1.6293161
7 2 0.10905022 -7.6690307 1.9752758 29.39389 0.8137503 1.7822179 0.6936901 4.647652 0.29373455 1.1480441
7 2 0.099655345 -7.538953 1.9365531 28.761238 0.8134915 1.857477 0.71230984 4.4879613 0.21161197 2.7454324
7 2 0.08754407 -8.129959 2.0365057 32.52406 0.90109795 1.7763603 0.7491522 4.584009 0.18523337 2.869626
7 2 0.07582208 -7.5018454 1.979269 29.858103 0.84491193 1.7982048 0.73478186 4.6200523 0.28930333 3.2324622
7 2 0.07453542 -7.66667 1.9443789 29.272524 0.82489854 1.8535467 0.7091211 4.6401615 0.33573323 2.9580526
7 2 0.07381157 -7.9159894 2.0731936 30.383026 0.768544 1.8085403 0.6313076 4.449591 0.25887316 1.216348
7 2 0.064676784 -12.52667 2.317775 48.22804 4.384381 1.6534051 1.8928224 4.4900203 0.035582095 10.906394
7 2 0.054482307 -7.822268 2.0764134 30.242823 0.8397575 1.8032801 0.7238757 4.624186 0.29153618 4.2388835
7 2 0.0519314 -13.146033 2.3397455 50.417458 4.4570813 1.6542203 1.9200393 4.5101695 0.051564425 11.041639
7 2 0.050422505 -7.7280107 2.0560203 29.783371 0.78921956 1.8197498 0.7039869 4.584658 0.20752074 3.2688591
