0 5 0.4499011 -5.452031 2.2345586 39.23992 4.706456 1.5893769 1.9558381 2.3617713 -0.05017718 -5.754204
0 5 0.41408306 15.38911 1.9028921 58.318363 5.1758556 1.8657639 2.0959098 3.0091164 -0.05139614 -2.4791448
0 5 0.32040805 15.378675 1.9731408 59.15971 5.009494 1.8178184 2.057641 2.9632325 -0.050222427 -2.9436257
0 5 0.21403399 29.312883 1.3948205 38.38728 4.4680395 1.6815965 1.8830222 6.4826837 -0.008264858 -0.69707143
0 5 0.21209604 15.54315 1.9450004 58.846092 5.156541 1.8422129 2.098965 2.996525 -0.05894479 -2.8916295
0 5 0.19697067 -5.549529 2.248702 39.624466 4.765234 1.5768385 1.9501516 2.342092 -0.08700319 -5.789891
0 5 0.17501983 -3.3728468 2.2754602 82.894615 4.7499347 1.5813423 1.9596466 1.6429335 -0.03916006 -1.3059357
0 5 0.17238155 15.658128 1.9181 59.41465 5.2800884 1.8584802 2.131832 3.0100434 -0.019783624 -2.3773265
0 5 0.16728447 -14.393639 2.8255048 61.00857 4.7264876 1.8215667 1.9838784 4.5379095 0.038990527 4.3956633
0 5 0.16109814 31.336758 1.2601453 40.239082 4.789296 1.7330672 1.9527903 6.519312 -0.0014529079 -0.19169995
0 5 0.15246363 -5.531465 2.2531235 39.864292 4.721741 1.5563146 1.9518559 2.342052 -0.08114446 -5.258678
0 5 0.15148331 -14.250174 2.8059773 60.455944 4.586248 1.8066466 1.9559127 4.5029473 0.03753332 6.8237805
0 5 0.14168105 30.20249 1.450541 39.421314 4.4370413 1.6437168 1.8785068 6.641995 -0.004590963 0.29302615
0 5 0.121061616 29.686413 1.352284 38.955166 4.5400834 1.7594858 1.9029112 6.342796 0.11920329 0.23170003
0 5 0.11935807 -3.4611523 2.3325746 81.55542 4.7030587 1.5557044 1.9326118 1.6371435 -0.05095391 -1.5550497
0 5 0.11421077 -3.0141792 2.232032 85.16313 4.801064 1.6343064 1.9605603 1.6248531 -0.042576954 -0.2233954
0 5 0.10989639 -5.3542657 2.2224061 38.47981 4.7139883 1.5855079 1.9470246 2.3348184 -0.07214821 -7.533979
0 5 0.10963598 -3.3718765 2.2697296 82.00571 4.7368374 1.580337 1.9512072 1.6214334 -0.06098236 -1.1581469
0 5 0.10875891 31.210735 1.1365231 40.36649 4.7490406 1.7673279 1.9688088 3.522597 -0.044930525 0.11187001
0 5 0.10851489 31.587797 1.06688 41.758183 4.747778 1.8857756 1.9665047 2.9761076 0.13545121 0.8516745
0 5 0.10811375 -5.8423734 2.4652734 42.13457 4.6661024 1.550585 1.8915353 2.3292248 -0.02952781 -2.2513535
0 5 0.10779685 29.177681 1.4670126 38.089138 4.4281573 1.650947 1.8721862 6.525184 -0.025152719 0.77526045
0 5 0.1057952 33.27357 1.3483368 39.906155 6.0263453 2.193974 2.179397 3.5750287 -0.073153436 0.09157271
0 5 0.103395954 31.767557 1.4711773 40.72736 4.6371965 1.8283997 1.950464 3.4635367 -0.105818234 0.24588484
0 5 0.10209467 15.62582 1.9236078 59.814293 5.109379 1.8991543 2.072541 2.9578352 -0.0183793 -2.6838496
0 5 0.095581725 -6.369401 2.4085245 43.88812 4.8328056 1.5618505 1.9660426 2.3839211 -0.053023867 -3.4216886
0 5 0.095148206 -5.9741354 2.6458752 43.403618 4.8775177 1.5550882 1.9115131 2.2286046 0.010901943 -2.2634592
0 5 0.09310509 30.220798 1.158349 39.837322 4.5745006 1.808727 1.9181132 6.25364 0.06746827 0.1469756
0 5 0.09154972 -14.048856 2.7737398 59.616367 4.5936456 1.7877307 1.9490901 4.535281 -0.0024436982 7.475122
0 5 0.091313906 1.0286295 2.5354137 114.01799 4.7370424 1.6432908 2.0049021 4.8136086 0.056063756 4.5489597
0 5 0.09047177 33.78774 1.4257398 42.154778 5.4542007 2.0019705 2.1185837 3.4450028 -0.055859953 -0.6200339
0 5 0.08829924 -20.682123 2.2083566 71.394806 4.6713567 1.7359216 1.9555538 4.3931556 -0.057053663 8.350495
0 5 0.085714616 -2.3465385 2.057953 90.634285 4.7555213 1.6304548 1.9723521 1.6477379 -0.020943876 -0.42616904
0 5 0.08491409 30.067966 1.512085 39.18541 4.4336576 1.6364465 1.8844724 6.6338534 0.025561104 0.7021422
0 5 0.08330094 30.40357 1.4101516 39.65325 4.4590416 1.6963166 1.8664243 6.537407 0.07515272 -0.37490723
0 5 0.08253577 1.02974 2.4807358 116.281654 4.767008 1.6357365 2.007312 4.8042827 0.022514297 5.1953607
0 5 0.08236595 -20.200176 2.2480783 69.58015 4.5836287 1.7393625 1.9503721 4.3661194 -0.0289555 7.706407
0 5 0.081709646 38.28546 0.94432366 43.101074 4.8411517 1.8708206 2.00787 3.4972055 -0.09893613 1.8720022
0 5 0.07658073 32.9385 1.4018008 42.17607 4.432944 1.635609 1.8815148 6.6808963 -0.02469207 0.8337477
0 5 0.07645741 31.56682 1.2957733 40.557713 4.6466556 1.7279282 1.9683689 3.3954813 0.029699488 0.011896782
0 5 0.07555768 -0.1734211 2.2479825 109.34662 4.957879 1.7406688 2.0495408 1.6898649 0.0022542216 1.0304495
0 6 0.07483227 37.717453 0.98340476 43.658924 4.741843 1.8509568 1.9914421 3.4207315 -0.10606008 0.5076843
0 5 0.07241151 -20.362242 2.171423 70.04012 4.7335796 1.7551123 1.9908713 4.3524637 -0.07608431 7.162085
0 5 0.071924925 14.6601925 2.20488 96.67689 5.6606884 1.8290104 2.1024542 4.861128 0.030728469 7.9364386
0 5 0.07148117 -5.608301 2.2295513 43.481396 4.7982078 1.5238047 1.9295794 2.4228375 -0.056602538 -3.54318
0 5 0.069023624 -6.5403857 2.498544 44.621895 4.871113 1.565822 1.96957 2.3621638 -0.05067692 -3.3398316
0 5 0.068028644 -5.399586 2.2679408 38.751762 4.706225 1.5627577 1.9147809 2.327245 -0.12977137 -7.5672216
0 5 0.0676553 -4.3740582 2.4218886 80.3055 4.653328 1.5463454 1.9099221 1.7087212 -0.039909817 -0.6575707
0 5 0.06689975 1.0570819 2.6006322 112.88427 4.728146 1.6166174 2.0091074 4.797078 0.08297159 5.0738277
0 6 0.06542725 -5.929927 2.5928504 76.78066 4.577926 1.5308173 1.8872052 1.9225411 -0.079595946 -0.15051433
0 5 0.06495054 -3.3878696 2.2732968 84.24608 4.744175 1.6034784 1.9796876 1.6331542 -0.024216115 -0.95481104
0 5 0.06426778 -3.438735 2.3225143 80.76941 4.6856794 1.5611645 1.933056 1.590026 -0.072609395 -1.3989313
0 5 0.06406894 -5.574059 2.372276 43.773983 4.754208 1.5215746 1.9514139 2.4163172 -0.053357802 -3.0219486
0 5 0.06180452 37.37382 1.1495156 45.049503 4.5710454 1.7300822 1.9217373 3.4739525 -0.05139841 0.30584446
0 5 0.0609206 18.050543 2.308562 66.75402 5.10961 1.8715341 2.1226301 3.0207927 -0.029223533 -0.67331135
0 5 0.060657028 -6.2679515 2.65605 74.40872 4.531302 1.5590367 1.9084134 1.8600816 -0.05701123 -0.12706491
0 5 0.06024883 16.011284 1.8893882 61.195824 5.250032 1.860628 2.141821 2.9228668 0.00039504096 -2.6764834
0 5 0.059693474 36.898674 1.0690355 44.144787 4.5848427 1.7614568 1.9311833 3.4325213 -0.060488656 0.17901194
0 5 0.05952922 -3.4602857 2.3283443 82.38164 4.654566 1.5749462 1.9526542 1.6244997 -0.03772252 -0.8537814
0 5 0.059380308 33.23628 1.4889245 41.45048 5.8052664 2.1290448 2.1648085 3.3891132 -0.007955101 -0.45362383
0 5 0.05932844 -6.125 2.6346886 73.028984 4.5645704 1.5525905 1.8889673 1.9221689 -0.10361558 -0.14498585
0 5 0.05832069 -20.625937 2.112688 69.73297 4.7888994 1.7297664 1.948397 4.362106 -0.06624596 10.2621975
0 5 0.057934236 32.02825 1.4277414 41.073357 4.816167 1.8693345 1.9834937 3.41491 -0.07321513 -0.10622419
0 5 0.0575161 -5.973236 2.646366 77.23099 4.5426207 1.5451471 1.9042735 1.7433428 -0.03386858 -0.121555015
0 5 0.056442223 -7.520174 2.2243392 49.555527 7.595623 2.3964279 2.3974113 1.9282724 -0.032478705 -2.2633665
0 5 0.05611421 -14.309646 2.2198715 48.46128 3.5198889 1.7425127 1.4347682 4.4255714 0.068968244 4.6276383
0 5 0.055608496 15.292693 2.267877 100.5029 7.943739 2.2747247 2.371246 4.8118944 0.03777843 7.26581
0 5 0.05487656 33.76806 1.3315877 43.152885 4.451201 1.675851 1.8667401 3.4661098 0.0060446803 0.07780095
0 5 0.054750934 28.176945 1.643075 33.07026 4.437702 1.6281527 1.8674186 3.716373 -0.07558161 -0.01629622
0 5 0.05427011 0.04407376 2.250471 110.821846 4.8823004 1.6529448 2.0107927 1.6723704 -0.010052183 0.5126151
0 5 0.0542619 14.391001 2.1902714 94.86894 5.2478604 1.7672678 2.0837069 4.855602 0.042254552 8.186783
0 5 0.052626554 18.814415 2.2328959 69.42969 4.995243 1.8485899 2.0781684 3.0357633 -0.030269071 -0.47992858
0 5 0.05203409 34.51437 0.8128512 45.920536 4.9797606 1.944183 2.0288546 2.8935509 0.09944842 -0.46001193
0 5 0.051678747 -6.1733284 2.4223413 43.137558 4.7463193 1.5504137 1.9400222 2.3821566 -0.06866493 -3.1292386
0 5 0.05093554 -5.9545603 2.2894049 42.778324 4.60865 1.5307057 1.898673 2.3623624 -0.031469315 -3.0569675
0 5 0.050236057 34.337837 0.8202873 46.15269 4.967797 1.9455062 2.0143547 2.9029539 0.09817703 -1.5542632
1 5 0.08867068 31.336758 1.2601453 40.239082 4.789296 1.7330672 1.9527903 6.519312 -0.0014529079 -0.19169995
1 5 0.070445664 33.27357 1.3483368 39.906155 6.0263453 2.193974 2.179397 3.5750287 -0.073153436 0.09157271
1 5 0.06544355 14.6601925 2.20488 96.67689 5.6606884 1.8290104 2.1024542 4.861128 0.030728469 7.9364386
1 5 0.054423213 29.312883 1.3948205 38.38728 4.4680395 1.6815965 1.8830222 6.4826837 -0.008264858 -0.69707143
1 5 0.053341303 15.292693 2.267877 100.5029 7.943739 2.2747247 2.371246 4.8118944 0.03777843 7.26581
1 5 0.051222138 -3.3728468 2.2754602 82.894615 4.7499347 1.5813423 1.9596466 1.6429335 -0.03916006 -1.3059357
3 5 0.09371672 43.15193 1.5054175 48.788174 12.108163 3.767204 3.679682 3.554579 -0.023956753 -0.9147067
3 5 0.07608542 18.83272 2.003642 115.614655 12.751654 3.168437 2.986132 4.772488 -0.019464007 4.0530643
3 5 0.0741594 33.27357 1.3483368 39.906155 6.0263453 2.193974 2.179397 3.5750287 -0.073153436 0.09157271
3 5 0.07070187 31.336758 1.2601453 40.239082 4.789296 1.7330672 1.9527903 6.519312 -0.0014529079 -0.19169995
3 5 0.06839109 15.292693 2.267877 100.5029 7.943739 2.2747247 2.371246 4.8118944 0.03777843 7.26581
3 5 0.06295511 14.6601925 2.20488 96.67689 5.6606884 1.8290104 2.1024542 4.861128 0.030728469 7.9364386
3 5 0.061692808 20.79783 1.8514918 116.878075 12.492746 3.1815069 2.97316 4.7656484 -0.017817006 2.0318806
3 5 0.055322398 16.466198 2.229034 107.576904 11.405809 2.8713872 2.728328 4.8042607 -0.0395042 6.161415
5 8 0.11599454 9.730574 1.7284789 11.140913 1.8172092 1.1634144 0.60169786 7.1786957 -0.011437722 0.011334665
5 8 0.07460995 9.619547 1.7302703 11.10246 1.9054826 1.1732767 0.6304649 7.128373 0.027192747 -0.008049348
5 0 0.06628438 9.5097475 1.7669802 10.558545 1.6780798 1.178497 0.50228477 7.0701604 -0.011647837 -0.012607698
5 0 0.065186195 8.662672 1.5910878 9.683615 1.6797795 1.1596297 0.5175057 4.0071526 0.0014031753 -0.011285148
5 8 0.0553152 9.973917 1.7395802 11.366786 1.7483621 1.127773 0.5420662 7.3551283 -0.023171911 0.006097233
7 2 0.1994988 -7.9485807 2.201885 22.844078 0.70784193 1.7311784 0.69102955 3.7592347 0.12014263 0.42685306
7 2 0.19654576 -7.62492 2.1829438 21.994463 0.73410016 1.7139152 0.6762251 3.7276683 0.13786408 0.1932739
7 2 0.19362949 -8.25443 2.2242477 23.51514 0.7289149 1.705627 0.65776753 3.6905184 0.19427913 0.2616267
7 2 0.19014464 -8.128247 2.2566683 23.123035 0.72129726 1.7580371 0.6370142 6.650587 0.1436405 0.35710093
7 2 0.18187831 -7.58935 2.1703134 21.826813 0.72409505 1.7203827 0.6526442 3.6953704 0.14041151 0.24590087
7 2 0.16550986 -8.1085205 2.2789977 23.226137 0.785751 1.7609969 0.6868705 6.6720433 0.18280195 0.21005583
7 2 0.16207612 -7.882468 2.197408 22.646767 0.7048716 1.7331579 0.67644054 3.779526 0.16677216 0.5215814
7 2 0.14779899 -8.230227 2.16478 27.195896 0.8694446 1.7519293 0.75278056 4.451896 0.10175571 0.6653373
7 2 0.13269946 -8.222241 2.2292948 27.334993 0.93728757 1.7381067 0.79644924 4.472284 0.0894426 0.57340556
7 2 0.12808885 -8.344841 2.2243936 27.704397 0.8776718 1.785273 0.75485855 4.4837008 0.07663212 0.6398368
7 2 0.12786505 -8.320953 2.2468116 24.3495 0.82342404 1.7520758 0.7047059 3.83457 0.15111706 0.30114198
7 2 0.124388814 -7.8223233 2.2151995 25.574305 0.84757227 1.8477387 0.76185465 4.2879972 0.0968616 0.5180396
7 2 0.10219678 -7.7700033 2.2341213 25.792265 0.82381713 1.8070241 0.71901774 4.0732527 0.09903626 0.5150682
7 2 0.093805805 -7.884367 2.098289 26.265171 0.8775377 1.8909128 0.81060433 4.2275877 0.07667314 0.50525266
7 3 0.085638754 -5.6580954 1.711242 6.558437 0.59970593 1.667322 0.5560176 2.810344 -0.104673095 -0.0072109103
7 2 0.08099812 -8.098094 2.1914537 23.133175 0.7280307 1.7271982 0.69440526 3.8327737 0.042753167 0.48113817
7 2 0.074553594 -7.7892137 2.088371 25.684189 0.8689198 1.8821594 0.75113475 4.367101 0.052803352 0.5993099
7 3 0.0710376 -6.031572 1.7760041 7.0474844 0.61005723 1.6287147 0.5848879 2.8464026 -0.09881531 -0.05611119
7 3 0.0686601 -5.6972423 1.736864 6.5859084 0.58870417 1.6460803 0.57774067 2.7880797 -0.029825032 -0.003300069
7 2 0.06796085 -8.328743 2.28242 23.916313 0.80091834 1.7957002 0.7302556 3.6991577 0.13105017 0.36343047
7 2 0.06452367 -7.7716184 2.1118658 25.905167 0.8992362 1.7882867 0.76968527 1.1999451 0.005160706 0.5139026
7 5 0.055170063 -14.309646 2.2198715 48.46128 3.5198889 1.7425127 1.4347682 4.4255714 0.068968244 4.6276383
7 2 0.05418094 -7.625931 2.224799 22.152424 0.75032896 1.7544093 0.6800435 4.0423903 0.114075966 0.58899695
7 2 0.053476546 -7.9751916 2.0395188 26.287994 0.9229056 1.8646429 0.771531 4.4487667 0.06468919 0.4146967
7 2 0.052268155 -8.392196 2.1289382 27.823957 0.8950067 1.8276865 0.728779 4.436094 -0.03309492 0.6831845
7 2 0.051291417 -7.8283215 2.2321367 25.891397 0.82828134 1.8141036 0.7107903 4.298367 0.029449956 0.35535383
