0 5 0.3622138 3.3250396 2.1952782 49.063988 4.945367 1.7884464 2.0444264 2.6549647 -0.0905496 -6.6438093
0 5 0.34749874 -11.269024 2.439951 28.00212 4.566168 1.5797067 1.9260418 2.014989 -0.088312574 -4.086893
0 5 0.33287922 3.2990687 2.1284428 48.31257 4.9669943 1.7592452 2.068117 2.645471 -0.062679194 -6.9764166
0 5 0.3128883 3.532692 2.1984148 49.619225 4.989403 1.8074069 2.0506346 2.6553671 -0.1000243 -7.0910473
0 5 0.23043613 -11.267069 2.49269 28.362051 4.631466 1.5938878 1.9449027 2.0200815 -0.006161797 -2.9483948
0 5 0.15790482 -3.449352 2.3244157 86.64453 4.744137 1.569379 1.9684175 1.8900037 -0.025279684 -3.402461
0 5 0.12868682 -11.1058 2.392284 27.565178 4.5114684 1.5511743 1.892211 1.9774117 -0.028768636 -2.4363618
0 5 0.12118447 -3.1610315 2.2931466 87.98591 4.7648015 1.656218 1.9733906 1.8465735 -0.050889023 -1.6285058
0 5 0.11601621 -10.781087 2.3858092 27.596132 4.694029 1.647748 1.9825083 1.9837334 -0.0047300365 -1.4213854
0 5 0.10189644 -3.569785 2.4000368 87.60407 4.716342 1.5318534 1.9549236 1.9061226 -0.04357136 -3.6812472
0 5 0.09822924 -3.3945677 2.337047 85.90736 4.7515764 1.5847646 1.9745253 1.9224725 -0.07272292 -2.7325134
0 5 0.085526615 -2.4345162 2.1006846 90.904106 4.776621 1.7478153 2.0163534 1.8160661 -0.040880054 -1.9105655
0 5 0.08537378 -11.603154 2.5096455 28.504307 4.5761776 1.5719931 1.9147068 2.0312858 -0.04998093 -2.7780638
0 5 0.08477211 -18.633429 2.3301873 64.35756 4.607996 1.6966256 1.9808209 4.3683352 -0.034026474 11.147192
0 5 0.083417535 -18.93527 2.2569299 64.7983 4.618753 1.704226 1.9742566 4.3719163 -0.10276009 10.891234
0 5 0.07871078 -10.653038 2.2969456 27.26761 4.7353377 1.679452 1.9334277 1.9162589 -0.026455518 -1.8658152
0 5 0.07504555 -19.31954 2.158775 64.82546 4.584898 1.7058587 1.9598919 4.377332 -0.12384054 7.32946
0 5 0.07094538 -8.9089575 2.6455023 89.38938 4.701846 1.4832681 1.9470638 1.9810464 0.0075480808 -4.3608804
0 5 0.068755895 -16.037766 1.483031 46.381382 7.820109 3.0167828 2.5728838 4.490924 -0.052589595 5.929247
0 5 0.06400041 -4.4996405 2.47618 91.8004 4.691067 1.5011544 1.9608227 1.9466895 -0.010436897 -3.6603072
0 5 0.06109973 -3.5743754 2.3811612 86.92887 4.66676 1.5170956 1.9402566 1.9410338 -0.07962425 -3.31102
0 5 0.059519038 1.4149971 2.4855282 85.669975 4.5296106 1.6140224 1.9416682 2.10961 -0.018773576 -1.4801522
0 5 0.0594366 14.605157 1.8786383 100.038445 5.0035295 1.8352762 2.090687 4.8242188 -0.029988274 12.947159
0 5 0.058613963 -19.045803 2.3271694 65.659706 4.6314 1.6702533 1.9700929 4.389516 0.057192422 9.66077
0 5 0.058568276 -8.216826 2.6037083 89.663155 4.729664 1.4532423 1.9507569 1.9947045 0.0009130351 -3.9548283
0 5 0.057492338 -15.842329 1.6876117 49.79721 5.809304 2.1904123 2.3310456 4.4504642 -0.08429289 8.865044
0 5 0.057195764 1.6874437 2.4902277 80.99375 4.56499 1.589495 1.9440207 2.167044 -0.007906919 -1.9032183
0 5 0.05714422 -18.539768 2.2129297 63.442204 4.631015 1.7224795 1.991055 4.362485 -0.10361295 8.694651
0 5 0.056936417 -19.493126 2.3307598 66.604904 4.629921 1.6881231 1.973982 4.3915176 -0.052718192 8.823376
0 5 0.056821227 1.1038593 2.4549599 90.12265 4.537246 1.6174678 1.9343855 2.0199246 -0.041723803 -1.2217001
0 5 0.05632101 -9.017501 2.1749458 22.619827 1.337878 1.6334763 0.84511054 1.8432825 -0.15341307 -2.3040016
0 5 0.055617534 -10.975645 1.8667378 27.940184 4.465463 1.6215916 1.8976009 2.1207695 -0.062337592 -2.397744
0 5 0.05478454 -18.447596 2.3773677 64.6334 4.6023717 1.7039913 1.9834853 4.3469353 -0.075557224 11.200191
0 5 0.05191811 -18.774097 2.1074586 62.930424 4.6265745 1.722537 1.9778839 4.3723683 -0.11905901 5.835425
0 2 0.05183336 -7.1583643 2.0533264 19.154127 0.64296806 1.7218226 0.6319041 1.451918 -0.07819196 0.13438815
0 5 0.051382344 -7.3936796 2.5668378 91.82058 4.7107854 1.4631841 1.9550854 2.0180414 0.0053963475 -3.8285434
1 5 0.05056566 -2.4345162 2.1006846 90.904106 4.776621 1.7478153 2.0163534 1.8160661 -0.040880054 -1.9105655
3 5 0.43561277 33.74608 0.954679 53.020283 12.10301 3.068337 2.8586166 3.4276643 -0.061550677 0.67461795
3 5 0.3362787 32.093323 1.1383687 51.21487 11.986587 3.0547383 2.8233693 3.4400399 -0.09777661 -0.04176624
3 5 0.2583692 34.898907 1.0224674 54.982594 12.454127 3.067308 2.9577332 3.4171495 -0.013501294 1.2375607
3 5 0.13027406 32.472828 1.1444025 50.384876 12.246775 3.088508 2.8738194 3.3956223 -0.06857033 0.10011181
3 5 0.12420818 33.18685 1.1559556 52.52244 11.987989 3.054331 2.836965 3.4675107 -0.04823335 -0.041816622
3 5 0.08837035 31.705294 1.1814111 50.256947 11.776258 3.0375938 2.8393266 3.4542732 -0.08593711 0.49598444
3 5 0.08462658 32.633476 2.2249856 49.899776 12.305578 3.207605 2.9928613 3.5593534 -0.019597873 -0.011536403
3 5 0.07900427 -16.037766 1.483031 46.381382 7.820109 3.0167828 2.5728838 4.490924 -0.052589595 5.929247
3 5 0.07314863 32.654808 1.1483827 53.20251 12.122873 3.0518131 2.8692615 3.4424179 -0.05210135 0.74309593
3 5 0.0725145 -11.269024 2.439951 28.00212 4.566168 1.5797067 1.9260418 2.014989 -0.088312574 -4.086893
3 5 0.06990157 34.043556 1.2327392 54.085327 12.615037 3.102917 2.9073575 6.623977 -0.056081876 0.9658416
3 5 0.06949526 30.198593 1.9450439 46.611084 12.711607 3.2283285 3.041233 3.4543786 0.011263516 -1.1587477
3 5 0.0690756 30.840271 2.31052 48.89091 12.092915 3.2329571 2.8676233 6.6598454 -0.0068166833 -0.020510934
3 5 0.0609035 32.209957 1.2286332 52.287697 11.842847 3.0235884 2.8434064 3.414225 -0.11651918 0.004475454
3 5 0.059827864 -11.267069 2.49269 28.362051 4.631466 1.5938878 1.9449027 2.0200815 -0.006161797 -2.9483948
3 5 0.058962457 32.33696 1.3137403 49.82258 12.84527 3.1095173 3.0953665 3.4110405 -0.036110256 -0.21456176
3 5 0.05559494 -15.799116 1.4273984 45.086445 7.5935082 2.9510446 2.588683 4.581204 -0.009842286 6.836648
3 5 0.05527694 26.377687 1.5011238 56.62901 8.606691 2.8806908 2.645167 5.669294 -0.033622786 0.047942683
3 5 0.053935412 -15.541086 0.9472922 55.033844 11.653763 4.851225 2.7542439 1.1932268 0.14431266 0.540032
3 5 0.05324851 -16.35112 1.4257376 43.44205 9.176414 3.99154 2.8477635 1.6009845 -0.007204744 -4.0126467
3 5 0.051595327 -16.397228 0.60455954 59.767536 11.354381 4.806097 2.7513623 1.2309866 0.15053983 0.40502852
3 5 0.05086009 -15.90097 1.4645592 44.13453 9.175663 3.787145 2.8079083 1.5295925 -0.003882099 -2.8188498
7 2 0.29354316 -6.993479 1.9980199 18.735022 0.68506795 1.694583 0.6265421 1.1386757 -0.103021905 0.16929126
7 2 0.17991309 -7.048251 1.9662118 18.86902 0.6723326 1.6522096 0.59838676 1.133003 -0.06090957 0.25545314
7 2 0.14535342 -7.1583643 2.0533264 19.154127 0.64296806 1.7218226 0.6319041 1.451918 -0.07819196 0.13438815
7 2 0.14074709 -7.25571 2.0320337 19.598694 0.8083698 1.6877246 0.7064039 0.82290137 -0.15058699 -0.009882936
7 2 0.12654054 -7.306206 2.0639982 19.442898 0.6883548 1.6943197 0.60370135 1.4124887 -0.05856937 0.06933931
7 2 0.12607588 -7.1129994 2.0010316 19.024359 0.843385 1.7170004 0.649545 1.2677702 -0.17185229 -0.45284542
7 2 0.11283606 -7.477955 2.079767 20.17126 0.8005927 1.7203804 0.7032931 0.81812346 -0.22022186 -0.023887383
7 2 0.09687847 -7.367854 1.9756236 19.72245 0.68922734 1.6911312 0.5753275 1.2118218 -0.14632703 0.015483916
7 2 0.071830526 -7.3186064 2.0565324 19.518978 0.86301506 1.7232375 0.6494935 1.4686334 -0.2186882 -0.44986078
7 2 0.07037458 -7.360603 1.9614054 19.781977 0.78631556 1.7113531 0.7089588 0.7428932 -0.24326299 -0.4143839
7 2 0.06705685 -7.0170755 1.935742 18.793253 0.6448871 1.6487801 0.5898051 1.2174952 -0.12181219 0.0065886993
7 2 0.064652205 -7.2239523 1.991097 19.365555 0.76267797 1.6690825 0.68951225 3.9921174 -0.07331915 -0.39214796
7 2 0.06396752 -7.054348 2.103115 19.11212 0.8021828 1.6696936 0.70023555 0.8540658 -0.11588665 -0.16646758
7 2 0.061816446 -7.771864 2.0196595 20.860409 1.0755333 1.6403337 0.6851611 1.3198287 -0.27090964 0.20868534
7 2 0.05698531 -7.0933623 2.1293545 19.219488 0.78204435 1.7062793 0.6886116 0.7800653 -0.20542462 -0.03406526
7 5 0.055411924 -9.017501 2.1749458 22.619827 1.337878 1.6334763 0.84511054 1.8432825 -0.15341307 -2.3040016
8 8 0.0534879 10.127573 1.580039 11.290312 0.492918 1.2798837 0.40513447 5.7493434 0.027095126 -0.005494941
8 8 0.05041985 21.024406 1.5705335 28.73296 0.47378883 0.8356791 0.47867453 5.3559203 -0.026601413 0.020759098
