0 5 0.4678053 -8.095889 2.0910182 35.53934 4.7752852 1.6046369 1.9458282 2.0270143 -0.058920577 -6.9505725
0 5 0.46010295 29.734575 1.4103097 54.88188 4.9149017 1.8258171 2.0575612 3.182759 -0.0087432945 -1.5242324
0 5 0.30544174 30.802847 1.4053559 56.769463 4.96511 1.842277 2.061951 3.2487862 -0.026971765 -0.9626973
0 5 0.24563725 8.544426 1.9793904 53.40268 4.7781916 1.5625765 1.9793673 2.9365604 -0.017479567 -3.2695353
0 5 0.21481939 -16.65949 2.3769197 52.836575 4.4308753 1.6590024 1.8971083 6.095773 0.14870727 0.14211935
0 5 0.20934433 8.684503 2.01857 53.635727 4.7295475 1.5492394 1.953886 2.9171624 -0.04970488 -4.893179
0 5 0.19447191 -16.677544 2.392318 53.153484 4.4828587 1.6423572 1.9213328 6.072056 0.057169683 0.038966812
0 5 0.19161879 30.298803 1.4306554 55.829117 4.9274044 1.8328568 2.0461757 3.1859322 -0.058816135 -2.285965
0 5 0.18888018 8.459063 1.9739183 52.947342 4.786991 1.5733306 1.971051 2.8884602 -0.018372286 -2.635373
0 5 0.18516405 29.24124 1.3878295 54.05654 4.889666 1.7988243 2.028711 3.0650556 -0.07014898 -2.5256135
0 5 0.17433915 -16.105844 2.399421 51.83726 4.4701276 1.6676017 1.8942225 6.0754447 0.034177303 0.008632474
0 5 0.14415422 30.473833 1.4323127 56.280884 4.918479 1.7990357 2.0459304 3.1691046 -0.07500187 -2.4336088
0 5 0.13251579 31.386532 1.4769483 57.666065 4.986437 1.8507397 2.0665576 3.224203 -0.06961715 -1.3880148
0 5 0.12555908 7.209066 2.079707 74.72532 4.562189 1.5769806 1.9254909 4.76982 -0.049064517 2.0269382
0 5 0.12427395 -11.959157 2.0867975 37.905613 2.6315594 1.6862975 1.0450019 5.118509 0.08611283 0.37857863
0 5 0.123230286 -16.31689 2.3949556 52.5632 4.519356 1.6665707 1.9352031 6.051046 0.09355664 0.19096497
0 5 0.11909673 8.460694 2.0199552 52.706867 4.7072206 1.5446913 1.9287546 2.8400214 -0.041514754 -3.200572
0 5 0.11870661 -9.0453615 2.0356922 37.997578 4.794898 1.5601888 1.9497597 2.0041623 -0.032210477 -3.4492338
0 5 0.1153585 7.163672 2.0917656 75.331474 4.5313497 1.5611933 1.9280834 4.737703 0.026420841 6.225571
0 5 0.10850367 7.2267685 2.149283 75.742805 4.5124 1.5616206 1.9336619 1.6007756 -0.0016997326 3.1943471
0 5 0.09994826 -8.310245 2.122479 36.72584 4.647803 1.5675604 1.9053029 2.1012664 -0.06674551 -8.608664
0 5 0.09760309 30.127699 1.5450913 56.121944 4.684906 1.8175564 1.9741601 3.181509 -0.03516125 -1.074104
0 5 0.08785827 8.688011 2.0217342 54.13094 4.837069 1.5522997 1.981525 2.8898816 -0.01604275 -3.638501
0 5 0.08590057 -15.954348 2.2657943 49.433487 4.2743096 1.6138413 1.8220131 5.531336 0.04030908 0.3846481
0 5 0.08352595 10.261495 2.0304112 63.55975 4.5679717 1.5139775 1.8952985 2.5880191 -0.11485733 -2.6457546
0 5 0.08255339 -14.9843445 2.2826881 48.932972 4.4785204 1.6079152 1.8943311 5.835955 0.028249757 0.013840694
0 5 0.0813203 -15.657879 2.2772725 48.897736 4.2642164 1.6044952 1.8124149 5.3366714 0.06855077 0.069170445
0 5 0.078846596 8.766941 2.0758548 54.3792 4.7415648 1.5588146 1.9652267 2.8882554 -0.0014661737 -3.4601922
0 5 0.07791537 20.325563 1.8946084 105.649216 9.986324 3.0765593 2.6693118 4.755174 -0.033504833 3.490975
0 5 0.077174924 -8.458946 2.131053 36.8601 4.532686 1.5117862 1.8808104 1.9605129 -0.023642369 -3.1113975
0 5 0.07559933 -17.038616 2.4394643 53.661552 4.4401608 1.6211712 1.8634372 5.869683 0.038605884 -0.009754425
0 5 0.07519561 18.503178 1.7439046 96.10805 7.919411 2.60728 2.514666 4.7208676 -0.019166451 4.1310396
0 5 0.0748433 29.932253 1.4030702 55.33828 4.93572 1.8195634 2.040216 3.1623714 -0.031823523 -2.7693653
0 5 0.07282344 17.976942 1.8669369 91.20269 7.328117 2.3663456 2.3884342 4.6642356 -0.02623196 3.5674064
0 5 0.07222781 -8.277509 2.0818555 36.47243 4.6820445 1.5116267 1.8861078 2.1175463 -0.132276 -6.96721
0 5 0.071915045 -15.653373 2.353631 51.364487 4.579553 1.6198082 1.9150344 5.752611 0.067593195 0.03211362
0 5 0.070038736 -16.286747 2.2877083 50.461792 4.2898097 1.5771579 1.828967 5.5058627 0.03244809 0.04231061
0 5 0.06843757 19.660658 1.9225405 99.158844 9.834058 2.9114614 2.621997 4.708101 -0.0351668 3.663125
0 5 0.06675917 30.73208 1.1783799 56.4363 5.0440273 1.8021756 2.0794659 3.302321 -0.0004997272 -1.2242104
0 5 0.06662275 -16.096516 2.4077816 51.5526 4.335995 1.6443412 1.8910933 6.0234475 0.13480838 1.7335182
0 5 0.065969326 20.651299 1.7542 109.9935 9.803343 3.0144045 2.6649358 4.7706823 -0.03361707 4.0586014
0 0 0.06447637 30.280218 1.5788207 36.872227 4.397658 1.5252901 1.8502856 2.554287 0.018686647 0.04668516
0 5 0.06442424 10.142044 2.0099463 66.73206 4.4958553 1.4668384 1.8741378 2.3990963 -0.045280658 -1.7744825
0 5 0.06357767 12.108624 2.0188143 72.23009 4.498523 1.540944 1.8971814 2.4304793 -0.09128727 -1.1545166
0 5 0.063247554 -8.658776 1.9876063 28.009548 1.2601916 1.7216382 0.8541578 4.465914 -0.006611704 0.28205216
0 5 0.06323017 29.71276 1.1996058 42.069134 4.7283325 1.7252382 1.9346682 6.0323963 0.03539837 5.7682557
0 5 0.06280033 -3.8336763 2.1733022 99.38782 4.885152 1.6290988 2.0114114 1.5321044 -0.039219595 -4.130337
0 5 0.06273852 28.618502 1.127878 40.238316 4.755919 1.7870414 1.9576365 5.949107 0.050922856 4.920707
0 5 0.06126324 -3.290462 1.920703 106.984474 5.3373513 1.818239 2.1115682 1.562064 -0.04260768 -2.32847
0 5 0.06007529 44.311443 0.2611404 62.09124 4.6400304 1.7250029 1.9866085 5.6337204 0.049216397 12.291952
0 5 0.05985063 31.204266 1.664793 37.464943 4.453686 1.5371137 1.8704665 2.6549106 0.04119353 0.31699443
0 5 0.059326194 16.752987 1.8824091 86.226074 4.9374337 1.7507561 2.0352793 4.6639004 -0.059933886 2.7287757
0 5 0.059140064 30.21018 1.4513812 56.491734 4.7392473 1.7996387 2.0027812 3.1334565 -0.16921087 -0.79595566
0 5 0.05846155 18.991592 1.4799707 101.441376 7.7130246 2.5642834 2.4955738 4.827589 -0.031903468 4.4009185
0 5 0.058438268 -8.472604 2.3659763 95.0988 4.8943653 1.4813763 1.9670867 1.7021818 0.05600269 -4.6042295
0 5 0.05808609 7.3205724 2.148069 76.64338 4.4919744 1.5622642 1.9268203 4.7283635 -0.096484214 2.0767572
0 5 0.057455607 -9.174023 1.939827 29.57637 0.92976594 1.6947056 0.69483757 4.668816 0.106882475 0.56891334
0 5 0.056607753 33.015835 1.9058317 37.66184 4.3678293 1.5508497 1.8729507 3.153722 0.0003001988 -0.005925469
0 5 0.056126364 -13.366468 2.1595304 43.237686 3.1188602 1.6285943 1.211129 5.669418 0.095277674 0.21886498
0 5 0.055366658 15.890148 1.9430828 85.835495 4.665227 1.6533315 1.9618087 5.124528 -0.050184436 0.9946395
0 5 0.054991905 11.935684 1.9649663 79.31804 4.4408402 1.4938027 1.8878292 2.0494807 -0.029606584 0.2901717
0 5 0.05431005 9.338817 2.055671 58.03355 4.560805 1.5513207 1.9092165 2.833943 -0.08078882 -1.9536648
0 5 0.05362571 9.7765875 2.0359867 74.927475 4.465237 1.4900889 1.8833244 1.9763899 -0.012119799 -0.14600402
0 5 0.053465858 -8.29517 2.0408583 38.025547 4.7089972 1.5343194 1.9194778 2.010571 -0.031745944 -3.5596275
0 5 0.05322646 29.459099 1.0431703 41.4224 4.6606464 1.7710719 1.9681027 5.646649 0.04115154 9.170665
0 0 0.053210746 9.931675 1.7442297 13.513213 1.884461 1.6262327 0.7090785 4.2409096 0.00061387755 -0.4333546
0 5 0.053203132 45.492374 0.25627655 63.88898 4.672735 1.7114894 1.9772228 5.6337194 0.040919222 13.550743
0 5 0.052881423 -8.809156 2.0371313 37.415714 4.699318 1.5920525 1.9445233 1.9939487 -0.08236582 -3.3548944
0 5 0.052239105 7.5647717 2.1248436 75.64708 4.564733 1.5757749 1.9521565 1.7664565 0.008648943 2.231313
0 5 0.051958174 -14.708286 1.9941652 53.83058 4.2680235 1.5703372 1.8006042 4.439718 -0.019351413 2.7507231
0 5 0.05171383 18.110657 1.905192 89.76702 6.0866704 1.9809674 2.1796672 4.6663046 -0.03952326 3.1276894
0 5 0.051245302 7.4934483 2.0682306 75.12492 4.5499988 1.5648406 1.9519588 1.7292031 -0.023635242 2.7419214
0 5 0.05122196 15.795162 1.6355155 94.43684 4.744642 1.6386002 1.9978371 5.219134 -0.07964099 3.1024153
1 5 0.07081019 20.325563 1.8946084 105.649216 9.986324 3.0765593 2.6693118 4.755174 -0.033504833 3.490975
1 5 0.058467347 19.660658 1.9225405 99.158844 9.834058 2.9114614 2.621997 4.708101 -0.0351668 3.663125
1 5 0.05465437 20.651299 1.7542 109.9935 9.803343 3.0144045 2.6649358 4.7706823 -0.03361707 4.0586014
1 5 0.05248199 18.503178 1.7439046 96.10805 7.919411 2.60728 2.514666 4.7208676 -0.019166451 4.1310396
3 5 0.09105352 20.325563 1.8946084 105.649216 9.986324 3.0765593 2.6693118 4.755174 -0.033504833 3.490975
3 7 0.07610134 -12.96532 0.87075484 48.907917 10.810522 4.647332 2.5071146 4.6123085 0.0827344 2.0326087
3 5 0.07414513 18.503178 1.7439046 96.10805 7.919411 2.60728 2.514666 4.7208676 -0.019166451 4.1310396
3 5 0.07363737 19.660658 1.9225405 99.158844 9.834058 2.9114614 2.621997 4.708101 -0.0351668 3.663125
3 5 0.06921586 -12.893755 0.8430121 47.914886 10.761815 4.4821634 2.4815757 4.641556 0.107600756 1.5293137
3 5 0.065365165 20.651299 1.7542 109.9935 9.803343 3.0144045 2.6649358 4.7706823 -0.03361707 4.0586014
3 5 0.05849035 -12.811932 1.0940124 50.253197 10.936991 4.465688 2.60287 4.702965 0.09244094 1.5570071
3 7 0.058395166 -14.99304 0.77576184 59.1047 11.734545 4.582177 2.7850673 4.5778427 0.0746736 1.881419
3 5 0.05617274 17.976942 1.8669369 91.20269 7.328117 2.3663456 2.3884342 4.6642356 -0.02623196 3.5674064
5 0 0.12183364 10.410969 1.729916 13.922421 1.9552763 1.6086828 0.675351 4.3830338 -0.06912071 -0.008775833
5 0 0.10282147 9.931675 1.7442297 13.513213 1.884461 1.6262327 0.7090785 4.2409096 0.00061387755 -0.4333546
5 0 0.08244547 10.109918 1.7374763 13.572392 1.9461077 1.578631 0.6728403 4.331631 -0.070339926 -0.1251077
5 0 0.07929337 9.729926 1.786015 13.194831 1.963195 1.6263459 0.6203622 4.548287 -0.02735406 -0.01610038
5 0 0.073998354 10.244326 1.6899987 13.615322 1.9199181 1.6094425 0.6849527 4.392955 -0.06347507 -0.21705851
5 0 0.0659022 9.560105 1.690418 12.9861145 1.8286688 1.6850549 0.6368732 4.1527004 -0.047651395 0.12150312
5 0 0.065243624 9.862908 1.7723559 13.335307 1.8072366 1.6416659 0.6170561 4.3061137 -0.0149881 0.018764056
5 0 0.058958307 10.127262 1.66396 13.835772 2.0667708 1.651363 0.66807234 1.4372877 0.031777382 -0.03915608
5 0 0.05710451 10.428757 1.6849757 14.027797 2.0022578 1.690944 0.7336159 4.493961 0.0607208 -1.2693212
5 0 0.05528045 10.137453 1.7649338 13.781538 1.9892207 1.5156194 0.64816403 4.2471294 -0.036555782 -0.07171524
5 0 0.054370373 10.490098 1.7953036 14.200314 2.0349674 1.5654222 0.710209 4.3051057 -0.026388567 -0.0774387
5 0 0.05108498 11.378675 1.7302222 15.159656 2.0737097 1.6386554 0.7049004 7.5567856 -0.0046197865 -0.59222656
6 0 0.26190507 10.410969 1.729916 13.922421 1.9552763 1.6086828 0.675351 4.3830338 -0.06912071 -0.008775833
6 0 0.19458786 10.244326 1.6899987 13.615322 1.9199181 1.6094425 0.6849527 4.392955 -0.06347507 -0.21705851
6 0 0.18643157 10.109918 1.7374763 13.572392 1.9461077 1.578631 0.6728403 4.331631 -0.070339926 -0.1251077
6 0 0.17272612 9.931675 1.7442297 13.513213 1.884461 1.6262327 0.7090785 4.2409096 0.00061387755 -0.4333546
6 0 0.14378808 9.729926 1.786015 13.194831 1.963195 1.6263459 0.6203622 4.548287 -0.02735406 -0.01610038
6 0 0.13485566 9.560105 1.690418 12.9861145 1.8286688 1.6850549 0.6368732 4.1527004 -0.047651395 0.12150312
6 0 0.1169548 10.187722 1.6755629 13.566129 1.9503803 1.576513 0.6536135 4.3887925 -0.04277466 -0.6951977
6 0 0.11571014 9.862908 1.7723559 13.335307 1.8072366 1.6416659 0.6170561 4.3061137 -0.0149881 0.018764056
6 0 0.09953407 11.378675 1.7302222 15.159656 2.0737097 1.6386554 0.7049004 7.5567856 -0.0046197865 -0.59222656
6 0 0.095383435 10.127262 1.66396 13.835772 2.0667708 1.651363 0.66807234 1.4372877 0.031777382 -0.03915608
6 0 0.083922975 10.482813 1.6935992 13.910304 1.891492 1.640039 0.6763466 4.4473896 -0.08455112 -0.010561273
6 0 0.08249032 10.490098 1.7953036 14.200314 2.0349674 1.5654222 0.710209 4.3051057 -0.026388567 -0.0774387
6 0 0.081651255 10.428757 1.6849757 14.027797 2.0022578 1.690944 0.7336159 4.493961 0.0607208 -1.2693212
6 0 0.072445124 10.137453 1.7649338 13.781538 1.9892207 1.5156194 0.64816403 4.2471294 -0.036555782 -0.07171524
6 0 0.06556315 10.4273 1.6768739 13.751171 1.8483603 1.6091402 0.6699327 4.509712 -0.08727525 -0.023439465
6 0 0.062036436 9.321014 1.8075585 12.609543 1.8327186 1.6501371 0.62009436 4.191621 -0.06780772 0.040579744
6 0 0.058594473 9.438949 1.7813897 12.750867 1.8418446 1.5759064 0.6477685 4.211215 -0.046637524 0.0039111543
6 0 0.057762153 17.605585 1.6872783 24.312494 3.3030732 1.7080222 1.0930051 7.4194984 0.04015252 1.5157876
7 0 0.08426515 -8.000771 1.9695172 26.017986 0.8652018 1.7496299 0.7456983 4.4355946 0.061522447 -0.70737076
7 0 0.0556055 -7.63653 2.0266438 25.02223 0.8478937 1.7713697 0.70754343 4.419175 0.05292172 -0.75333756
7 5 0.052337695 -16.105844 2.399421 51.83726 4.4701276 1.6676017 1.8942225 6.0754447 0.034177303 0.008632474
7 5 0.051688325 -16.677544 2.392318 53.153484 4.4828587 1.6423572 1.9213328 6.072056 0.057169683 0.038966812
7 5 0.051590428 -9.174023 1.939827 29.57637 0.92976594 1.6947056 0.69483757 4.668816 0.106882475 0.56891334
7 2 0.050670464 21.742886 1.2783633 71.83636 0.6042442 1.7411882 0.5833851 1.9206783 -0.04564537 -0.0422238
