0 5 0.3854561 29.289663 1.5258199 44.624523 4.4311905 1.5950046 1.8804659 3.2034962 -0.034959827 -0.32522154
0 5 0.3427612 -3.9949427 1.9569943 44.042175 4.7325377 1.5741154 1.9740946 2.2946332 -0.091149226 -7.2480154
0 5 0.31150684 -3.967474 1.9341972 43.56745 4.692041 1.5633692 1.9589229 2.228318 -0.038729582 -6.692184
0 5 0.30058157 -3.9484625 1.9299812 44.456486 4.760429 1.5580398 1.957641 2.264059 -0.08044712 -6.9329076
0 5 0.2828491 15.375203 1.7810787 57.70301 4.8761806 1.589909 2.002641 3.26895 -0.053593792 -2.5364847
0 5 0.2740923 2.4544325 2.1593058 69.27406 4.7153106 1.5164185 1.9359531 5.1176767 0.011582317 3.778184
0 5 0.26554877 -20.50085 2.5278876 52.921055 4.6851177 1.5907114 1.9591267 6.115849 0.005511146 -0.48649356
0 5 0.26486388 15.462777 1.8482629 58.359005 4.8447027 1.5638123 1.9877571 3.329316 -0.022729458 -2.2364118
0 5 0.23465304 28.330229 1.5130454 43.013016 4.3961544 1.5797758 1.8676288 3.2021832 -0.039276503 -2.1844976
0 5 0.18926683 27.954926 1.5491083 42.53773 4.3725014 1.5823047 1.8440379 3.2542965 -0.067809835 -2.2356784
0 5 0.16884935 29.821083 1.4699461 45.588943 4.436192 1.6076921 1.8955204 3.2308965 -0.03158652 -0.9971078
0 5 0.1647338 15.538135 1.7954062 58.151833 4.8718863 1.5915602 1.992022 3.2605805 -0.05571247 -3.1284022
0 6 0.15677908 -12.650127 2.218979 14.556046 4.4356165 1.6385279 1.8543164 1.7522442 -0.13256699 -2.647355
0 5 0.15657309 -20.805672 2.5213149 53.628757 4.7276745 1.5791477 1.970697 6.103402 0.09687413 -0.6525062
0 5 0.1544018 -20.63464 2.5279336 53.372295 4.6277647 1.592802 1.9372616 6.1377516 0.03676536 -0.60985065
0 5 0.15138286 25.101528 1.5733631 37.946747 4.3204017 1.5726268 1.8327588 3.2588036 0.008081954 -2.3266065
0 5 0.15095711 15.584321 1.8433664 58.77598 4.82115 1.586434 1.977195 3.2764063 -0.023066614 -2.616456
0 5 0.13036793 2.4355237 2.1317816 68.73048 4.720988 1.4921408 1.9334276 5.0356817 -0.037793607 4.139658
0 5 0.123214595 2.5208092 2.096878 66.85268 4.732318 1.5192498 1.9251295 5.02445 -0.036762916 8.060108
0 5 0.11600936 15.46579 1.8107547 58.579704 4.93727 1.5504293 2.0006325 3.3480847 -0.030136313 -1.5030091
0 5 0.11018583 29.016527 1.5060027 44.235176 4.3961754 1.6045966 1.8722717 3.2312732 -0.04582452 -1.4639992
0 0 0.109287724 19.07615 1.8445442 29.068708 3.6575217 1.548076 1.4409589 3.5283794 -0.0005143881 0.030134417
0 5 0.10234239 -20.970148 2.567935 54.237988 4.699816 1.6077931 1.9487519 6.1436887 0.033908464 -1.1370715
0 5 0.101808324 -20.302267 2.540491 52.51887 4.6804886 1.6048431 1.9537157 6.1390343 0.08946842 -0.798523
0 5 0.09985785 28.60513 1.4789481 43.83232 4.4254737 1.608045 1.8749 3.3301566 -0.042644873 -2.052461
0 6 0.09904176 -12.9226675 2.234652 14.836606 4.465684 1.571773 1.842872 1.7037961 -0.06292723 0.06291335
0 0 0.094839506 18.88745 1.8288426 28.935173 3.1833107 1.6251187 1.2106513 3.5940769 -0.041621827 0.0045941547
0 5 0.093972936 -4.104729 2.1453104 45.586746 4.8017325 1.5682936 1.9464982 2.2637873 -0.05439064 -6.110479
0 0 0.092233635 10.026626 1.5967495 15.070242 2.0079794 1.6172769 0.63071793 3.5370708 -0.0747944 -0.58923095
0 5 0.091204844 2.5345342 2.0741024 66.18746 4.7292504 1.5007598 1.9312193 4.936589 -0.03015067 7.8662543
0 5 0.08976882 30.12789 1.4982529 46.029602 4.4270306 1.6131707 1.8837421 3.2233458 -0.060497828 -1.2559941
0 0 0.0878993 10.224837 1.6290052 15.435437 1.9638584 1.6381294 0.60816705 3.5696716 -0.10106055 -0.9502667
0 0 0.0873681 15.642295 1.5988109 23.91832 2.640545 1.6048641 0.83000433 3.4507728 -0.00027186424 -0.03080742
0 5 0.08671803 2.5546372 2.1690478 70.149216 4.6944904 1.5272517 1.9281684 5.141814 -0.042830445 2.821515
0 5 0.083445705 -4.052559 2.1127286 44.934467 4.750022 1.5914884 1.9631416 2.1942565 -0.04028576 -4.570023
0 0 0.081326075 23.079134 1.8677361 35.46865 3.9584663 1.6489948 1.6800717 3.398324 -0.025307715 -0.83155715
0 6 0.077795275 -2.732456 2.020607 92.2405 4.411142 1.6985052 1.9090835 4.9035625 -0.002589372 0.017957646
0 5 0.07688617 -21.281462 2.580095 54.847816 4.665318 1.5992786 1.9462672 6.161344 0.02686792 -1.4386202
0 5 0.07319258 -4.163423 1.9067738 44.6143 4.742209 1.5624329 1.9484652 2.3326645 -0.09547295 -7.635145
0 5 0.07277574 14.594863 1.723208 21.647566 2.7670264 1.6165609 1.0551343 3.8009386 -0.046653934 0.00077529997
0 5 0.064321734 -19.362488 1.6567852 69.19241 4.327355 1.5596896 1.8676165 4.310577 -0.012053917 3.932389
0 5 0.06431651 -4.3201313 2.1797738 50.753193 4.6738076 1.5478294 1.9519749 2.3764536 -0.038448364 -2.2435923
0 5 0.064293325 -4.358325 2.2593374 50.409187 4.694324 1.5050099 1.9567689 2.4169645 -0.06935764 -2.1514528
0 5 0.06249804 -2.4941747 1.929867 92.96537 4.3867607 1.6971539 1.9123515 4.966129 -0.0049689403 -0.007610254
0 5 0.061641917 -19.422785 1.6944624 68.8033 4.3377447 1.5547413 1.8565606 4.296283 0.008571956 4.584729
0 6 0.06144872 -3.1209855 2.1485996 88.269264 4.4715796 1.726657 1.9085759 4.8766446 -0.058044367 -0.012031714
0 6 0.061179508 -3.233425 2.1700623 87.45386 4.4331694 1.711869 1.908339 4.920853 -0.055301495 -0.0006414801
0 0 0.060808342 12.636946 1.6180248 18.850756 2.4626834 1.6379645 0.81449056 3.6411445 -0.0070239706 -0.016719094
0 0 0.060028393 9.943919 1.6398699 15.156494 1.8549448 1.6535062 0.61475515 3.6960618 -0.035408065 0.06671738
0 5 0.058666177 -4.7870436 1.9261568 55.36251 4.3319864 1.543167 1.5425056 2.1059914 -0.074651055 -2.0269995
0 6 0.058423486 -2.842903 1.9919815 90.6438 4.3934274 1.6557726 1.8987709 4.9730463 0.006674206 0.009057537
0 5 0.057377715 2.8705735 2.0337605 69.91086 4.585129 1.5152005 1.9736719 1.7415453 -0.037744768 4.4816227
0 5 0.056668475 -22.375813 2.539095 58.245243 4.3748646 1.5161889 1.8850332 6.0057664 0.07290991 0.13843691
0 5 0.056182213 31.245605 1.3969831 49.018364 4.382119 1.6153951 1.8988141 3.1844783 -0.037705265 -1.007504
0 5 0.056063935 -4.6731963 2.5087323 50.93578 4.736416 1.5241686 1.939946 2.2623703 0.025849028 -0.70296633
0 5 0.055696722 -24.28882 2.5854683 63.14607 2.4263968 1.5702767 0.69678634 5.523427 0.058697395 0.15883681
0 5 0.05536714 -22.183437 2.5306957 59.322872 4.680454 1.6153362 1.9737993 6.0372863 0.016110541 0.07486488
0 0 0.053847417 10.556729 1.6129825 16.079962 1.9667825 1.5744876 0.6303287 3.8487163 0.0010460373 0.027966425
0 5 0.05345343 -5.055427 1.9935939 53.67729 4.214524 1.5652109 1.4331803 2.1711977 -0.049326003 -1.6159736
0 5 0.053370647 -21.936722 2.5516617 58.974888 4.686577 1.6624492 1.9898869 6.075488 0.028791456 -0.45033103
0 5 0.053264227 -4.619402 2.1908193 50.239002 4.611357 1.5111132 1.9143119 2.324037 -0.03512175 -1.116723
0 5 0.05326139 2.2014334 2.1381645 73.69215 4.6364837 1.5462798 1.9352492 5.161702 -0.10773795 2.5685844
0 5 0.051132318 2.9757142 1.9774712 65.56988 4.668088 1.5454516 1.9432449 4.8337345 -0.048299268 9.645899
0 5 0.05095032 -22.165363 2.649312 57.616177 4.648852 1.5800251 1.9097672 6.059548 0.1274793 -0.49473482
0 6 0.05076036 -3.8865583 2.3089607 82.38801 4.443068 1.690061 1.8810961 1.7660384 -0.05257161 0.004352901
3 5 0.095247045 25.015823 1.1745813 139.27733 12.7225685 3.0990849 3.165088 4.8760676 0.046027668 7.707636
3 5 0.08654017 -15.666691 0.11522746 59.662067 11.627783 4.5732584 2.670564 1.1491089 0.10644541 1.8239768
3 5 0.076948464 -15.611806 0.16296959 58.63417 11.385791 4.6468744 2.6612782 1.1529106 0.09563625 1.7360656
3 5 0.074981324 -15.204602 0.15922213 57.77922 11.100525 4.4210305 2.6704953 1.1897535 0.0487269 1.4350739
3 5 0.068320684 25.575748 1.1017591 142.17084 12.542847 3.0601578 3.1460304 4.9188643 -0.0086871 9.0568905
3 5 0.055433072 -46.305607 1.0452117 106.592026 11.77072 3.7009933 2.9986367 1.0408845 0.03594672 0.40808043
3 5 0.05323019 -22.375813 2.539095 58.245243 4.3748646 1.5161889 1.8850332 6.0057664 0.07290991 0.13843691
3 5 0.05161818 -15.380924 0.19862771 59.832382 10.906478 4.299032 2.6242144 1.2099675 0.048991106 0.8744022
3 5 0.05021675 -43.920452 1.1742498 102.78741 12.064327 3.6963022 3.0620592 1.095186 0.008343784 0.86148113
5 0 0.07491465 10.224837 1.6290052 15.435437 1.9638584 1.6381294 0.60816705 3.5696716 -0.10106055 -0.9502667
5 0 0.0516319 9.592419 1.6569393 14.480407 1.9543972 1.5880845 0.6730185 3.7593248 -0.034676228 -0.0045629162
5 0 0.051442448 10.026626 1.5967495 15.070242 2.0079794 1.6172769 0.63071793 3.5370708 -0.0747944 -0.58923095
6 0 0.1021264 10.224837 1.6290052 15.435437 1.9638584 1.6381294 0.60816705 3.5696716 -0.10106055 -0.9502667
6 0 0.08853337 10.026626 1.5967495 15.070242 2.0079794 1.6172769 0.63071793 3.5370708 -0.0747944 -0.58923095
6 5 0.069890104 25.101528 1.5733631 37.946747 4.3204017 1.5726268 1.8327588 3.2588036 0.008081954 -2.3266065
6 0 0.062311284 23.079134 1.8677361 35.46865 3.9584663 1.6489948 1.6800717 3.398324 -0.025307715 -0.83155715
6 0 0.05939926 15.642295 1.5988109 23.91832 2.640545 1.6048641 0.83000433 3.4507728 -0.00027186424 -0.03080742
6 5 0.058025498 27.954926 1.5491083 42.53773 4.3725014 1.5823047 1.8440379 3.2542965 -0.067809835 -2.2356784
6 0 0.054737665 19.07615 1.8445442 29.068708 3.6575217 1.548076 1.4409589 3.5283794 -0.0005143881 0.030134417
7 2 0.29744306 -7.010294 1.9341898 24.291191 0.74606055 1.784489 0.7119361 4.323682 -0.05590552 0.34709772
7 2 0.19336227 -12.570967 1.8256001 52.8695 0.8301786 1.7799612 0.630366 4.521262 0.10776002 5.520133
7 2 0.18393336 -6.8895206 1.880167 23.748013 0.82457316 1.818837 0.7432785 4.055046 0.030056043 0.36298582
7 2 0.17068598 -6.8746505 1.8848255 23.815859 0.81746644 1.8107039 0.74450624 4.1174817 0.071345896 0.46894547
7 2 0.16535152 -7.0186567 1.9546884 24.426525 0.75113016 1.7691088 0.7089177 4.355685 -0.014752672 0.39600372
7 2 0.1572699 -6.8056803 1.9381038 23.566267 0.89698285 1.8260186 0.792295 4.183132 -0.0018618163 0.32523972
7 2 0.12632072 -12.664207 1.8354719 53.589684 0.8088132 1.7623827 0.616526 4.513897 0.09555185 6.519521
7 2 0.1254239 -12.599226 1.8156893 53.00715 0.83510447 1.7801661 0.6465291 4.512878 0.11696241 5.4243546
7 2 0.10577441 -6.650701 1.8496809 23.165817 0.8269501 1.8028761 0.7249574 4.158182 0.019437218 0.4728189
7 2 0.1008324 -7.220121 1.9514815 25.131523 0.69579834 1.7774153 0.6568921 4.291062 0.030429339 0.8296957
7 2 0.099366345 -7.2170444 1.9479363 25.046797 0.7336478 1.7886332 0.6801184 4.310031 -0.094306424 0.43606618
7 2 0.09306999 -12.772737 1.829915 53.90885 0.8035949 1.7521029 0.6255079 4.4787655 0.08310022 6.7955947
7 2 0.09253347 -12.533008 1.8425364 52.640045 0.8066828 1.760741 0.64513195 4.542007 0.1321627 4.4458694
7 2 0.09105053 -12.749122 1.795967 53.530205 0.87178683 1.7420506 0.652987 4.4708047 0.06154318 6.8696265
7 2 0.090031 -7.1012897 1.9825006 24.758436 0.7495971 1.7724968 0.6842369 4.373014 0.06969703 0.4254471
7 2 0.06763922 -12.559797 1.8682764 52.730484 0.8391793 1.7733383 0.6597069 4.5388365 0.15380302 4.7389135
7 2 0.06364316 -12.87506 1.84203 54.24996 0.8273436 1.7298414 0.63022 4.4210877 0.015604334 7.2816205
7 2 0.062040962 -7.1869545 1.9463816 24.965271 0.68004847 1.7660816 0.63490486 4.313775 -0.022017369 0.54334
7 2 0.06108851 -6.894663 1.8378818 24.059624 0.81578916 1.8044132 0.7061733 3.8805404 -0.01005795 0.25625157
7 2 0.05460021 -6.72641 1.8838329 23.422247 0.6932992 1.7797366 0.6306903 4.2681084 0.027227888 1.1916959
7 2 0.054571748 -7.0499787 1.9426435 24.01728 0.7684348 1.7974999 0.7130979 4.0112867 -0.015104776 0.27923766
7 2 0.054352656 -6.7447534 1.8736172 23.699263 0.842403 1.8141278 0.7316388 4.1255336 0.012214974 0.7901223
7 2 0.053606912 -7.0651975 1.975392 24.56273 0.7084231 1.7955232 0.67521435 4.3021536 -0.13865064 0.3497183
7 5 0.05320356 -5.055427 1.9935939 53.67729 4.214524 1.5652109 1.4331803 2.1711977 -0.049326003 -1.6159736
