0 5 0.15505613 -39.81798 3.405072 57.140965 4.3329625 1.6169268 1.8998626 1.4695596 -0.020038588 0.020576704
0 5 0.11268872 -40.33612 3.4118104 57.67855 4.3248386 1.6014993 1.8883171 1.4340961 0.03473428 0.7853545
0 5 0.098488525 39.369682 0.2530787 46.409344 4.1996913 1.6689825 1.8389881 5.7689114 0.067773975 5.4947634
0 5 0.09619907 -43.717793 3.6859536 62.75587 4.43154 1.5273473 1.9298592 4.7101865 0.04280451 0.32700467
0 5 0.094571106 -43.557133 3.742033 62.518635 4.3765316 1.5576127 1.9193006 4.708727 0.05928188 0.10189385
0 5 0.09419455 -43.365948 3.6681025 62.29824 4.377588 1.5028243 1.9146273 4.7118683 -0.032985274 0.29607743
0 5 0.08432276 40.008774 -0.0011796355 47.55109 4.6262326 1.6385412 1.9634503 5.823065 0.016577052 2.848938
0 5 0.08320344 40.8522 0.15705287 48.44428 4.5625863 1.6509602 1.9566518 5.815421 0.02894801 3.198744
0 5 0.07994861 41.762978 0.15017992 48.635715 4.5530977 1.6502053 1.9242706 5.856135 0.051279545 4.9969306
0 5 0.077742286 -42.621384 3.7659671 61.645714 4.427842 1.5449911 1.9373211 4.7025537 0.051316276 0.55105835
0 5 0.0774134 -42.795963 3.7112694 61.85955 4.4921722 1.530623 1.964798 4.7282763 0.040393904 0.24519554
0 5 0.07706959 40.901085 -0.0012817383 47.806232 4.579782 1.6282582 1.9328333 5.841544 0.049775116 5.0569963
0 5 0.072243124 40.468884 0.22484988 47.37796 4.2159758 1.6648508 1.8361923 5.7887473 0.03125447 4.6107063
0 5 0.062442094 42.07698 0.1804679 50.420628 4.543909 1.6445554 1.9428364 5.8332067 0.08436258 3.4562728
0 5 0.061039172 41.8162 0.21782768 49.241707 4.561995 1.6550729 1.9581089 5.830203 0.050722703 4.17294
0 5 0.056843773 40.73267 0.23567373 47.92532 4.24365 1.679794 1.851044 5.7576327 0.010659559 6.0220666
0 5 0.0527702 42.267216 0.11521578 52.051655 4.5681334 1.6200228 1.9405688 5.917807 0.04403262 1.605228
0 5 0.052667942 -21.378532 1.8847557 68.92316 4.4884515 1.6521978 1.9139314 4.335782 -0.068086386 8.390656
0 5 0.052652534 41.13374 0.13472962 48.334183 4.58944 1.6354443 1.9644156 5.835395 -0.019008625 3.9006283
0 5 0.05223233 38.81927 0.2600183 46.06323 4.231308 1.6406306 1.830171 5.724914 0.06625213 5.1782866
0 5 0.051186573 39.898586 0.1903522 47.6703 4.258144 1.6442368 1.8489126 5.7266827 0.09449208 3.790779
3 5 0.3669843 -0.22467633 1.5461814 48.832253 11.983812 3.1857388 2.9185908 2.7922454 -0.04095775 -1.3854145
3 5 0.34784466 0.13058183 1.522067 49.242023 11.857383 3.124112 2.8449483 2.7932923 -0.015695952 -0.5827852
3 5 0.15993917 0.3736926 1.5309561 49.668785 11.777658 3.2024653 2.8558514 2.922206 -0.0039960006 -0.36729228
3 5 0.12129105 0.18213797 1.5499096 48.195084 11.871057 3.1151922 2.931248 2.831972 -0.07628672 -0.016746398
3 5 0.11605053 -0.24444237 2.382711 49.472233 12.067226 3.2429404 3.006022 2.6320655 -0.023808321 -1.1774864
3 5 0.10570818 -0.18796508 1.7678839 50.008503 11.949435 3.2212508 2.9199393 2.9580445 -0.04711259 -0.13604115
3 5 0.10543752 -0.6307314 2.6741421 47.7334 11.556926 3.2146828 2.8374963 2.9221869 0.008891471 -0.062003892
3 5 0.09690404 -0.45992532 1.5300355 49.804813 12.145903 3.129721 3.0428045 2.7181919 -0.08515646 -0.31279138
3 5 0.06196132 0.19018242 1.5433859 49.789127 11.881771 3.1590207 2.8528984 3.0356035 -0.07240625 -0.22621387
4 5 0.056836594 -0.22467633 1.5461814 48.832253 11.983812 3.1857388 2.9185908 2.7922454 -0.04095775 -1.3854145
6 0 0.065805376 -15.956824 2.2830884 39.754642 1.73826 1.6282283 0.57650733 1.255098 -0.08292423 0.01621465
6 0 0.060998604 -15.4637575 2.2423596 38.658062 1.7203369 1.618644 0.59176654 1.0070558 -0.031631615 0.16223851
6 0 0.05435894 -14.890299 2.18436 37.65383 1.7939131 1.5912204 0.6159854 0.98901117 -0.03256257 0.68899304
6 0 0.05277217 -15.512243 2.2506292 41.25206 1.8194748 1.6143595 0.59635925 1.0731015 -0.021736583 0.5741664
6 0 0.0501071 -15.432697 2.2406614 38.695564 1.3448963 1.6847087 0.6447452 1.0742 -0.08467862 0.05879
7 3 0.3713532 -7.090106 2.0568032 17.735506 0.74136674 1.7527378 0.7231385 6.538717 0.0045974273 0.025976177
7 3 0.3091427 -7.125017 2.0824432 17.81749 0.76633614 1.7643347 0.72147334 6.581572 -0.031507105 0.018563848
7 3 0.2668549 -7.018604 2.0335302 17.508451 0.71024615 1.7399449 0.65286344 6.564755 0.020420128 0.02973814
7 3 0.110962555 -7.2019377 2.0578773 18.036388 0.7627796 1.7473794 0.7263786 6.449554 0.094153374 -0.039542265
7 3 0.09721232 -7.2581306 2.1001143 17.82911 0.72509474 1.7424304 0.6939244 6.4376726 0.012537792 0.01713305
7 3 0.08803267 -7.3234997 2.1066828 17.986032 0.71099526 1.7294881 0.6605929 6.5625453 0.0646787 0.14266211
7 3 0.084792405 -7.0115247 2.058547 17.644453 0.6646408 1.814227 0.64777136 6.3715563 0.15936975 -0.019951047
7 3 0.07720864 -7.2587867 2.0578132 18.103642 0.80937076 1.7373081 0.738409 6.3863916 0.074950814 -0.02275116
7 3 0.07000442 -7.0965257 2.0767336 17.74011 0.67513055 1.7984725 0.6624054 6.265202 0.14767143 -0.0639015
7 3 0.06838098 -7.128238 2.0365865 17.97416 0.72225016 1.7639514 0.6907511 6.547245 0.11791717 0.038315937
7 3 0.06433052 -6.8798842 1.9763224 17.300236 0.69600505 1.7549721 0.63540107 6.519821 -0.0065875053 0.077526025
7 3 0.05118292 -7.3058763 1.9958503 18.128603 0.6144028 1.6625173 0.5916021 3.8029096 -0.085417144 -0.08881777
8 8 0.066329725 20.244532 1.6304333 26.67211 0.45006758 0.63250273 0.44009668 5.57997 -0.08724959 -0.01239781
8 8 0.05978937 19.898987 1.5983591 26.151667 0.46581313 0.624067 0.45782787 5.511385 -0.060685165 -0.01046239
