0 5 0.45765477 -11.080896 2.1344047 18.257462 4.7027726 1.5775633 1.9163342 1.6927266 -0.07292138 -5.5962725
0 5 0.41691092 21.050743 1.6308417 58.584625 4.9813585 1.8722845 2.0813367 2.9724975 -0.030308444 -2.4496248
0 5 0.41672584 -11.238896 2.1577237 18.496584 4.690245 1.5765054 1.916283 1.7223445 -0.0015234537 -2.1114376
0 5 0.40561056 -1.3023953 2.099848 44.119778 4.780505 1.591861 1.97485 2.6318986 -0.052263543 -6.819414
0 5 0.30548528 -1.3239181 2.0880852 44.55477 4.77423 1.5989206 1.9838538 2.6009061 -0.0710458 -6.5748777
0 5 0.24056108 -13.480703 2.466004 55.621323 4.6447434 1.6001027 1.9332802 4.6919317 0.00045307167 6.381298
0 5 0.20856032 -1.3167225 2.1413593 45.530807 4.776361 1.5955763 1.990885 2.595807 -0.076905034 -7.0288363
0 5 0.20383292 21.345856 1.6814417 59.731438 5.0582666 1.891052 2.1005092 3.0280035 -0.022169366 -1.9794703
0 5 0.15082522 -13.268671 2.4332597 54.774975 4.619621 1.5864236 1.9357045 4.7045116 0.043857098 6.1159096
0 5 0.14987083 12.556429 2.0379014 87.486435 4.6490774 1.629927 1.9934711 4.854751 0.01376481 10.640102
0 5 0.14596881 12.412998 2.0526884 86.32366 4.6654754 1.6293094 2.0027745 4.8735127 -0.044244744 9.82527
0 5 0.14200759 20.73418 1.6196461 57.78338 5.0153847 1.8992811 2.0688972 2.9402997 -0.030485105 -3.0626767
0 5 0.13818851 20.602238 1.6606574 57.276814 5.049885 1.8871698 2.0694175 2.972719 -0.045374203 -3.197151
0 5 0.1335461 21.652172 1.6887532 60.0816 5.160829 1.9059364 2.1217022 3.028149 -0.062205337 -2.6264815
0 5 0.11201588 12.476445 2.0703435 86.82171 4.6760435 1.6576152 2.0142384 4.8410435 0.006743746 9.832889
0 5 0.09851226 -10.740638 2.3316922 18.050217 4.624988 1.5751812 1.8572937 1.5824296 -0.14500408 -2.6828375
0 5 0.09738238 -13.746047 2.4907205 56.83184 4.5853405 1.6010727 1.9280578 4.6374784 0.021853345 7.492576
0 5 0.094576746 -1.322354 2.1738262 45.00159 4.8465233 1.574328 1.9755147 2.6513314 -0.013564533 -5.1029115
0 5 0.08807567 -13.147581 2.4373386 54.453667 4.6329618 1.5615276 1.9266219 4.724428 -0.000927452 6.737895
0 5 0.084307134 38.049107 0.1531232 50.236713 4.3313203 1.648648 1.8865335 5.5680833 0.050867945 2.8836992
0 5 0.08411518 -1.4775689 2.3532681 51.85632 4.720811 1.627116 1.9824314 2.997472 -0.06938454 -1.7584974
0 5 0.08037455 22.312565 1.7107351 61.2246 4.6739345 1.84645 1.9984329 2.9101825 0.021042677 -1.2637641
0 5 0.07731133 -13.567312 2.4845667 56.206944 4.564613 1.6132264 1.9322506 4.643898 0.05491162 7.1501036
0 5 0.076177515 -1.5026203 2.3796818 50.815273 4.7467294 1.6178051 1.9958794 2.9763315 -0.082296185 -1.9626403
0 5 0.07350472 -4.5304103 2.3334928 64.42834 4.43713 1.6266023 1.8707068 1.9529351 0.009577991 -2.2916338
0 5 0.07342488 -13.878052 2.5036724 55.038387 4.701446 1.667456 2.0045137 4.639666 0.08765527 7.5960093
0 5 0.068978615 20.448792 1.6386082 56.818344 5.0814753 1.9188337 2.0619185 2.9463644 -0.1018426 -3.637689
0 5 0.06897718 -14.127767 2.577316 55.535324 4.6806993 1.6348225 1.9838877 4.5939155 0.058734387 6.9720106
0 5 0.0674544 22.63068 1.7797071 62.410156 4.6855006 1.8521724 1.9932468 2.9473593 -0.0068433573 -1.4426749
0 5 0.06431673 -4.933188 2.3542342 65.433205 4.450448 1.6085739 1.849751 1.9184651 -0.01836919 -2.8845265
0 5 0.06288677 -18.542625 2.0845504 57.871506 4.496235 1.5868611 1.8886883 4.3400598 0.058703445 4.333474
0 5 0.06145006 -13.326429 2.5223022 55.8964 4.6836576 1.6782323 1.9972419 4.6190624 0.012553835 7.048491
0 5 0.061428707 -13.480439 2.5679686 56.505474 4.665176 1.6286436 1.9674681 4.556028 0.02063773 6.6575885
0 5 0.061249908 13.04963 2.1060166 90.54755 4.683062 1.6337426 1.9439281 4.7682137 -0.026475769 10.475592
0 5 0.060052153 38.306393 0.1764288 50.662426 4.3638954 1.6514019 1.8953271 5.538748 0.03889694 3.1767538
0 5 0.058747336 -4.387279 2.3597286 65.573944 4.4178476 1.6206154 1.8709613 1.9426255 -0.008242439 -1.721469
0 5 0.058333147 -13.588682 2.4089403 54.604683 4.5513515 1.5371184 1.8783479 4.668719 -0.030799523 6.5631495
0 5 0.057472408 -18.1735 2.1295302 62.36883 4.466732 1.6234039 1.8741145 4.3868985 0.005549211 6.1706734
0 5 0.057281625 38.889507 0.11293495 51.434853 4.340358 1.6549929 1.8944123 5.5598564 0.03073945 3.2952914
0 5 0.056883484 -18.090187 2.1131413 59.45002 4.5010047 1.6003429 1.8893977 4.3543615 0.026025461 5.647538
0 5 0.056704946 18.65802 1.4704905 51.99993 4.149933 1.703007 1.4224561 3.1209874 -0.06675869 -2.606019
0 5 0.055842247 -18.356264 2.174626 63.852676 4.4452486 1.6654662 1.8704485 4.435421 0.042084143 6.5216885
0 5 0.054925967 21.737753 1.5371107 59.967854 4.674259 1.799083 1.9758446 2.849918 -0.047554288 -0.8050895
0 5 0.054749593 38.92327 0.0069777966 52.2813 4.5613008 1.7036965 1.9814161 5.608797 0.16195455 2.4691699
0 5 0.05437315 0.94687325 1.8188246 93.630905 5.115664 1.9038616 2.1291482 4.696947 -0.09498264 2.8796003
0 5 0.053895615 -2.7836342 2.3535826 68.85736 4.3917246 1.606541 1.8841326 2.1399934 -0.032769375 -2.2287214
0 5 0.053623896 -4.5070105 2.3415916 64.05312 4.4209094 1.6441429 1.8880786 1.9274669 0.0017638877 -1.2635756
0 6 0.053468335 40.006294 0.02122438 52.780304 4.454708 1.662133 1.9236068 5.581497 0.1259399 2.9994771
0 5 0.05324792 12.314491 1.9971378 85.31929 4.672093 1.6159587 2.0114644 4.854368 -0.016622664 10.276059
0 6 0.05284187 39.70278 0.008772075 52.309456 4.5161257 1.6885794 1.9519657 5.5873036 0.08380593 3.109238
0 5 0.050328474 -14.900347 2.4599109 23.333267 4.5066276 1.5462366 1.8977499 1.6811154 0.0005127061 -0.9845037
0 5 0.0502618 -21.076931 2.6029816 38.588604 4.552265 1.5571337 1.9140482 4.576818 -0.066835 3.8926716
1 5 0.051489484 21.050743 1.6308417 58.584625 4.9813585 1.8722845 2.0813367 2.9724975 -0.030308444 -2.4496248
3 5 0.0989755 23.040524 1.5878375 127.09773 12.7122345 3.0355496 3.0552905 4.7652345 0.011484308 2.546507
3 5 0.095031716 -17.7548 2.2744632 49.871933 10.823001 3.4835958 2.7863004 3.8833802 0.021712044 -0.32205725
3 5 0.08955027 -13.589826 1.3697015 53.383587 12.416723 5.0768757 2.7758496 1.249554 0.11656252 2.1697903
3 5 0.0743273 -10.187086 2.3376722 29.077497 4.48039 2.8168426 1.7151643 3.681232 0.046929687 0.041409276
3 5 0.06218309 -15.442996 2.1122487 44.063915 9.822274 3.5525017 2.7323658 3.918043 0.034052283 -0.81779194
3 5 0.055785634 22.611195 1.5952362 124.37484 12.704886 3.0579925 3.0275204 4.7877393 0.012766624 3.3827615
3 5 0.05538616 -13.641046 1.2471147 52.44202 12.093607 4.896777 2.763205 1.2424854 0.10090994 2.2218444
3 5 0.05131232 -36.277035 2.1097596 90.19407 12.159222 3.2851877 3.0867577 4.7332916 0.08347929 -0.3062309
5 0 0.23056588 8.0816145 1.498884 9.366242 1.8211528 1.3332165 0.55800456 4.2893667 -0.04218194 0.032339517
5 0 0.14035247 8.064326 1.5225296 9.474404 1.716907 1.3950307 0.5650776 4.1802726 -0.05910887 0.03072372
5 0 0.13983509 8.568354 1.5621252 9.851734 1.823046 1.3735522 0.57561463 4.336493 -0.014825242 -0.029208856
5 0 0.1152319 8.344684 1.5847723 9.771572 1.6702108 1.4347295 0.5562106 4.1000724 -0.008169098 -0.020715185
5 0 0.11336159 8.236791 1.5280474 9.593975 1.8146013 1.324272 0.56973857 4.3115797 0.0013279896 0.051886044
5 0 0.05847858 9.157053 1.4187996 10.276394 1.8179134 1.5265691 0.6211927 3.9186478 0.05314316 -0.012730285
5 0 0.055790983 10.115086 1.7164984 11.754274 1.7656065 1.5731913 0.58659375 6.510225 -0.06740851 0.101696275
5 0 0.052053858 10.715784 1.7114501 12.174681 1.5272751 1.5828431 0.5932162 6.3610415 0.049499452 0.2018592
6 0 0.16138801 8.0816145 1.498884 9.366242 1.8211528 1.3332165 0.55800456 4.2893667 -0.04218194 0.032339517
6 0 0.14118572 10.115086 1.7164984 11.754274 1.7656065 1.5731913 0.58659375 6.510225 -0.06740851 0.101696275
6 0 0.11359824 8.568354 1.5621252 9.851734 1.823046 1.3735522 0.57561463 4.336493 -0.014825242 -0.029208856
6 0 0.10172144 9.766063 1.6956356 11.5933485 1.8664162 1.4398174 0.5838632 3.5758219 -0.07810244 0.03630272
6 0 0.09918433 10.715784 1.7114501 12.174681 1.5272751 1.5828431 0.5932162 6.3610415 0.049499452 0.2018592
6 0 0.08778103 8.236791 1.5280474 9.593975 1.8146013 1.324272 0.56973857 4.3115797 0.0013279896 0.051886044
6 0 0.075956605 10.044441 1.695921 11.621073 1.8193974 1.5992785 0.6164249 3.2875082 -0.14534543 0.02540017
6 0 0.072102115 8.064326 1.5225296 9.474404 1.716907 1.3950307 0.5650776 4.1802726 -0.05910887 0.03072372
6 0 0.071278915 9.633483 1.6972275 11.486538 1.8849775 1.3441478 0.55841064 3.869628 0.023199553 0.045012586
6 0 0.068862736 8.344684 1.5847723 9.771572 1.6702108 1.4347295 0.5562106 4.1000724 -0.008169098 -0.020715185
6 0 0.066763885 9.836558 1.7136941 11.515809 1.7820716 1.4497205 0.58125454 6.5126987 -0.055400856 0.07262992
6 0 0.064463325 11.043137 1.7165155 12.483152 1.4001002 1.6392313 0.5846544 6.393453 -0.062596075 0.16535634
6 0 0.051355723 9.631045 1.683008 11.351714 1.9348422 1.5166997 0.6570766 3.4435012 -0.08781018 0.022182755
7 3 0.32592472 -7.12577 2.0297484 21.50212 0.63840544 1.7357917 0.6132055 6.5134583 0.10951503 -0.032471314
7 3 0.28182313 -7.4455056 2.048191 22.297106 0.6442575 1.7203584 0.6054703 3.6566174 -0.07775949 0.010985151
7 3 0.24402818 -7.08169 2.029461 21.424776 0.66292477 1.7407914 0.602608 6.539872 0.0370382 -0.037275724
7 3 0.16043374 -7.2011476 2.0156803 21.689028 0.6731926 1.7112967 0.5934504 6.429926 -0.058756344 0.019630559
7 3 0.13244408 -7.146501 1.9978328 21.599316 0.64499766 1.7548504 0.6085612 6.528381 -0.053173646 0.03542696
7 3 0.12873375 -7.176071 2.0664296 21.53669 0.6305833 1.7278585 0.5982443 3.6535592 -0.06848738 0.11965004
7 3 0.108163305 -7.365105 2.095175 22.06666 0.6290478 1.7201928 0.59849495 3.71108 -0.072048835 0.058004834
7 3 0.10594995 -8.011134 2.152782 24.206293 0.66723895 1.757092 0.5959003 3.5642023 0.098685764 -0.01918747
7 3 0.09103734 -7.449261 2.0370686 22.193499 0.6421257 1.7715584 0.6259269 3.6989324 -0.10228199 0.2284573
7 3 0.08914313 -7.343986 2.0327873 21.91444 0.6556635 1.7521886 0.6077901 3.6717901 -0.072751455 0.35860667
7 3 0.088075556 -7.641687 2.0810094 22.656897 0.6491157 1.730468 0.63460875 3.6384027 -0.113258466 0.06998422
7 3 0.08618539 -7.3587255 2.0526586 22.11289 0.6981337 1.7531275 0.62122697 3.7094426 -0.15718965 0.031720936
7 3 0.060926106 -7.494132 2.0751781 22.153105 0.6729974 1.7639039 0.6215294 6.4127254 0.030048287 0.0142784715
7 3 0.05155624 -7.2401047 2.0831687 21.817162 0.63786507 1.7376484 0.5982065 3.6753027 -0.109713085 0.047865443
7 3 0.051308896 -7.241604 2.0359082 21.839922 0.6511272 1.7270365 0.590502 6.2916927 0.0142320935 -0.00940307
8 8 0.056160748 25.63208 0.8947202 39.327213 0.51743066 1.2761583 0.4926117 5.428747 -0.071728356 0.014128733
