0 5 0.10038904 -0.13356082 2.224757 95.15455 4.5997663 1.6628655 1.9459598 4.9283543 0.013443109 5.416991
0 5 0.095646456 30.363136 0.713624 36.75992 4.5541644 1.5911633 1.9278808 5.8855276 0.06281533 0.0071486104
0 5 0.09292681 -0.06170975 2.2709234 95.8854 4.62381 1.716193 1.9584179 4.9438076 0.07016733 4.745693
0 5 0.0736642 31.337173 0.75343984 37.88448 4.530826 1.5762749 1.9152255 5.881343 0.08299849 0.031559654
0 5 0.069116816 5.228189 1.7885814 115.33306 4.776074 1.7396423 2.060084 4.777036 0.016891198 7.4947166
0 5 0.06623069 34.37266 0.48249874 40.977776 4.570224 1.6253945 1.9322693 2.7187834 0.024331028 0.073039696
0 5 0.062177893 -10.402455 1.721819 43.52512 12.076956 3.146708 2.85221 2.4468668 0.017993348 -0.050705194
0 5 0.05828322 -0.7807289 2.0180154 93.81141 4.823781 1.6635041 1.9680898 4.823856 -0.07884611 6.4982247
0 5 0.05536487 30.114752 0.7582898 36.547325 4.5489535 1.5371664 1.9020276 5.873784 0.07360107 0.017249063
0 5 0.051490504 5.3882666 1.8690913 114.60931 4.785282 1.7098366 2.0313988 4.802242 -0.07114762 6.951441
0 5 0.050131943 -10.289705 1.6556704 41.06568 12.13701 3.0743017 2.8955624 2.3903522 0.022795925 -1.0527623
3 5 0.24909891 -10.289705 1.6556704 41.06568 12.13701 3.0743017 2.8955624 2.3903522 0.022795925 -1.0527623
3 5 0.21694541 -9.839501 1.7478957 35.983234 11.7812395 3.1016998 2.8567746 5.343448 0.08979216 0.014862452
3 5 0.2086697 -10.402455 1.721819 43.52512 12.076956 3.146708 2.85221 2.4468668 0.017993348 -0.050705194
3 5 0.17728585 -11.954752 2.8589592 44.256874 11.077191 3.3825853 2.9017677 2.4776683 0.051832795 -0.112895474
3 5 0.15762077 -11.607864 2.794674 44.88398 11.38179 3.4881427 2.8925674 2.5240438 -0.009762573 -0.5331353
3 5 0.14222436 25.239424 1.2448461 139.42352 12.494849 3.1398072 3.0216024 4.8328156 0.03543362 4.302759
3 5 0.13174053 -10.862458 2.125833 45.03262 11.424559 3.3948631 2.9986923 2.5311613 -0.043911055 -0.09100136
3 5 0.10998714 -10.096923 1.7186459 41.941372 12.158923 3.0345895 2.8473718 2.541136 -0.022498712 -1.0944821
3 5 0.10667233 25.261068 1.2646496 141.95995 12.364602 3.0966167 3.045081 4.8513784 -0.0026620943 4.8613605
3 5 0.105494715 -8.567349 2.2899785 24.886059 7.6094384 2.9372754 2.1727126 5.0320315 -0.029198498 -0.070494175
3 5 0.104565755 -10.416086 1.7437649 37.681286 12.045982 3.3282504 2.975293 5.4063597 0.058613516 -1.0173866
3 5 0.08893235 -10.042289 1.6885551 40.57045 11.952901 2.996657 2.8450637 2.4434443 -0.028504156 -0.9745334
3 5 0.08576386 -10.770482 1.7575551 40.618587 11.907405 3.2169764 2.8918781 5.637479 -0.04071685 -1.5750303
3 5 0.078486696 -9.136154 1.9656453 30.828325 10.352564 3.2717845 2.7958543 5.388003 0.05171608 -0.8099332
3 5 0.07701218 -13.305671 2.3402762 38.954277 10.170963 3.3085387 2.7546313 5.3288956 -0.06056297 -0.021032449
3 5 0.07437733 24.6753 1.2476971 135.55457 12.502221 3.1712894 2.951718 4.8420925 0.038166046 4.270215
3 5 0.0740603 -10.959804 1.7710462 46.14646 12.129748 3.3780568 2.939619 2.6409526 0.006822752 -0.037891578
3 5 0.06916963 25.744213 1.1917017 142.53024 12.602209 3.0991638 3.0147908 4.873494 0.016079573 4.2166543
3 5 0.06449382 -10.957963 2.6231127 42.09803 10.426062 3.3301668 2.8789167 2.514504 -0.01946027 -0.074929714
3 5 0.063100845 -10.010104 1.6940941 47.66819 12.075911 3.2935703 2.8808172 2.58536 -0.029150926 -0.113423266
3 5 0.06198264 -10.665721 2.314264 41.07268 10.94491 3.485768 2.9598453 2.4981384 -0.08513276 -0.067032434
3 5 0.05661305 24.60446 1.1131384 146.03992 11.8505945 2.9318664 3.0081704 4.8638973 -0.055026367 6.109067
3 5 0.056025222 -12.011277 3.199144 45.054573 11.182436 3.5035207 2.8925219 5.6882677 0.041968986 -0.30068654
3 5 0.053628 24.76904 1.1619511 137.1996 12.65292 3.1872237 3.0216522 4.8622055 0.031496003 5.345347
3 5 0.05015988 -9.961984 1.6738985 47.676575 12.130333 3.159351 2.9007766 2.7269933 -0.026791062 -1.2181647
7 2 0.46082026 -7.3862467 2.119309 18.551723 0.8333676 1.7667928 0.76410097 6.2425303 0.42145348 0.30501282
7 2 0.28082982 -7.478262 2.1516595 18.786354 0.8787846 1.7838029 0.78654 6.2374363 0.32806128 0.19720381
7 2 0.2168488 -7.460126 2.1299975 18.69363 0.80744416 1.7266273 0.6985744 6.287157 0.4753944 0.47773623
7 2 0.10365935 -6.8494806 1.9312692 17.259338 0.8338126 1.987241 0.69394153 4.8038006 0.07816599 0.23934016
7 2 0.09658209 -7.198922 2.0989141 18.040855 0.89189386 1.81497 0.778467 6.3639383 0.27802664 0.06769171
7 2 0.095209986 -7.306522 2.1090016 18.352705 0.9245664 1.8038198 0.82666206 6.3875785 0.37239763 0.31458035
7 2 0.09358828 -8.062667 2.1641927 20.0749 0.808112 1.7272077 0.71921754 6.1803613 0.15883987 0.26619637
7 2 0.08983359 -7.955769 2.1413007 19.827345 0.77545 1.6971964 0.72256947 6.174022 0.12783122 0.2211839
7 2 0.08696777 -7.331786 2.0937266 18.487402 0.8071935 1.7701668 0.76441544 6.050096 0.29992244 0.18846798
7 2 0.0864111 -7.4178824 2.1143756 18.649769 0.8077081 1.7655376 0.7042975 6.073247 0.29111552 0.42794508
7 3 0.08263421 -6.7557874 1.8833756 17.368793 0.55555636 1.8171076 0.6322596 3.9700093 0.15782668 -0.01225376
7 2 0.05359606 -7.853324 2.2237349 19.607256 0.8219154 1.7003474 0.68666786 6.205763 0.16558309 0.12765616
7 2 0.053260684 -7.938143 2.1722438 19.717966 0.79309857 1.7671043 0.6849743 6.290658 0.18087837 0.23233497
