0 5 0.11544814 -55.140167 3.5073152 69.47814 4.5179367 1.703294 1.9403378 4.3804026 0.013319476 9.841155
0 5 0.100384 -54.89168 3.4955502 69.40298 4.5028095 1.6960049 1.9371239 4.384824 0.06713898 8.692348
0 5 0.089604825 39.76925 0.25564623 46.86828 4.2037325 1.6732261 1.8389432 5.763988 0.07551304 5.6392326
0 5 0.08764802 -54.668972 3.4718664 68.55235 4.508058 1.6929158 1.9344718 4.3828883 -0.03433407 11.432214
0 5 0.07543763 40.67867 -0.016306877 48.39947 4.6260324 1.6653444 1.9647967 5.8247046 0.0072851926 3.0380604
0 5 0.07449259 42.527035 0.15403187 49.471733 4.579232 1.6726395 1.932846 5.8566914 0.04292558 4.8996687
0 5 0.07403135 39.71409 0.25661492 47.073887 4.2183695 1.6647339 1.8411976 5.7262425 0.10671485 5.1851554
0 5 0.07190484 41.681484 0.16077048 49.31764 4.571099 1.6693116 1.9571563 5.822787 0.033789545 3.3167005
0 5 0.07174531 40.86116 0.22610307 47.82208 4.218906 1.6667197 1.836554 5.7884307 0.04919485 4.998916
0 5 0.07112375 41.832405 -0.015647054 48.832417 4.601128 1.6569672 1.939672 5.837186 0.041031547 5.0570655
0 5 0.06911893 -56.76915 3.3272038 71.93535 4.606564 1.7109253 2.008385 4.5156016 -0.0419984 8.835572
0 5 0.0635991 -57.358852 3.3951645 70.99419 4.589608 1.6883378 2.011683 4.455429 0.014984479 7.292174
0 5 0.061135415 42.90034 0.18802619 51.44632 4.5272117 1.6764036 1.9436438 5.832681 0.07498743 3.8133645
0 5 0.056240167 42.647877 0.22909516 50.219757 4.5516906 1.6833884 1.9614072 5.8320413 0.05211214 4.1675243
0 5 0.05442943 41.136044 0.22803068 48.398342 4.2455006 1.681835 1.851107 5.7524886 0.026121626 6.013488
0 5 0.053950038 -4.726664 1.5718606 43.909973 11.956811 3.2364285 2.909027 2.6324253 0.007973529 -2.2439895
0 5 0.052948494 -54.392765 3.4214396 67.55977 4.5079355 1.6762922 1.9349097 4.342976 -0.087017685 11.609802
0 5 0.05015822 41.949036 0.12459391 49.266354 4.5866184 1.6620969 1.966962 5.8425593 -0.021810118 3.883087
3 5 0.35898226 -4.726664 1.5718606 43.909973 11.956811 3.2364285 2.909027 2.6324253 0.007973529 -2.2439895
3 5 0.18398172 -4.806726 1.6465183 44.915775 12.076141 3.3131616 2.9071293 2.7511055 -0.056170173 -2.5332856
3 5 0.11763519 -4.9697256 2.633306 47.814556 11.549737 3.4020684 2.997647 2.596506 -0.059957504 -0.6827703
3 5 0.10811826 -5.5672026 2.704023 47.216324 11.517337 3.399091 2.9167838 2.6337037 0.020262877 -1.0351303
3 5 0.105538435 -5.430056 1.8368797 48.36577 11.570642 3.2646692 3.0378911 2.6641738 -0.12110611 -0.45883456
3 5 0.09046534 24.211779 1.3961716 133.7292 12.9451 3.3361166 3.1291907 4.8209934 0.03493417 5.625826
3 5 0.08641346 -5.511246 2.8367233 47.235756 11.665703 3.3703163 2.9039242 2.76962 -0.028082544 -0.7084012
3 5 0.07783699 -4.788381 1.5474682 42.711918 12.036203 3.3924112 3.038511 2.5733438 -0.025500238 -2.4738052
3 5 0.067253634 24.282598 1.35899 135.5227 12.808871 3.2249084 3.136736 4.8398104 -0.0036608698 7.026234
3 5 0.057729226 -14.3366 2.1233432 46.74553 9.461891 3.027168 2.661179 4.452058 0.036515348 0.14237571
3 5 0.053620197 -13.351533 1.8958359 44.512283 10.68615 3.3462486 2.7603085 4.33792 0.016514504 0.031173158
3 5 0.05100874 -13.010522 1.7781956 44.56308 10.7415285 3.4738603 2.7979593 1.2207108 -0.0031001838 -0.0059452243
4 5 0.054470915 -4.726664 1.5718606 43.909973 11.956811 3.2364285 2.909027 2.6324253 0.007973529 -2.2439895
6 0 0.05890174 -14.959643 2.186183 37.399975 1.7652569 1.6411211 0.59301823 4.420404 0.078299195 0.3786145
6 0 0.057585854 -15.308197 2.227241 38.26691 1.7868887 1.6731079 0.58370537 4.68957 0.03411328 0.31060046
6 0 0.050591867 -14.79898 2.1685197 37.319878 1.8133116 1.6060764 0.6137786 4.4031487 0.05870931 0.28788227
7 3 0.36156884 -7.299094 2.1173444 18.286053 0.69764787 1.742413 0.6802125 3.568613 0.024849067 0.03557495
7 3 0.28153396 -7.3452544 2.1467705 18.4167 0.75714445 1.7604804 0.68621683 3.5740793 0.0064734686 0.047021054
7 3 0.252465 -7.251635 2.101018 18.169386 0.69736606 1.7432923 0.6348777 3.589817 0.031665355 0.058336772
7 3 0.23126373 -7.3860765 2.1407225 18.481316 0.7389507 1.7265664 0.68988556 3.6602044 0.098342955 0.21396613
7 3 0.08785079 -7.401092 2.0897071 18.524534 0.7200848 1.7446574 0.6830371 6.539524 0.117101915 -0.023721626
7 3 0.08378772 -7.50352 2.1755772 18.423353 0.69014007 1.7445886 0.6526822 6.4733934 0.022550238 0.03474119
7 3 0.08231016 -7.2561426 2.0653234 18.051899 0.5928812 1.814213 0.5910958 6.318232 0.13517796 -0.048239164
7 3 0.07383439 -7.439647 2.0366228 18.502914 0.6434214 1.6637117 0.5936375 3.8432512 -0.030317783 -0.027565192
7 3 0.07280174 -7.5593777 2.168057 18.55165 0.69461113 1.7290077 0.63361275 6.672025 0.12814322 0.25978535
7 3 0.07067759 -7.2567973 2.0669718 18.33174 0.6957645 1.7639542 0.6510083 3.5568986 0.06743199 0.06406478
7 3 0.06955845 -7.4813757 2.0212057 18.58109 0.59614986 1.6500064 0.58238345 3.7733183 -0.025726236 0.08266932
7 3 0.06567488 -6.9462156 2.0525656 17.261581 0.5819479 1.7818537 0.5867312 6.244563 0.13719156 -0.054192364
7 3 0.05824277 -7.1389823 2.0309477 17.910532 0.6806799 1.7597078 0.61197025 6.619235 0.007919008 0.10729923
7 3 0.054694552 -7.505533 2.1075807 18.676662 0.7775889 1.7365795 0.70861167 6.4242086 0.07977263 -0.0019678064
7 3 0.051200826 -7.137128 2.1488438 17.505709 0.5856146 1.7671828 0.5770486 6.2884974 0.08602979 0.2168526
8 8 0.06297697 20.324799 1.6451656 26.750397 0.41032252 0.62067467 0.43088934 5.4465046 -0.10611158 -0.0028093625
8 8 0.058741454 20.073456 1.6209108 26.352573 0.41504645 0.612251 0.460742 5.3850574 -0.087100685 -0.0014326479
8 8 0.052545708 20.11369 1.5786574 26.432362 0.418655 0.62383795 0.4236181 5.246277 -0.056979664 0.024226788
