0 5 0.36773068 31.984192 1.6827409 46.19949 4.4584913 1.5517912 1.890546 3.2441251 -0.035858378 -1.6753689
0 5 0.19457361 31.591646 1.638382 45.68149 4.4016566 1.5514444 1.8829774 3.2473915 -0.0042497087 -0.76743466
0 5 0.13040622 31.438955 1.6353784 45.386093 4.39975 1.5480402 1.8850857 3.2618644 -0.03577972 -1.2771723
0 5 0.12362569 -8.21128 2.7129564 86.536064 4.643024 1.4976428 1.9351856 2.2665982 -0.023071237 -3.7417145
0 5 0.11925739 31.137844 1.6541343 44.925102 4.411203 1.5583681 1.8676126 3.266462 -0.03687891 -1.7663949
0 5 0.10294774 33.897583 1.8788114 48.828316 4.266465 1.5703344 1.8654329 3.427637 -0.04755885 -0.81692505
0 5 0.102470644 34.17217 1.8871279 50.21767 4.2674384 1.6268376 1.8768762 3.2985969 -0.023099404 -0.017317334
0 5 0.096292496 33.709293 1.8470318 48.506214 4.2204976 1.5886692 1.8498455 3.3442252 -0.07048932 -1.0330342
0 5 0.09577779 -4.8153386 2.6316268 96.480896 4.716694 1.5877104 1.9891067 1.9476829 -0.048615836 -5.0923743
0 5 0.09281268 33.833305 1.8601234 49.85657 4.25683 1.5686911 1.8891757 3.3014166 -0.011037029 -0.0024554431
0 5 0.08156655 0.29075405 2.2450764 112.45952 5.305186 1.9656874 2.121224 1.792882 0.083335474 0.22741044
0 5 0.07829589 -8.346539 2.6521611 87.66854 4.6829815 1.4777987 1.9541634 2.296188 -0.008803428 -4.4348006
0 5 0.07572433 -0.29122576 2.1266904 112.489395 5.741372 2.1459014 2.1860902 1.740363 0.023046901 -0.55863506
0 5 0.070915125 -2.8402205 2.2602668 100.323105 5.540257 1.9076667 2.136394 1.7073 -0.05913171 -2.380481
0 5 0.07079473 -8.261899 2.7040024 87.13583 4.7184114 1.5064533 1.9596863 2.189443 -0.0052877283 -3.780847
0 5 0.0689198 -2.1000912 2.0107484 106.39663 6.6028814 2.3996532 2.3093421 1.6852582 -0.033332877 -2.078368
0 5 0.06424342 -4.8237185 2.6125271 95.00671 4.680764 1.5620173 1.9809412 1.957187 -0.08244031 -5.147715
0 5 0.061693687 -4.622545 2.5640771 94.8732 4.7390075 1.5821123 1.9796022 1.8870375 -0.07094487 -3.8979013
0 5 0.05747136 44.674244 0.5132288 54.790543 4.594165 1.6504519 1.9450706 2.7779384 0.016638337 -0.3423352
0 5 0.053723957 0.7124989 2.2803702 111.03898 5.0303626 1.8369029 2.0757804 4.9053936 0.08331962 0.76307845
0 5 0.052840795 -7.5672774 2.675346 90.85744 4.7172456 1.5008912 1.9650217 2.1053488 -0.016015664 -4.789035
0 5 0.050907362 34.284306 1.9503555 48.184788 4.3748803 1.6712046 1.8827448 3.3015778 -0.021287791 -0.5600326
0 5 0.05020122 0.0857601 2.2052143 113.14413 4.9500957 1.7718728 2.0559273 1.7983733 -0.01565843 1.160775
1 5 0.05800855 -2.1000912 2.0107484 106.39663 6.6028814 2.3996532 2.3093421 1.6852582 -0.033332877 -2.078368
3 5 0.26996115 -14.558313 2.339949 29.423641 11.5821905 3.5743084 2.9281588 5.0360823 0.006909227 0.4940142
3 5 0.22041284 -14.327091 1.9290228 28.944923 11.429288 3.4424381 2.9375904 1.9050994 0.022554988 0.8946593
3 5 0.21190052 -14.2539215 2.3395717 28.418388 11.79932 3.5319319 2.9519403 5.017721 -0.01698582 1.0201043
3 5 0.11809663 -15.674213 2.4071481 30.543102 11.269193 3.6397047 2.8997524 5.090718 0.011240661 1.766596
3 5 0.10882186 25.063972 1.2553113 138.31227 12.717227 3.0788913 3.0278416 4.824825 0.0148828495 3.7145834
3 5 0.089300655 -13.914075 1.9777038 27.782097 11.647504 3.3141477 2.8945353 5.007474 0.090319805 1.1784296
3 5 0.088507555 -16.38712 2.1448143 32.85176 11.943548 3.1552885 2.786927 4.945908 0.067928076 0.33185595
3 5 0.08350159 25.340052 1.2262903 142.51047 12.569968 3.0303874 3.0547712 4.8439894 -0.016207265 4.334175
3 5 0.08085517 -11.182942 1.8177055 38.003662 11.078855 3.3235686 2.8452966 5.085985 0.04448708 -0.7819446
3 5 0.062304694 -15.376749 2.069357 30.513275 11.747778 3.235969 2.7210252 1.8760077 0.023234488 1.817202
3 5 0.060505133 -22.280466 -3.4232445 85.012886 11.641957 3.622469 2.9303825 1.1672432 0.0075602382 -0.4363316
3 5 0.05981531 -17.361563 1.9478002 33.52479 11.605619 3.05823 2.7322814 4.980257 0.05886913 1.2589573
3 5 0.058571663 -10.801087 1.7650158 37.94688 11.06219 3.4229515 2.885505 5.123845 -0.018136198 -1.0254006
3 5 0.058468014 -23.572966 -3.6974366 87.73332 11.706048 3.6139445 2.94154 1.1893264 0.04939775 -0.29298612
3 5 0.05742154 -22.827776 -3.6241684 86.616936 11.714092 3.6632288 2.8957849 1.0938605 0.017053379 -0.39824557
3 5 0.055294648 -23.1797 -3.5804045 86.03965 11.516541 3.5344758 2.9722137 1.2077839 0.043365665 -0.43501478
3 6 0.054853704 -22.509983 2.7375278 33.646595 11.215397 3.2138422 2.8524866 4.809353 0.008682461 2.400355
3 5 0.053812876 24.236353 1.3067596 132.87445 12.715742 3.1094906 2.9729264 4.839335 0.025379183 3.7418866
3 5 0.05137708 -13.021774 3.8357286 25.778015 11.859795 3.1291857 2.8732932 5.110498 0.098844424 0.13832286
3 5 0.050596874 25.644974 1.2286757 141.09647 12.750985 3.041861 3.0261738 4.848092 0.0039944705 3.7207804
6 1 0.060455758 24.0434 1.7930408 31.95841 1.5571486 1.0893661 0.50800884 2.3985968 -0.046912834 -0.010063503
6 0 0.057798397 23.945656 1.7971373 31.815134 1.5930709 1.1436522 0.53680885 2.3978 -0.026931902 -0.046573278
6 0 0.05159812 23.740753 1.8202994 31.584267 1.6074691 1.2315148 0.55913126 2.385723 -0.029944316 0.036172166
7 2 0.34804264 -6.804293 2.0375776 16.945919 0.7801281 1.7565662 0.7478681 6.0305777 0.3333927 0.20899558
7 2 0.33635932 -6.834055 2.0321567 17.02501 0.7526471 1.7174572 0.7298542 5.8717437 0.35799536 0.16527313
7 2 0.26705375 -7.142656 2.0996447 17.7835 0.7459983 1.6963596 0.66580003 6.0698347 0.37035862 0.3324591
7 2 0.26016816 -7.0366855 2.1049018 17.5523 0.73390514 1.7276393 0.6646366 5.8161044 0.33674225 0.2175779
7 2 0.124049425 -7.071404 2.111478 17.302794 0.77368367 1.8041711 0.74722356 5.9945693 0.1521582 0.03093908
7 2 0.107985206 -7.903649 2.2007806 19.3908 0.8198158 1.6404521 0.7232151 6.1979113 0.10075928 0.0063039083
7 2 0.10112117 -7.2690578 2.1368082 17.796124 0.76402867 1.7303063 0.6891678 6.0120645 0.37323633 0.49176705
7 2 0.089724876 -7.080164 1.9063897 17.894184 0.52626014 1.5543404 0.56431013 3.8167758 0.2402636 0.13336363
7 2 0.08966652 -6.9285307 1.8564951 17.048122 0.59733963 1.5371708 0.60468036 4.2672105 0.2137475 0.09747673
7 2 0.07390064 -6.5758257 1.9860867 16.438229 0.7296941 1.772886 0.7104952 6.259986 0.3015726 0.13161376
7 3 0.0699922 -8.081357 2.2413363 19.908419 0.7907897 1.6552075 0.7205635 6.3789053 0.056958057 -0.0058070645
7 2 0.06881881 -6.71068 1.9923208 16.66694 0.7333113 1.7693039 0.72455025 6.263875 0.3923489 0.13694471
7 2 0.06836817 -7.8929253 2.1831508 19.266853 0.8006646 1.6346903 0.71337134 6.1554995 0.08914039 0.053540275
7 2 0.06531757 -7.886159 2.1303172 19.356466 0.77435154 1.658716 0.7256648 3.9325032 0.07567972 0.04884927
7 2 0.05782735 -6.8400187 2.0179646 16.692358 0.83025515 1.8033162 0.76409197 6.4070797 0.28832933 0.39569727
7 2 0.056688715 -6.909961 2.0413558 17.34105 0.7128922 1.7370743 0.69004107 5.9059668 0.33911917 0.2874586
7 2 0.05239535 -7.0202956 2.0391738 17.610533 0.76057273 1.7175094 0.6992038 5.8796325 0.34857312 0.516417
7 2 0.05134324 -7.8060055 2.1453872 19.184397 0.77919835 1.6723129 0.7237568 3.9377315 0.123866506 0.081994556
