0 5 0.13338321 -22.318716 2.0909045 72.67836 4.523868 1.6611264 1.9304949 4.368585 -0.028127182 12.060796
0 5 0.0947621 39.734043 0.26015633 46.878757 4.21967 1.6661775 1.8524841 5.739023 0.07365149 4.803538
0 5 0.08494806 -8.881565 2.7300072 81.66387 4.3212347 1.5250977 1.870982 1.923051 0.106439635 0.17178047
0 5 0.0778001 -21.98997 2.126024 71.494156 4.512577 1.6663469 1.9264462 4.373616 0.010613741 13.045913
0 5 0.07224534 40.821953 0.23411256 47.792946 4.229749 1.6656961 1.8523835 5.761792 0.048901238 4.384706
0 5 0.0700822 41.345352 0.18243134 49.22372 4.574145 1.6740988 1.9681672 5.7674475 0.031643704 2.3006506
0 5 0.0684148 40.57475 0.01165247 48.467606 4.646938 1.6634082 1.9744362 5.7758183 0.017521841 1.8238158
0 5 0.066878095 -22.656168 2.0506225 74.05173 4.52478 1.6409807 1.9348801 4.355592 -0.07764132 13.052697
0 5 0.06601458 42.39007 0.20695585 50.88174 4.573757 1.666464 1.9574605 5.7919908 0.07997758 2.6853096
0 5 0.063799076 42.044704 0.13913566 49.119877 4.571825 1.6613132 1.9317176 5.8168755 0.027516382 3.8748777
0 5 0.06257484 -8.703516 2.660139 81.19084 4.373233 1.515814 1.8841239 2.0261328 0.07067421 0.034662195
0 5 0.0605856 41.329117 -0.009124577 48.434 4.611093 1.6470994 1.9409121 5.8003893 0.052886806 3.8121326
0 5 0.06025444 41.991875 0.24260062 49.995388 4.5884643 1.6737808 1.9756955 5.7840724 0.076091565 2.921122
0 5 0.059610367 -22.529516 2.053866 73.62155 4.5904317 1.649656 1.9530118 4.350137 -0.06961816 10.842511
0 5 0.05909253 40.137882 0.19279575 48.027622 4.2867765 1.6551408 1.8656102 5.69825 0.0966617 3.4984527
0 5 0.055897564 -21.787779 2.133294 70.71812 4.506941 1.6752386 1.9297922 4.368806 -0.032138906 10.520284
0 5 0.05529123 -8.9085245 2.7498136 82.46186 4.3288717 1.5252956 1.8657459 1.9504435 0.016922833 0.049489208
0 5 0.053408097 39.189926 0.27102298 46.54262 4.265721 1.6529883 1.8516476 5.693983 0.08962888 4.686067
0 5 0.052808754 42.425323 0.1342752 52.16211 4.5875945 1.6342869 1.9505148 5.8456655 0.042609654 1.610234
0 5 0.05127162 40.916172 0.12543464 49.66284 4.2837086 1.6488514 1.869918 5.701602 0.07761115 3.8834226
0 5 0.050865315 40.633595 0.22418356 48.21062 4.2742453 1.6670424 1.8699033 5.7097545 0.037551627 4.9531946
2 5 0.052105106 5.22262 1.596208 55.561813 12.04651 3.3352082 2.8948112 3.1334975 -0.06812381 -1.3089753
3 5 0.49889198 5.22262 1.596208 55.561813 12.04651 3.3352082 2.8948112 3.1334975 -0.06812381 -1.3089753
3 5 0.16723149 5.524254 1.7144547 56.042465 11.971404 3.4098418 2.8174856 3.2166631 -0.027688116 0.0029032286
3 5 0.134514 5.170356 1.5598762 54.0816 12.153393 3.279514 2.930031 3.1304264 -0.05267653 -0.67344594
3 5 0.10705856 5.4643116 1.570905 56.422977 12.089062 3.3312573 2.8363543 3.2452347 -0.06350127 -0.12960303
3 5 0.104453 5.0586443 2.2971723 53.33809 12.580553 3.231849 3.063077 3.2902598 -0.01728453 -1.3356162
3 5 0.098970905 4.958319 1.8200547 53.942253 12.126782 3.1723855 2.902523 3.3086016 -0.053443395 -0.21797177
3 5 0.08554254 4.7344375 1.6434765 52.84799 12.562066 3.173308 3.04988 3.2124276 -0.07312644 -0.28553706
3 5 0.085291125 4.23717 2.5440674 51.127213 11.771974 3.2565954 2.846304 3.3251102 0.0353754 -0.036427297
3 5 0.057392802 -16.794567 0.17839313 60.552708 11.130397 4.6024523 2.7359402 1.1215792 0.06158247 1.4493406
3 5 0.05507618 -16.71083 0.2061758 59.584167 11.207784 4.574219 2.6736836 1.1094611 0.12033216 -0.54525214
4 5 0.07238156 5.22262 1.596208 55.561813 12.04651 3.3352082 2.8948112 3.1334975 -0.06812381 -1.3089753
7 3 0.35370275 -7.365829 2.1496806 18.410616 0.7554662 1.743823 0.7155079 6.572678 -0.043395706 0.012471467
7 3 0.268506 -7.413992 2.1668336 18.455294 0.7844576 1.7579027 0.73143214 3.5534072 0.049276352 0.08579838
7 3 0.26650187 -7.237748 2.1126125 18.040615 0.7298752 1.7485288 0.66639006 6.593156 -0.014207976 0.015923154
7 3 0.10174976 -7.39286 2.089831 18.527163 0.73296076 1.7511525 0.69072825 6.391618 0.056829214 -0.055423662
7 3 0.092890546 -7.4633594 2.182186 18.318245 0.7474636 1.759205 0.71193004 6.4163523 0.0041720048 0.0073683485
7 3 0.0886555 -7.089184 2.0870247 17.912226 0.6887485 1.8292525 0.65560335 6.290331 0.17216201 -0.01644075
7 3 0.06676109 -7.120114 2.0853734 17.968119 0.6894648 1.8078326 0.67840594 6.2007194 0.17516229 -0.065326855
7 3 0.064333886 -7.4503098 2.1465445 18.756372 0.7229246 1.7574959 0.6983912 6.5028305 0.10028493 0.05124069
7 3 0.06374812 -7.514404 2.0887709 18.66973 0.79199886 1.7337029 0.72039145 6.340114 0.036897242 -0.038482815
7 3 0.057446454 -7.6216865 2.064359 18.919315 0.64285004 1.6913837 0.6189019 0.68523765 -0.07197116 -0.12223515
8 8 0.07250036 20.726633 1.6726223 27.252058 0.4365408 0.6241917 0.4494954 5.462839 -0.09798393 -0.016605038
8 8 0.06832205 20.429613 1.644747 26.810654 0.44118845 0.6162249 0.47982264 5.427088 -0.0717513 -0.01671071
8 8 0.05840287 20.487518 1.6075577 26.911377 0.44414243 0.6322532 0.4411399 5.3306274 -0.052195773 0.0022652894
8 8 0.055999592 20.686937 1.6329811 27.215899 0.4334533 0.639436 0.4107003 5.3494744 -0.10728804 0.0020761415
