0 5 0.15266187 -45.107224 3.607285 62.42611 4.569052 1.6501721 1.9762851 4.2767344 0.04449121 1.7126703
0 5 0.085975856 40.043182 0.25028515 47.159622 4.200178 1.6777334 1.8403664 5.7665567 0.084644146 5.101596
0 5 0.070733756 39.893185 0.25580245 47.28069 4.2152476 1.6672038 1.842144 5.7286954 0.12438273 4.672107
0 5 0.06995255 -50.43816 3.8781664 69.652054 4.570482 1.6224014 1.9954561 4.3994126 -0.03965029 3.8128684
0 5 0.06900404 41.21958 0.21842319 48.201805 4.214856 1.6694118 1.8370512 5.7907186 0.055772603 4.4704695
0 5 0.06748217 40.64429 -0.007529795 48.357513 4.660722 1.6700166 1.9652195 5.8165545 -0.0021717548 2.7021027
0 5 0.066996254 42.36861 0.15955198 49.288567 4.599916 1.6842471 1.9387282 5.845408 0.031737298 4.902434
0 5 0.064152844 41.82369 -0.0092206 48.800877 4.654003 1.6719546 1.9484427 5.8264985 0.033154324 4.948217
0 5 0.06407546 -50.40681 3.8768265 70.19185 4.569487 1.6357174 1.989484 4.3818874 -0.04954365 2.836564
0 5 0.06357321 41.638596 0.16719294 49.27609 4.5927906 1.6756196 1.9615839 5.814243 0.021088934 3.0986495
0 5 0.056309048 43.022896 0.2049411 51.58196 4.5565553 1.6827745 1.9503117 5.823642 0.07431668 3.639291
0 5 0.05546233 -50.97684 3.9671037 70.46583 4.512073 1.6502595 1.9695305 4.4057126 -0.026173629 3.4153218
0 5 0.05210379 41.42309 0.22614765 48.700687 4.2407565 1.6835321 1.8506141 5.7549143 0.03083128 5.495637
0 5 0.05204903 42.691982 0.23760873 50.258 4.575189 1.6907537 1.9666976 5.821587 0.045330472 4.1318417
3 5 0.41477892 -1.4550774 1.5607054 46.727077 12.1401005 3.2687595 2.9187584 2.6684244 0.027863657 -1.4838642
3 5 0.17057091 -1.3877724 1.55178 47.128487 12.118374 3.3172617 2.9005387 2.647701 0.0023344103 -0.8871442
3 5 0.14215405 -1.018401 1.5975574 47.94053 11.922983 3.3147297 2.8999999 2.7596211 0.026409185 -0.5443659
3 5 0.12862161 -1.4545873 1.6469278 48.507603 12.27324 3.218923 2.9210048 2.8654406 -0.08164398 -0.9071237
3 5 0.10386706 -1.1326613 2.4457724 49.286842 11.759572 3.383067 2.9526002 2.6275773 -0.056328095 -1.1249396
3 5 0.082558125 -1.6927873 1.6245956 49.99906 12.049065 3.220487 3.0408568 2.7415109 -0.10745473 -0.727267
3 5 0.069304146 -1.2350352 1.8163164 49.902977 11.802502 3.2330096 3.0009987 2.8556976 -0.06644089 -0.191459
3 5 0.06500198 -1.5908097 2.770804 47.313698 11.578235 3.2412546 2.8672688 2.8863435 0.02624767 -0.23125741
4 5 0.056422375 -1.4550774 1.5607054 46.727077 12.1401005 3.2687595 2.9187584 2.6684244 0.027863657 -1.4838642
6 0 0.064027295 -16.667114 2.2639487 41.469776 1.6729845 1.6881509 0.5773042 1.5564244 -0.06335989 -0.026946438
6 0 0.057614587 -16.027632 2.2544756 40.059376 1.581872 1.6666238 0.59434295 1.2273211 -0.014789085 0.19110554
7 3 0.38517186 -7.2692795 2.105012 18.189398 0.7276958 1.7435246 0.69421345 6.472192 0.008876203 0.0069480315
7 3 0.2780321 -7.2159104 2.0900393 18.025158 0.7091738 1.7442708 0.6424132 6.509591 0.023456229 0.024882428
7 3 0.27044624 -7.339902 2.1310449 18.31668 0.7609375 1.7443978 0.7106524 6.639747 0.08951126 0.06995694
7 3 0.10937425 -7.38426 2.0888834 18.505438 0.7411918 1.752188 0.6934947 6.3397784 0.09256635 -0.044763006
7 3 0.09360534 -7.4493685 2.1564484 18.302763 0.7282004 1.7459971 0.6819255 6.3426046 0.025227932 0.000971999
7 3 0.08595562 -7.4984956 2.1583333 18.429377 0.7141192 1.7331243 0.65304893 6.477397 0.070500545 0.14035088
7 3 0.075544424 -7.4527564 2.0941308 18.584042 0.79389316 1.7467084 0.7206324 6.2731204 0.046639666 -0.040676862
7 3 0.07437639 -7.2934875 2.1335595 18.403713 0.6676082 1.819672 0.6326666 6.2083893 0.1702209 -0.024811035
7 3 0.07025808 -7.39213 2.108268 18.653337 0.71111065 1.7638148 0.66615117 6.517084 0.12221328 0.03547242
7 3 0.056882855 -7.2986155 2.1344552 18.278034 0.6773018 1.8047911 0.6523736 6.131356 0.14425507 -0.05885487
7 3 0.056052055 -7.561493 2.0411346 18.763672 0.63812226 1.6813049 0.59654796 3.7280817 -0.06853075 -0.09566468
7 3 0.052278996 -7.582723 2.027944 18.837004 0.60919935 1.6654456 0.58954227 3.67178 -0.067081474 0.009012971
7 3 0.05032293 -7.006835 2.1483066 17.46516 0.7256019 1.7669704 0.66208255 6.4685874 0.0074236467 0.069287695
8 8 0.06085728 20.497902 1.6364084 26.987373 0.3958553 0.6183192 0.41517997 5.4876122 -0.09484685 0.00045169517
8 8 0.05524988 20.115788 1.5998355 26.416296 0.39521506 0.6063404 0.44053346 5.426729 -0.072184905 -0.0044669732
