0 5 0.24943005 28.0325 1.1284401 33.834816 4.474907 1.5685965 1.9114101 3.172488 0.020414995 0.0034908224
0 5 0.24328075 29.044819 1.3884459 34.402424 4.323759 1.5931783 1.8479086 3.3500197 -0.025003383 -0.009736947
0 7 0.15402311 28.594597 1.239147 33.74589 4.3337936 1.6262854 1.8353075 3.33419 -0.03314674 0.0031424724
0 5 0.15236165 27.912714 1.080352 33.617527 4.454113 1.5680639 1.890982 3.1910853 0.020924387 -0.48336497
0 5 0.13301131 29.215683 1.0677261 34.846638 4.4608526 1.5901946 1.8960798 3.1443968 -0.047538627 -0.06246301
0 5 0.11742097 28.932697 0.9966214 34.56412 4.43976 1.5729084 1.883608 3.149731 -0.043399904 -0.04994075
0 5 0.102310106 28.094976 1.1209779 34.2145 4.450846 1.5942007 1.8919469 3.220882 -0.009138959 -0.47030455
0 5 0.089443974 -0.7320242 1.9793649 99.30885 5.0028076 1.9930441 2.075941 1.8286351 -0.02370711 -0.9632289
0 5 0.082696155 -1.3321295 1.8513509 95.105644 5.2424445 2.1336348 2.1604671 1.7775748 -0.052238993 -1.1493777
0 5 0.07689286 28.746279 1.3682463 34.218853 4.2661304 1.5898255 1.8645296 3.3917909 -0.035956286 -0.03822966
0 5 0.07362561 28.554232 1.3259194 33.260418 4.3741894 1.6590999 1.8576268 3.282844 -0.007445939 -1.6252184
0 5 0.07265546 -10.504336 1.580468 38.923733 11.903598 3.1105208 2.9024012 2.3582737 0.003053978 -1.200048
0 5 0.071790285 -0.34281898 2.1748219 100.36894 4.8412275 1.8874577 2.0355337 1.8408387 0.03525929 0.44573483
0 5 0.066784464 -2.0183423 1.8595343 92.44335 5.1750875 2.0457096 2.1430004 1.7087114 -0.05220574 -0.8495018
0 5 0.06606377 28.3626 0.7409638 34.36523 4.467426 1.5953201 1.8935704 3.2614205 -0.048715018 -0.16701367
0 5 0.05924663 30.492529 0.6791878 36.359444 4.4388647 1.6017503 1.8961935 3.1735005 -0.04453384 -0.045364738
0 5 0.05858805 27.65838 1.0986918 33.94196 4.419331 1.6026695 1.8854619 3.1904309 -0.02526069 -1.1029134
0 5 0.05728079 28.77453 1.2033187 34.40866 4.449427 1.6103901 1.9003024 3.1391335 -0.037041422 -0.057025574
0 7 0.05510573 44.711643 0.22759348 54.604866 4.257183 1.6364436 1.8929037 2.722889 -0.013108414 0.011528548
0 5 0.054894 -0.53442246 2.121251 100.12988 4.6699805 1.769815 1.9844654 1.7862661 -0.04385459 -0.730722
0 5 0.05450537 28.348522 1.1236091 34.853943 4.413935 1.6084185 1.8742516 3.2162724 -0.02053928 -1.2571574
0 5 0.053411037 -0.2687612 2.2107668 100.87952 4.683433 1.7512189 1.9952593 1.8114964 -0.026629848 0.44551495
0 5 0.052604068 28.746916 0.79124844 35.243374 4.470986 1.6076058 1.8889103 3.305169 -0.07061353 -0.57014835
0 7 0.051782977 43.406967 0.25956792 53.579567 4.230532 1.6058174 1.8774946 2.7619114 0.0030613486 0.011274397
0 5 0.05135441 33.39061 0.72686815 38.90115 4.4459157 1.6152067 1.8989798 3.0577044 -0.11870941 -0.066710696
0 5 0.051014386 4.7907596 1.9995253 114.85209 4.7832556 1.704376 2.0346987 4.7691183 -0.046427976 5.3760176
0 5 0.05071442 0.38722798 2.2997637 101.64474 4.685543 1.7660463 1.9990368 4.9496856 0.051969267 1.0787148
1 5 0.07903993 -1.3321295 1.8513509 95.105644 5.2424445 2.1336348 2.1604671 1.7775748 -0.052238993 -1.1493777
1 5 0.06747066 -0.7320242 1.9793649 99.30885 5.0028076 1.9930441 2.075941 1.8286351 -0.02370711 -0.9632289
1 5 0.06336532 -2.0183423 1.8595343 92.44335 5.1750875 2.0457096 2.1430004 1.7087114 -0.05220574 -0.8495018
3 5 0.2576131 -10.425374 1.6203114 37.719395 12.242527 3.1042905 2.9352093 2.3690548 0.027810251 -0.58130103
3 5 0.25264817 -10.504336 1.580468 38.923733 11.903598 3.1105208 2.9024012 2.3582737 0.003053978 -1.200048
3 5 0.15830724 -12.02643 2.760075 40.29712 11.505135 3.3843088 2.919319 2.3283846 0.052655704 -0.29150414
3 5 0.14688736 -12.00668 2.7764344 42.08389 11.213367 3.3073692 2.8850005 5.5800753 0.094046146 -0.017105652
3 5 0.1410896 25.398989 1.3054688 139.76433 12.556294 3.1604862 3.0024526 4.853195 0.03199424 4.719632
3 5 0.117937714 -12.417574 1.9750609 42.837284 11.654688 3.2398205 2.9872704 5.6221275 -0.009674872 -0.18311626
3 5 0.11391809 -10.283013 2.190833 30.699863 11.879038 3.1524596 2.7878764 5.1668606 0.0058499165 -0.055736627
3 5 0.105756775 -10.23482 1.6305052 38.2576 11.848747 3.04164 2.8817232 2.460764 -0.014275294 -1.3666259
3 5 0.09722134 -10.344735 1.626783 37.578487 12.311324 3.207072 2.978577 5.3912063 0.0009090286 -0.27408206
3 5 0.094302036 25.395025 1.316412 142.08374 12.382085 3.1174793 3.0193026 4.875649 -0.0069889585 5.34616
3 5 0.077864595 24.834496 1.2978075 136.1204 12.583756 3.1915612 2.9431217 4.859723 0.029772973 4.6674137
3 5 0.077080734 -10.097459 1.8198546 33.92553 12.35499 3.3239977 2.8966973 5.397549 0.057734586 -0.89197344
3 5 0.07285092 -13.443524 2.157415 39.8868 12.54121 3.340761 2.8779483 5.310553 -0.032742903 -0.25084925
3 5 0.06981348 -10.714127 1.7137325 41.801193 11.83647 3.2594793 2.8853626 2.4255657 0.029253362 -0.24316707
3 5 0.06739543 25.953878 1.2545843 143.12958 12.635295 3.118898 3.0015483 4.894418 0.010055961 4.766348
3 5 0.065944724 -11.688202 2.5725305 31.598381 8.969597 2.908858 2.5667326 5.069684 0.07410041 0.3045061
3 5 0.06339641 -24.9618 -4.3229337 93.99835 11.522827 3.7663434 2.8517907 1.1160018 0.009349385 -0.69509774
3 5 0.0591545 -10.765706 1.7110945 39.74345 11.939015 3.308521 2.958758 2.3485174 0.0025736317 0.067153834
3 5 0.058172062 -25.750177 -4.3525996 95.357765 11.517013 3.7257738 2.8806832 1.202473 0.04596024 -0.8159544
3 5 0.054722548 -1.3321295 1.8513509 95.105644 5.2424445 2.1336348 2.1604671 1.7775748 -0.052238993 -1.1493777
3 5 0.05465148 24.988008 1.2389886 137.9977 12.727448 3.2227342 3.000592 4.8796043 0.032535158 5.8174477
3 2 0.05068589 -6.8021255 2.0303295 17.390177 1.2714299 2.1018944 0.8151084 4.671678 0.081212826 0.35896486
7 2 0.42225906 -7.3665876 2.1215842 18.507305 0.8245477 1.769225 0.7641079 6.3034563 0.44858363 0.34797773
7 2 0.29807085 -7.440034 2.1487343 18.684174 0.8710826 1.7808284 0.78149927 6.3490634 0.3642966 0.32746097
7 2 0.26030555 -7.45166 2.1563807 18.74427 0.8064288 1.7649508 0.7029176 6.236226 0.29006007 0.38938007
7 2 0.2243248 -7.4995756 2.1468358 18.835545 0.8418452 1.7136186 0.72546405 6.3786063 0.39943036 0.48938733
7 2 0.09120004 -8.078308 2.1450377 20.097023 0.8101489 1.7208949 0.7112612 6.3423843 0.09956702 0.16790447
7 2 0.090604275 -7.2595096 2.0814538 18.3201 0.801043 1.7475282 0.74779177 6.144988 0.30884632 0.23257712
7 2 0.08679138 -7.9807706 2.1174803 19.863564 0.7899748 1.6921488 0.70186096 6.2944427 0.050960705 0.17690116
7 2 0.08604087 -6.8021255 2.0303295 17.390177 1.2714299 2.1018944 0.8151084 4.671678 0.081212826 0.35896486
7 2 0.08579574 -7.1509595 2.0842042 17.943552 0.8580616 1.798308 0.76468116 6.5064664 0.30030525 0.1599487
7 2 0.08404664 -7.070172 1.8884509 17.949728 0.53446656 1.7333974 0.5850001 3.8028495 0.17018846 0.15422973
7 2 0.08125497 -7.1982627 2.1146245 18.11546 0.8782328 1.8262885 0.78543544 6.467482 0.3729581 0.38468084
7 2 0.06567724 -7.7996664 2.1673806 19.269077 0.8020404 1.7733269 0.6870081 6.417687 0.18074423 0.24651325
7 2 0.061462194 -7.921717 2.22821 19.760916 0.808868 1.6927612 0.67604196 6.2215047 0.15979508 0.14842907
7 2 0.05765577 -7.958775 2.1849744 19.58322 0.8438671 1.7290432 0.6797777 6.4322257 0.4256859 0.6308625
7 2 0.051843684 -7.7874336 2.1942694 19.398474 0.8064803 1.6584433 0.6672203 6.176239 0.15543135 0.16983724
