0 5 0.52753234 -12.330019 2.4066925 24.574453 4.6744823 1.8628285 1.9584366 1.8781626 -0.07742926 -4.718822
0 5 0.35383514 -12.19981 2.4160047 24.360962 4.62925 1.8263191 1.953912 1.8732392 -0.0643092 -5.610239
0 5 0.17563598 -12.628838 2.5009084 25.18614 4.711059 1.8123682 1.9618399 1.897564 -0.12284468 -3.853731
0 7 0.1538665 -36.47031 3.2367623 58.87393 4.202121 1.5731277 1.8257934 4.3896775 0.05212768 0.0068350304
0 7 0.12559995 -36.921547 3.257013 59.45033 4.2137594 1.5715016 1.8315818 4.3514175 0.02624884 0.02754534
0 5 0.12271039 -12.419261 2.4261665 24.837387 4.673582 1.7841803 1.962667 1.8747542 -0.12701021 -4.253249
0 5 0.10093033 37.665897 0.3192793 44.481503 4.2070518 1.6547688 1.8350594 5.699815 0.07021091 4.4870667
0 5 0.09896762 -4.9312453 2.6134129 95.50152 4.618843 1.5662131 1.9652746 1.585693 -0.022804111 -6.406086
0 7 0.096204 -36.723774 3.2216122 59.230503 4.2086577 1.5703598 1.8345382 4.407234 0.047969572 0.026717823
0 7 0.092941105 -36.273212 3.2345712 58.71363 4.2174673 1.5645881 1.832251 4.436154 0.06405537 -0.0054788776
0 5 0.0923963 -22.799286 2.0457304 73.607796 4.5858912 1.6314558 1.951536 4.44452 -0.016621567 12.002104
0 7 0.08935737 37.720078 0.2976498 44.72571 4.2236013 1.656154 1.835319 5.682169 0.086345784 4.039863
0 5 0.07788366 -23.13675 2.0409002 74.69614 4.6803827 1.6296877 1.9613475 4.416829 0.0039784387 9.194206
0 5 0.0774825 -8.788046 2.6208167 88.44723 4.69087 1.491607 1.9420359 1.8835214 -0.014031041 -5.4116354
0 5 0.071018174 39.054504 0.314826 45.897243 4.2081084 1.6553583 1.8359116 5.708589 0.066090114 4.835856
0 5 0.06987294 -2.9669585 2.3627865 102.16618 7.2414637 2.4227037 2.3945608 1.5239223 -0.0492779 -1.6701908
0 5 0.06930617 -37.062218 3.474113 60.424156 4.517225 1.555819 1.9437937 4.4792695 0.06432929 0.05394336
0 5 0.064539805 -22.137857 2.103106 72.25937 4.579898 1.6328853 1.9411727 4.509875 0.018977618 12.602395
0 7 0.064391 -37.252697 3.2994113 60.09283 4.223806 1.5894735 1.8440307 4.420617 0.02537206 0.5303214
0 5 0.06383927 -9.284235 2.6842358 89.924126 4.6566997 1.5256171 1.9473566 1.8824975 -0.014961547 -4.8061976
0 5 0.06263927 -4.7760634 2.6305676 94.99669 4.703348 1.605166 1.9503175 1.5578294 -0.04648206 -3.8452077
0 5 0.062471043 -23.417614 1.8821775 75.66772 4.693209 1.6185079 1.9839514 4.3959336 -0.04249669 10.661081
0 7 0.059334744 -37.957653 3.331835 61.06987 4.231758 1.5837699 1.8531529 4.391377 0.012751505 0.32783562
0 5 0.0589035 -23.227356 1.9734287 75.19295 4.6256366 1.621967 1.9674485 4.3923945 -0.07097993 13.304083
0 7 0.05717022 38.75804 0.2138552 46.273853 4.2619963 1.6462392 1.8492757 5.671131 0.075737335 3.3568118
0 5 0.057070017 -35.206085 3.4612312 59.396496 4.56642 1.5653245 1.9531175 4.546961 0.092075855 0.12704694
0 5 0.05665667 -35.02618 3.4831476 59.063087 4.5753164 1.5720899 1.9741778 4.551916 0.07062309 0.1811021
0 5 0.05662773 -4.9363403 2.5930362 94.00091 4.60255 1.547085 1.9505523 1.5806183 -0.06857236 -6.2331524
0 5 0.05657248 -12.043679 2.3307261 24.734772 4.7513266 1.8196154 2.027884 1.804231 -0.05422605 -2.6649177
0 5 0.056489807 -35.43369 3.412475 59.416546 4.519159 1.5470297 1.9311239 4.5187716 0.06363907 0.008043356
0 5 0.056141645 -4.901395 2.6149402 96.317116 4.607565 1.5506297 1.9392164 1.5450472 -0.032195 -6.714167
0 5 0.054006044 -2.6331909 2.1884754 105.89827 8.12855 2.8275592 2.5482733 1.4680817 -0.032687612 -1.4770211
0 5 0.053634748 38.625343 0.27214378 45.555077 4.2307615 1.6663198 1.8398427 5.6930475 0.03434203 5.026624
0 5 0.052953392 40.705566 0.13475442 47.648495 4.525153 1.6575885 1.9158596 5.7696 0.034938164 4.0792217
0 5 0.052247826 -22.866806 2.1867886 74.028 4.6328754 1.6529053 1.9745518 4.449131 0.018095689 10.550616
0 5 0.051853485 40.233776 -0.04881537 47.17758 4.5566707 1.6495502 1.9275893 5.755551 0.04521074 4.1431584
0 5 0.050854173 -3.3049562 2.354817 99.1763 5.364036 1.8819847 2.0805504 1.544267 -0.0050824387 -3.084185
0 5 0.050644275 -11.09445 2.4454489 22.584127 4.51351 1.6980939 1.9003642 1.8674974 -0.08178335 -2.135135
0 5 0.0503301 39.259655 0.1705277 46.982124 4.536082 1.6636052 1.9475666 5.717877 0.051455647 2.7337334
0 5 0.050070878 -8.468359 2.5615792 88.5744 4.723957 1.4807258 1.9470809 1.8010714 -0.013185935 -5.9072084
3 5 0.5354724 11.242879 1.0128409 54.63393 12.178216 3.2915845 2.939227 3.2983027 -0.053939134 -0.5028332
3 5 0.32249382 11.490647 1.1478682 55.331345 12.059255 3.3969524 2.861831 3.3847306 0.0025022868 -0.04996601
3 5 0.24216394 11.05566 1.0921962 55.189655 12.328978 3.3719382 2.9656677 3.2786744 -0.08645794 -0.731991
3 5 0.11813684 11.16077 1.9011805 53.77096 12.568814 3.2695043 3.2842507 3.4562488 -0.0042750593 -1.3293637
3 5 0.11761288 10.703605 1.531465 53.34034 12.364328 3.289405 3.0077753 3.5091734 -0.0068587335 -0.18168476
3 5 0.11654771 9.242502 2.4632654 49.272507 11.378892 3.2280576 2.8924348 3.4747355 0.036521845 0.48539686
3 5 0.11594231 11.263181 1.3213063 55.985493 12.446266 3.512895 2.8600633 3.3667755 -0.052466325 0.46258706
3 5 0.1038752 11.537373 1.0668331 56.50364 11.710233 3.2904012 2.797389 3.3191638 -0.020730173 -0.029861487
3 5 0.09074613 11.190275 1.1049755 53.580307 12.435034 3.3340108 3.0916243 3.3056004 -0.05026643 0.59488225
3 5 0.08493366 10.542503 1.214495 51.59043 12.748829 3.2157207 3.264133 3.4385142 -0.07015741 -0.2087982
3 5 0.08462435 3.944346 1.6245178 67.66723 8.309506 3.365846 2.8831425 2.2793348 -0.011517751 -1.56164
3 5 0.076585434 4.29419 1.6032007 67.24977 7.968682 3.1601267 2.8642457 2.6198413 -0.038462356 -1.2394944
3 5 0.072482124 8.993723 1.9110607 48.98099 11.17965 3.055997 3.1182353 3.4823024 0.024393728 -0.13111813
3 5 0.070983656 -16.11325 0.23357797 58.357056 11.090259 4.506337 2.7323763 1.121413 0.077047855 -0.37920758
3 5 0.06077042 2.5110586 1.6931195 85.7385 8.162245 3.3346288 2.963184 1.7524621 -0.023185706 -1.4988947
3 5 0.06036651 -16.938786 0.27647996 59.014942 11.434777 4.8232646 2.7037244 1.1286118 0.107898824 -2.8642187
3 5 0.05585406 10.03984 0.9002198 50.0199 12.365156 3.4081013 3.0378993 3.3739426 0.008408364 -0.024769826
3 5 0.055565275 -1.2527254 2.0449781 107.00105 8.825882 3.3122814 2.9910638 1.3710155 -0.026897479 -2.3080251
3 5 0.05466498 -17.44056 0.25119877 60.787617 11.168351 4.6625385 2.7744505 1.1303982 0.08718238 -1.1150339
4 5 0.08341367 11.242879 1.0128409 54.63393 12.178216 3.2915845 2.939227 3.2983027 -0.053939134 -0.5028332
7 3 0.33934474 -7.4243793 2.1144915 18.562693 0.7435725 1.7796586 0.7394752 4.0989304 -0.0956926 0.27826047
7 3 0.1778189 -7.3545694 2.0820675 18.36771 0.7317795 1.7621663 0.6876956 4.052185 -0.0006181188 0.3190542
7 3 0.16325471 -7.5054855 2.10085 18.7539 0.7780378 1.7664704 0.7127176 4.128854 0.10023951 0.45737523
7 3 0.094427474 -7.168899 2.0894837 17.923018 0.74154544 1.8121406 0.73735905 4.1493964 0.053146727 0.18792507
7 3 0.0898732 -7.113361 2.0915713 17.826448 0.7634906 1.8166442 0.72758013 4.3220057 0.1265429 0.31138405
7 3 0.0739531 -7.370407 2.1310852 18.51755 0.7220287 1.7803477 0.6921173 4.075522 -0.038041838 0.10003815
7 3 0.067845576 -7.6286445 2.1366243 18.810013 0.769486 1.8213645 0.7218389 4.463253 0.09815145 0.4735834
7 3 0.06641765 -7.943938 2.146708 19.7948 0.68131196 1.6676292 0.67740184 4.198746 -0.10902578 0.3051562
7 3 0.058103215 -7.2464285 2.082816 18.228882 0.71978307 1.7776499 0.68155926 3.999615 -0.06763158 0.25405496
7 3 0.057449374 -7.803048 2.2184901 19.56439 0.7171842 1.6690807 0.68766075 4.175929 -0.016181353 0.40799603
7 3 0.051160615 -7.9305577 2.1423728 19.49105 0.77815586 1.7647681 0.7132807 4.5160036 0.15344764 0.5599125
8 8 0.07705373 19.72289 1.5917693 25.988337 0.4431027 0.6391056 0.42876247 5.4101653 -0.09953312 0.011452798
8 8 0.07386349 19.832005 1.6447368 26.119955 0.4250526 0.6257218 0.44970968 5.460416 -0.101264946 -0.0015173517
8 8 0.07055799 19.38706 1.5633614 25.498068 0.44808337 0.6243228 0.44714162 5.384861 -0.060422882 0.014105123
8 8 0.062391743 19.439768 1.6140933 25.564997 0.4232492 0.61142766 0.46459833 5.457362 -0.08996477 0.003353376
