0 5 0.3753889 -7.134091 2.0897758 39.466763 4.817991 1.66427 1.9869355 2.0604448 -0.08197442 -4.823671
0 5 0.3319468 33.609222 1.4544431 57.735294 5.0069413 1.8799202 2.070854 3.1728044 -0.023511577 -0.011352376
0 5 0.26022425 11.164433 1.9451566 55.872124 4.7878456 1.5886587 1.9806284 3.038048 -0.05916491 -3.6001303
0 5 0.25026098 33.522556 1.4030731 57.42654 4.928279 1.8796256 2.028219 3.193481 -0.08093434 -0.69063103
0 5 0.24679895 -7.218373 2.0888205 39.854 4.7654033 1.6290041 1.9705465 2.0544515 -0.008487699 -1.8644894
0 5 0.23379909 5.711833 2.04525 72.32825 4.736456 1.6122282 1.9757166 4.9915175 0.02466902 8.5406475
0 5 0.2321447 11.160683 1.940197 56.216812 4.747276 1.5687373 1.9690751 3.0741167 -0.031268902 -3.4662297
0 5 0.21941894 34.461555 1.4543891 59.264458 5.0889387 1.8975877 2.078369 3.2585769 -0.060082257 0.013648517
0 5 0.20249054 -18.265467 2.689396 54.656574 4.47836 1.701761 1.9079483 5.966747 0.040523462 0.07819721
0 5 0.17476624 30.323517 2.0801098 44.22408 4.8255305 1.5608085 1.9355885 3.5015798 -0.04180657 -1.9042767
0 5 0.17436908 11.320654 1.997865 57.224537 4.7531924 1.579865 1.9599129 2.9931912 -0.035546347 -3.3419633
0 5 0.17407423 11.390067 2.0022666 56.766838 4.792611 1.6043619 1.9732168 3.0280805 -0.06291759 -3.6756973
0 5 0.17285128 34.060417 1.4327892 58.350155 5.00823 1.8964998 2.0444722 3.2418609 -0.07668102 -0.74704194
0 5 0.17175104 29.324682 2.0770454 42.959515 4.681431 1.5751262 1.921613 3.7321818 -0.056153044 -2.226882
0 5 0.15763547 -17.555237 2.4772 52.572243 4.5027943 1.6197441 1.8999529 6.1130676 0.00080171786 -0.02766465
0 5 0.14880365 -17.833317 2.6363537 53.85125 4.5069327 1.7258173 1.9210198 6.1125894 0.0052691065 -0.04483334
0 5 0.14391725 29.84995 2.0766938 43.595276 4.7652392 1.5860075 1.9597602 3.486795 -0.051461175 -1.7846891
0 5 0.1360976 28.82931 2.065157 42.30427 4.7053905 1.5906557 1.9513522 3.5093234 -0.07327757 -2.052738
0 5 0.1331739 -7.093025 2.124209 39.17929 4.787718 1.6636686 1.9521844 1.9831774 -0.05231019 -5.545832
0 5 0.12906508 5.819927 2.111787 73.309395 4.709394 1.6214408 1.9853528 4.99165 -0.0354025 8.211866
0 5 0.10219554 32.79867 1.5059487 56.328568 4.9506106 1.9135491 2.0209246 3.1434944 -0.001160387 -1.1660119
0 5 0.10125507 33.173824 1.4270937 57.099403 5.054027 1.8898654 2.0417545 3.2180328 -0.08038524 -0.9688225
0 5 0.100632824 35.697887 1.6860676 60.449284 4.5354156 1.7246583 1.9272405 3.5361617 -0.050049827 -1.0652508
0 0 0.09915869 32.253456 2.1488113 48.690525 4.376055 1.6359632 1.8267906 3.668413 -0.033853434 -1.3606802
0 5 0.092386834 -7.8044333 2.1199093 42.3646 4.576422 1.6245031 1.8970568 2.1120515 -0.079157 -1.1383315
0 5 0.0858439 11.768148 1.9209108 58.67489 4.6154585 1.5657119 1.9122878 3.0597558 -0.11273351 -2.312679
0 5 0.08028991 -15.141257 2.3399549 66.938835 4.3766737 1.7212374 1.8791143 4.694607 0.062179536 3.4643912
0 5 0.0768737 13.871531 1.9711901 66.0689 4.5735836 1.566983 1.920361 3.0568986 -0.097486906 -1.0319557
0 5 0.075401545 5.6294084 2.0574713 71.84119 4.784097 1.5803891 1.9761198 4.971059 0.0056501105 8.326735
0 5 0.07473677 -18.39141 2.3527064 54.0598 4.2746816 1.5928519 1.8511618 5.9834447 -0.034535915 0.5484179
0 5 0.07466207 -12.36675 2.3805943 38.44496 2.3897748 1.7159735 1.107536 4.9827356 0.055305377 0.061181046
0 5 0.07331096 11.385645 1.9269903 58.047607 4.6418533 1.5352026 1.9049026 3.0150259 -0.10756437 -2.199201
0 5 0.072209135 -14.721745 2.3475728 66.2188 4.3761945 1.7112156 1.8777086 4.704556 0.049483284 2.8598332
0 5 0.070783414 -3.6365547 2.078015 96.55624 4.879717 1.5835971 1.9887859 1.5193425 -0.01791397 -2.4214313
0 0 0.067925036 24.663597 2.1007946 35.43394 4.4658027 1.5756713 1.8792772 4.0451894 -0.04581491 -2.1671588
0 5 0.065316215 -19.06767 2.5328052 56.018955 4.5453606 1.6447737 1.9203563 6.163869 -0.04278921 -0.013513414
0 5 0.06233139 -3.0791888 1.8311646 107.42815 5.5580244 1.8287765 2.1461096 1.5667278 -0.022983434 -1.0842495
0 5 0.060216147 14.043326 2.012806 66.4602 4.598333 1.5654823 1.9158578 2.9450336 -0.101919286 -0.67040443
0 5 0.05933459 12.875454 2.0145893 63.769215 4.634382 1.5550795 1.9149932 2.819454 -0.073572546 -1.4897047
0 5 0.059156366 -19.373222 2.4721363 56.952538 4.6062746 1.6789787 1.9725372 6.1647844 -0.06978296 -0.012066521
0 5 0.058611494 5.698981 2.093117 77.1973 4.7200623 1.6952881 2.0142782 4.8965716 -0.040191878 9.987552
0 5 0.057120033 -3.75314 2.0920057 97.50867 4.9005775 1.5739219 1.9796232 1.5457774 -0.01364902 -2.9456143
0 5 0.056982454 33.354603 1.4994208 58.155605 4.8423696 1.835717 2.0075529 3.199337 -0.04418952 -0.25088552
0 5 0.056664508 30.538668 2.0923069 44.870296 4.8587713 1.5561767 1.9396616 3.3740747 -0.089393266 -2.021056
0 5 0.05609798 33.05052 1.2729305 58.109146 4.5841613 1.7414314 1.9693489 3.4947546 -0.0910553 -0.02584437
0 5 0.055241324 5.594502 2.039383 74.92987 4.7351456 1.6491253 2.0069187 4.94079 -0.11461314 9.23249
0 5 0.05304155 36.65213 1.3099743 63.706272 4.5782623 1.7825204 1.9612812 3.416357 -0.05449488 0.017623987
0 5 0.052689206 33.345776 1.1460189 57.794098 5.176265 1.8628498 2.1086562 3.308681 -0.01827271 0.01267137
0 5 0.05233204 -14.955231 2.3132856 65.86008 4.3849573 1.694158 1.8757735 4.6399155 0.048849627 4.394702
0 5 0.05190131 15.673968 2.0147948 71.88546 4.516949 1.5487998 1.914376 3.0049589 -0.054879755 -0.029778836
0 5 0.051207643 33.946625 1.418643 59.325363 4.899584 1.8392552 2.0397563 3.2530756 -0.074674636 -0.6737562
0 5 0.050950885 15.504435 2.0638022 78.55931 4.653291 1.5853179 1.943316 2.5901456 -0.025007255 -0.37295154
0 5 0.050798044 -17.701086 2.5209281 52.896633 4.48049 1.5937835 1.9087062 6.120185 0.04925397 -0.014149352
0 5 0.05051203 32.708218 1.1153151 56.705616 5.151018 1.8549663 2.0935967 3.273985 -0.022563837 -0.4780427
0 5 0.050193544 -15.733789 2.3313289 68.40623 4.3945565 1.723077 1.8832781 4.6117964 0.097186185 3.4081278
3 5 0.09127599 -13.105054 0.9918481 50.22894 11.799143 5.019776 2.8552754 4.396442 0.07849164 1.5499454
3 5 0.08916723 -13.448502 0.7605679 51.04378 11.870213 4.9143524 2.7967849 4.3587456 0.11521106 1.28027
3 5 0.08575852 -13.758669 0.908213 50.63961 11.720171 4.8802876 2.8031464 1.2459767 0.081294425 1.4814926
3 5 0.08398745 -13.2393265 0.8525976 48.834267 11.732175 4.9183354 2.7452612 4.381571 0.102963336 1.3151015
3 5 0.055035584 -13.278929 1.149285 52.97136 11.00315 4.9454665 2.8196275 1.2652228 0.08203868 1.2470517
5 0 0.06978403 11.140519 1.7686397 15.612091 2.1110945 1.5488224 0.68164974 4.232311 -0.03773368 -0.8690602
5 0 0.069501825 9.930922 1.6849176 13.871026 1.9890715 1.4709193 0.63075507 4.2311163 -0.031663064 0.019896273
5 0 0.06029409 10.639527 1.7003264 14.883883 1.8505149 1.7207751 0.63979036 4.034001 -0.066580445 0.8457936
5 0 0.05701736 9.813945 1.6669583 13.702444 1.9652894 1.7119727 0.6001882 3.921262 -0.048088826 1.0000355
6 0 0.17206214 9.813945 1.6669583 13.702444 1.9652894 1.7119727 0.6001882 3.921262 -0.048088826 1.0000355
6 0 0.14551331 11.140519 1.7686397 15.612091 2.1110945 1.5488224 0.68164974 4.232311 -0.03773368 -0.8690602
6 0 0.1416362 10.639527 1.7003264 14.883883 1.8505149 1.7207751 0.63979036 4.034001 -0.066580445 0.8457936
6 0 0.12349122 9.934493 1.6151693 14.183781 1.92574 1.6411198 0.7035849 4.1713686 -0.0788635 0.075807534
6 0 0.118374124 9.930922 1.6849176 13.871026 1.9890715 1.4709193 0.63075507 4.2311163 -0.031663064 0.019896273
6 0 0.10660564 9.980443 1.6064179 13.818984 2.0234032 1.6938846 0.6314228 4.035667 -0.07431862 1.0338749
6 0 0.10584794 10.32652 1.6158133 14.515602 1.8742555 1.6604402 0.66544193 4.3150826 -0.070513174 0.109061696
6 0 0.08848242 10.020676 1.559572 14.184713 1.840335 1.6587225 0.68459743 4.051338 -0.037469856 0.43396947
6 0 0.0802454 12.569036 1.6496266 17.74696 2.6247127 1.5513936 0.78101844 4.1375923 -0.06311402 -2.0434794
6 0 0.07422826 10.423593 1.6941493 14.431305 1.9658865 1.541633 0.66882414 4.300312 -0.07399161 -0.39327082
6 0 0.06387207 32.253456 2.1488113 48.690525 4.376055 1.6359632 1.8267906 3.668413 -0.033853434 -1.3606802
6 0 0.059897806 10.598189 1.6640127 14.54595 1.9567511 1.5984643 0.6464066 4.038165 -0.05135628 -1.6941967
6 0 0.05953461 11.20824 1.5789905 15.684353 2.0588024 1.5885192 0.7213826 4.2111073 -0.09769656 -0.0056657586
6 0 0.05343323 10.500851 1.7237926 14.701313 2.0309474 1.4308406 0.6059446 4.1535625 -0.03633964 -0.8609048
6 0 0.052605476 24.663597 2.1007946 35.43394 4.4658027 1.5756713 1.8792772 4.0451894 -0.04581491 -2.1671588
6 0 0.052238062 17.802204 2.1280162 25.266775 3.495188 1.6032704 1.3883808 3.913165 -0.04452543 -0.52449137
7 3 0.2528616 -7.6618857 2.1229823 25.503963 0.7245358 1.7488135 0.6868724 3.6806426 0.07618785 0.17106837
7 3 0.21241042 -7.7812033 2.1476145 25.937874 0.74085563 1.7639807 0.7022924 3.7113268 0.09603682 0.12228299
7 3 0.18886846 -7.7459655 2.1340234 25.864117 0.74131787 1.7379818 0.68716335 3.7259674 0.12572773 0.1963594
7 3 0.18420829 -7.8673882 2.14452 26.196016 0.75497633 1.7400212 0.69903946 3.7534254 0.08706969 0.07684383
7 2 0.15389699 -7.764941 2.0832438 25.806295 0.60188997 1.7927291 0.6027586 6.0922346 0.10856611 0.043680668
7 2 0.104590334 -7.371862 1.9681314 24.618393 0.66365916 1.8119121 0.6399308 6.0013237 0.11878771 0.1626623
7 2 0.092058435 -7.8108315 2.22816 25.981586 0.6866297 1.7401086 0.5998646 6.0233183 0.08621097 0.17473656
7 2 0.087565415 -7.508202 2.0885234 24.822636 0.74127203 1.8228424 0.6834945 6.1776423 0.051406622 -0.021868542
7 3 0.06799009 -8.274684 2.1633208 27.240677 0.7836902 1.7413851 0.6835062 6.7027454 -0.029357785 0.14380553
7 3 0.062491585 -8.062332 2.1617692 26.5283 0.7469635 1.7339036 0.67368233 6.6164703 -0.020347308 0.022077605
7 2 0.060636412 -7.4863253 2.0232394 24.7298 0.69760036 1.8218576 0.66516894 6.078191 0.08684639 0.15057
7 2 0.06006454 -7.6084213 2.1810095 25.409805 0.67239374 1.747373 0.5988244 5.978087 0.043086484 -0.005446136
7 5 0.05947716 -12.36675 2.3805943 38.44496 2.3897748 1.7159735 1.107536 4.9827356 0.055305377 0.061181046
7 3 0.059039105 -8.079687 2.2317345 26.932322 0.7135889 1.7565173 0.666404 6.7478595 -0.03741833 0.11683882
7 2 0.05843164 -8.027748 2.2296262 26.735533 0.63452643 1.7265104 0.5822166 6.211866 0.0848478 0.12016941
7 5 0.05775442 -18.265467 2.689396 54.656574 4.47836 1.701761 1.9079483 5.966747 0.040523462 0.07819721
7 3 0.057315074 -8.033272 2.151653 26.792894 0.76817024 1.7477118 0.67633337 3.676279 -0.07045769 0.1609155
7 2 0.05343714 -7.009263 1.949852 23.276749 0.8324428 1.799215 0.68222684 3.757755 0.062224858 0.18742228
7 2 0.050620623 -7.6167183 2.023177 25.258373 0.7411177 1.8240032 0.63315594 6.322508 -0.03155066 0.040596798
8 8 0.05137785 -23.110573 2.5785637 27.28643 0.36901987 0.90554404 0.39822698 2.7171721 -0.0069813915 0.016045552
