0 5 0.07421639 -57.527878 3.3702111 68.51301 4.4229636 1.6468182 1.8937807 3.7628355 -0.058946364 9.292643
0 5 0.07176124 -57.38267 3.3663423 68.24164 4.437246 1.6736374 1.9096158 3.7832074 -0.053301804 8.282689
0 5 0.07006035 32.74398 0.61338365 37.656433 4.651568 1.6903039 1.949193 5.7944727 0.017746238 6.20547
0 5 0.07003351 -56.667873 3.400907 67.7588 4.412766 1.658035 1.9328123 3.8673244 -0.0012394208 7.1620755
0 5 0.05964881 -56.178814 3.4147391 67.87098 4.3670864 1.676384 1.922873 3.9864402 0.011345031 5.8994155
0 5 0.05837265 -8.274772 1.7026663 40.761547 11.93037 2.9708815 2.9509997 2.4052322 0.036928654 -2.4513483
0 5 0.05170232 33.068108 0.61371666 38.88131 4.6620865 1.6715654 1.9572551 5.7312446 0.0335863 4.4531856
0 5 0.050541673 33.12018 0.46841243 38.12219 4.722055 1.7058347 1.967748 5.7566075 0.012436999 6.9174056
0 5 0.050250802 -55.727737 3.371433 67.242134 4.331977 1.6586419 1.8941386 3.9726746 0.023337713 6.2508965
3 5 0.46141523 -8.274772 1.7026663 40.761547 11.93037 2.9708815 2.9509997 2.4052322 0.036928654 -2.4513483
3 5 0.15601961 -8.409273 1.8133321 41.95826 11.983503 3.0757937 2.930003 2.4754057 -0.004601824 -1.424723
3 5 0.12724845 -9.312538 2.1972716 46.178123 11.23716 3.2683485 2.9680405 2.5583415 -0.052160636 -0.37410918
3 5 0.123939894 -8.891811 2.7315435 45.767906 11.4736 3.3484154 2.992705 2.652118 -0.0106131295 -0.8469531
3 5 0.12128638 -8.366197 1.6631016 41.50329 12.265786 3.0513299 3.0194814 2.3882062 0.014823319 -0.8191936
3 5 0.11352034 25.559566 1.197678 142.35779 12.672185 3.2304466 3.0292325 4.8584933 0.05453851 5.9975247
3 5 0.11082368 -9.561217 2.8320067 45.14419 11.37192 3.3561056 2.9356008 2.5939515 0.045758322 -1.225884
3 5 0.09125152 25.724792 1.2719233 144.91081 12.719205 3.221979 3.0744832 4.875467 0.01768653 6.272973
4 5 0.059124567 -8.274772 1.7026663 40.761547 11.93037 2.9708815 2.9509997 2.4052322 0.036928654 -2.4513483
7 3 0.46459675 -6.8116693 2.0272808 17.1717 0.7134063 1.7189703 0.7045025 6.5394826 0.2746395 0.30461
7 3 0.2940164 -6.8304877 2.0686576 17.297316 0.7455941 1.7456267 0.7391666 3.5579119 0.29862553 0.35103846
7 3 0.28866693 -7.016585 2.0943925 17.707346 0.72696966 1.7276906 0.6433539 6.463519 0.16072394 0.35406393
7 3 0.20654204 -7.1314597 2.1314113 18.070066 0.75551724 1.7071456 0.70919055 3.5667703 0.257663 0.44084403
7 3 0.11829776 -6.4386497 1.8750967 16.227535 0.584933 1.8176099 0.60036755 6.653935 0.15092474 -0.013186638
7 3 0.1156987 -6.4446774 1.8701452 16.334806 0.6423135 1.801965 0.64231855 6.1674385 0.21902627 0.049847357
7 2 0.11377125 -6.9282594 2.0100703 17.44055 0.6743378 1.7157207 0.66710675 6.6129994 0.16069128 0.09941484
7 3 0.099058695 -7.67308 2.0953212 19.205667 0.64630014 1.6597967 0.6552546 3.7569585 -0.04380612 0.28701264
7 2 0.09011584 -6.991721 2.0379968 17.601637 0.6639517 1.699712 0.6270808 6.3769298 0.12099861 0.26456273
7 3 0.08447975 -7.689426 2.1945932 19.274174 0.70010775 1.6556735 0.6433745 3.7178025 0.022464426 0.1073186
7 2 0.080582105 -6.501836 1.9575658 16.426952 0.7818792 1.7431742 0.72998065 3.5922406 0.36543038 0.31853673
7 3 0.07964644 -7.353109 2.0308423 18.351864 0.62165743 1.6263837 0.62827086 3.7470505 -0.06986902 0.3316412
7 3 0.06223943 -7.603999 2.166527 19.034895 0.6973892 1.6315808 0.65946084 3.695211 0.034435898 0.23148504
7 2 0.057098724 -6.6061277 1.9896667 16.743755 0.7368425 1.7337353 0.72434336 6.549687 0.36308968 0.51858705
7 3 0.050014377 -6.8901453 2.1130638 17.333765 0.6869216 1.7246524 0.62981856 6.540178 0.13959871 0.19730026
8 8 0.08531371 19.367304 1.472162 25.28379 0.34791195 0.63153243 0.39115414 5.277134 -0.11369308 0.035576437
8 8 0.06961901 19.552238 1.5307496 25.631372 0.35881513 0.6362324 0.38851732 5.177944 -0.11015332 0.005582245
8 8 0.06610409 19.763338 1.44418 25.515417 0.3444455 0.643227 0.39015883 5.326887 -0.09077831 0.061874025
8 8 0.05020099 19.489157 1.4549831 25.479202 0.34877726 0.6341514 0.36911523 5.111058 -0.10456562 0.04725895
