0 5 0.38741404 -9.462439 2.281771 31.888737 5.046429 1.9274186 2.0619726 1.9858795 -0.0781888 -3.9438467
0 5 0.19203691 -9.939319 2.2951686 33.876507 4.7819185 1.8549873 1.9933017 2.1598098 -0.088942386 -2.490612
0 5 0.18231921 -9.8359165 2.1742258 33.597942 4.863279 1.8718858 2.0485003 2.1472425 -0.009337925 -1.7750318
0 7 0.13359083 36.64901 0.36025238 43.406536 4.157059 1.6652466 1.8418823 5.7104445 0.05035855 2.7395923
0 5 0.13245966 -28.677082 2.833377 62.184242 4.40622 1.6308078 1.8867308 1.6563091 -0.03735261 0.015687648
0 5 0.11198555 -9.675609 2.3116155 32.58768 4.914212 1.8788118 2.0304468 1.9594924 -0.06419799 -2.5855153
0 5 0.10928692 -10.237458 2.210047 34.387283 4.8557734 1.8898894 2.038078 2.1235735 -0.0056202076 -1.6113681
0 5 0.09835609 -9.317353 2.8259978 92.696236 4.684721 1.5032424 1.953629 2.030099 -0.012213048 -6.065512
0 5 0.09580362 -4.629288 2.5966349 95.480385 4.659635 1.5696659 1.9684097 1.5173562 -0.030506015 -6.318873
0 5 0.09373035 -4.6245604 2.5482264 94.6795 4.6862717 1.5887828 1.9710519 1.5394262 -0.0016867965 -5.946258
0 5 0.09350231 -9.641457 2.2932625 32.275803 4.907328 1.8871582 2.0216815 1.9303858 -0.0852491 -2.3457744
0 5 0.08485688 -9.721321 2.9099286 93.90947 4.653215 1.5339178 1.950784 2.0108697 -0.013364876 -5.519384
0 7 0.081981555 37.019127 0.35055295 43.805786 4.180674 1.660572 1.8486861 5.6930094 0.07288011 2.9780235
0 7 0.07998033 37.71339 0.3396225 44.466152 4.150092 1.6482807 1.841902 5.7147264 0.051975437 2.692839
0 5 0.07947333 -9.728824 2.3122687 33.268456 4.7792044 1.8692658 2.0126185 2.1232524 -0.04658428 -1.184207
0 5 0.078748554 -29.084051 2.905686 62.79263 4.392875 1.6107093 1.8907324 1.6408327 -0.009594459 0.028005905
0 5 0.073284194 39.752697 0.21739262 47.619865 4.493455 1.6944742 1.9564099 5.760412 0.078489475 0.6796466
0 5 0.07258236 -0.29615656 2.299978 109.95035 4.785448 1.7228013 2.0104084 1.7094946 0.007400373 -1.7758533
0 7 0.07189472 37.193195 0.30240786 44.160706 4.205601 1.6924899 1.8503084 5.716168 -0.01776421 1.9604094
0 5 0.071149886 -3.1472454 2.4159222 95.33798 4.925247 1.7213829 2.0180893 1.5330043 -0.045416284 -2.826721
0 5 0.06948828 40.513466 0.20671111 47.651043 4.472185 1.6806277 1.9149528 5.7885146 0.03131535 2.656762
0 5 0.06876684 -2.2346532 2.1470861 101.22814 4.9408784 1.7706826 2.0349934 1.5736768 -0.033381835 -2.2030795
0 7 0.067006305 37.497036 0.29624587 44.752216 4.2401605 1.6951228 1.858872 5.728544 0.026963154 0.46621153
0 5 0.066100866 -28.858578 2.864138 62.480396 4.403286 1.6377835 1.8932282 1.624224 -0.04358907 0.035850927
0 5 0.065621585 -4.544205 2.5327353 93.05309 4.6873174 1.5818611 1.952289 1.5263911 -0.06787919 -4.695432
0 5 0.06329572 0.09104759 2.4837906 110.75105 4.958528 1.7701969 2.0519793 1.7675425 0.07313458 -1.563527
0 6 0.062719725 -29.945168 3.2461264 65.51091 4.493654 1.5941666 1.9093796 1.7425488 -0.008664422 -0.022273077
0 5 0.060491122 40.83939 0.26905328 48.194946 4.4973674 1.6934435 1.9623007 5.795997 0.032252364 2.327625
0 5 0.059866674 -3.3679328 2.467826 94.61474 4.893141 1.7166979 2.0186784 1.534072 0.0028010812 -3.954421
0 5 0.05868924 -4.6318207 2.5987394 93.83843 4.6248837 1.5571721 1.9567428 1.5054016 -0.07037945 -6.2277255
0 5 0.05751073 -8.930529 2.7218473 92.78565 4.712522 1.4854925 1.9570746 1.9341166 -0.014614941 -6.718849
0 5 0.05711398 -9.467674 2.812467 93.82 4.729189 1.5095712 1.9638355 2.0019293 0.008619279 -5.897077
0 5 0.056876916 -10.059091 2.3396783 33.699814 5.0057306 1.8635803 2.0436933 1.9454012 -0.019512674 -0.34516332
0 5 0.05519501 -0.022222638 2.418665 112.40542 4.7516685 1.696409 2.021307 1.8008438 0.006742811 -0.6089296
0 5 0.054651383 -0.27014694 2.3446903 111.62166 4.7772145 1.7187618 2.0137954 1.7137904 -0.024595995 -1.5999676
0 5 0.052827876 -10.578538 1.9113158 35.523586 5.669579 2.3567536 2.0699124 2.0468683 -0.052789487 -1.5747219
0 5 0.052817564 -9.835492 2.9255548 94.30656 4.681363 1.5320445 1.9484385 1.99647 0.011100937 -5.1191406
0 5 0.05263981 -4.7957163 2.6116495 96.81233 4.655963 1.559701 1.9483407 1.4938525 -0.033385236 -6.4066253
0 5 0.050285123 -10.410324 2.1897013 35.51995 6.2293243 2.676561 2.2921746 2.0374284 -0.04180954 -2.743416
3 5 0.42617545 16.648968 1.0480318 54.089622 11.851993 3.177903 2.841443 3.1740687 -0.055598833 -0.384206
3 5 0.3736902 15.850562 1.1215241 52.830173 12.093431 3.221467 2.9880729 3.2121472 -0.088219106 -0.7450482
3 5 0.25063464 16.927496 1.1031895 54.935265 11.767327 3.254276 2.846127 3.283638 -0.006771678 -0.18099129
3 5 0.19824015 15.99943 1.1331881 53.347286 12.026669 3.3452377 2.88783 3.2636359 -0.032895684 0.30063966
3 5 0.14170744 17.123957 2.2226791 54.28957 12.310427 3.321055 3.0658796 3.703051 0.03763494 -0.52640396
3 5 0.100218326 17.051487 2.1005702 54.624554 11.885066 3.272319 3.095267 3.4326396 -0.012890302 -0.72916466
3 5 0.08881137 17.262888 1.6203378 56.37067 12.268046 3.1451697 3.0074856 3.6826725 -0.020600418 -0.16652772
3 5 0.086800225 16.512188 1.1745639 53.02004 11.973744 3.169216 3.0503936 3.1647413 -0.07965886 -0.63487697
3 5 0.085323684 16.623964 1.5604382 52.229572 12.123009 3.2051811 3.1264868 3.4376318 -0.044905886 -0.15597674
3 5 0.08463172 16.515326 2.8163972 55.543667 11.620663 3.208247 2.9169238 3.635692 0.0637411 -0.059131872
3 5 0.0837509 16.457722 1.2460312 54.980263 12.0025015 3.2028806 2.825821 3.1679623 -0.09501121 -0.5122221
3 5 0.080011785 17.45983 1.5220671 53.666973 12.226895 3.106376 3.0623026 3.7519574 -0.055691987 -0.21738356
3 5 0.07620591 16.564228 1.1449016 55.303516 11.786879 3.2497926 2.8179407 3.1865768 -0.024716098 -0.022100726
3 5 0.06907349 16.265747 1.0706758 52.106415 12.085922 3.166881 2.941674 3.2915554 -0.028782047 0.017850041
3 5 0.06897344 -12.880112 1.1348137 48.347816 10.9688225 4.322843 2.717056 1.2157526 0.06623676 -0.01884155
3 5 0.0687312 16.422672 1.6059155 52.273026 11.923689 3.1405008 3.1465974 3.6741936 -0.02370275 -0.024000173
3 5 0.06718151 -12.588082 1.2023822 46.58665 10.743311 4.325453 2.6801667 1.0872492 0.05791392 0.923483
3 5 0.061095234 16.601917 1.8885118 52.625237 11.698242 3.2233202 3.0169504 3.39779 -0.0295429 -0.432531
3 5 0.059261657 11.73808 1.56483 66.56544 8.805148 3.1940498 2.8303123 3.0686965 0.013335371 -0.03182474
3 5 0.05641488 10.931824 1.5739785 65.54828 8.983078 3.377095 2.8242288 2.9924872 0.034934193 -0.29340413
3 5 0.05606406 -13.349315 0.6966386 49.362343 11.285206 4.3821073 2.6166322 1.1007112 0.06258074 0.9180139
7 3 0.43855795 -7.0375266 2.0713665 17.911774 0.71334016 1.7277771 0.63727766 6.3552423 -0.00023966655 -0.012613459
7 3 0.2165386 -7.185718 2.1061814 18.251074 0.70211464 1.7310058 0.6297268 6.460659 0.084494516 0.06233181
7 3 0.1700515 -7.4565496 2.1144426 19.035099 0.6593387 1.7367822 0.637849 6.376885 0.11855293 0.003950756
7 3 0.10074791 -7.1221285 2.0755863 18.231369 0.7460015 1.7540634 0.6653156 6.368318 0.09289575 -0.06709598
7 3 0.09194146 -7.177253 2.0915945 17.943937 0.47374249 1.7670206 0.5450853 3.2146678 0.076301716 -0.074874386
7 3 0.08189439 -7.509831 2.101356 19.030039 0.8492927 1.8183291 0.7596071 1.4949684 0.05233763 -0.06214136
7 3 0.073647596 -7.4229274 2.0964255 18.751982 0.6330692 1.7057252 0.6092364 6.228485 0.06912604 -0.056282796
7 3 0.07280833 -7.6498227 2.116384 19.639563 0.6543969 1.7264 0.59659874 6.374504 -0.021944128 -0.03625628
7 3 0.06939555 -7.447476 2.0678153 18.916685 0.69356334 1.6719633 0.6183834 6.6431108 -0.010698369 -0.061314568
7 3 0.051313937 -7.673086 2.1652036 18.860897 0.660326 1.7221739 0.61839026 6.1834517 0.013857977 0.004321834
7 3 0.050949287 -7.2631955 2.1097317 17.971836 0.6892078 1.70546 0.61252105 6.2606688 0.0824506 0.06684705
8 8 0.09073259 19.749666 1.6288712 26.124329 0.4115499 0.6503586 0.4280672 5.7725854 -0.07060298 -0.017131776
8 8 0.08605663 19.909939 1.5783556 26.349413 0.42611417 0.6373826 0.41268915 5.7378006 -0.06491397 0.00089914165
8 8 0.07042605 19.963736 1.6545422 26.513594 0.42207974 0.668742 0.42055476 5.8481455 -0.07358586 -0.0015251264
8 8 0.06480396 20.069984 1.62093 26.65706 0.4330123 0.6555687 0.41163284 5.8163066 -0.06699544 0.020838235
8 8 0.06300578 19.600399 1.5469127 25.819262 0.43428075 0.6077322 0.42707714 5.5997896 -0.04479742 0.0016279295
8 8 0.062166125 19.33106 1.5722023 25.458557 0.41633663 0.6277744 0.43801218 5.666346 -0.052689523 -0.019255508
