0 5 0.32245028 -10.464088 2.3572352 31.244406 4.8940635 1.9198419 2.008907 1.887931 -0.0042800363 -2.1797385
0 5 0.25590914 -10.1702585 2.2572541 30.645077 4.8948193 1.9022976 1.9796975 1.9220908 -0.1262774 -2.3045473
0 5 0.20083472 -10.940507 2.394453 33.562775 4.755044 1.8702451 2.0128248 2.11484 -0.014775194 -1.1149505
0 5 0.17715664 -10.095223 2.238079 30.359741 4.874279 1.8752762 1.9664415 1.9061193 -0.08532822 -3.2172463
0 5 0.17416756 -11.652303 2.5290303 34.37783 4.7630124 1.9081975 2.0088894 2.0513887 -0.038415622 -1.9215089
0 5 0.13466118 -10.940554 2.5146 33.185867 4.7232018 1.9092829 1.9753673 2.071998 -0.013279611 -0.22029972
0 7 0.12517466 36.924496 0.3349738 43.732018 4.155166 1.6371925 1.8317913 5.706766 0.050902084 3.2764268
0 5 0.120928735 -10.310244 2.4749236 30.132076 4.68825 1.9067993 2.0023966 2.002265 -0.096104756 -0.05624655
0 5 0.11193028 -8.662104 2.7664604 90.2945 4.6681476 1.4933593 1.9486809 2.037461 -0.021011205 -5.6431413
0 5 0.10977445 -32.962475 3.0667195 66.71793 4.338159 1.5633037 1.8791766 1.5336759 -0.04781025 -0.027286319
0 5 0.100337505 -11.325034 2.3538408 32.84715 4.698388 1.8487197 1.9898275 2.1195297 0.013716122 -0.6954671
0 5 0.09032475 -4.6008596 2.5619178 93.77728 4.6751957 1.5614424 1.965238 1.5642451 -0.029228676 -6.1824913
0 5 0.08451428 -11.344776 2.5357013 33.61981 4.6971292 1.8275536 1.9953326 2.0229938 -0.07183081 -0.022269793
0 2 0.08220591 -7.576005 2.079638 19.26109 0.8256353 1.7452459 0.7433518 3.9659152 0.004075313 0.058156542
0 5 0.07998309 -32.56049 3.006755 66.52723 4.3106027 1.5881637 1.8735843 1.5375402 -0.023956874 -0.03702074
0 5 0.07725317 -9.330682 2.86242 92.17046 4.620176 1.5365592 1.946134 2.0246325 -0.010784031 -4.9874687
0 7 0.07412802 37.217007 0.33367783 44.025837 4.1812778 1.6394882 1.8393469 5.7013917 0.059659325 3.59711
0 5 0.073247455 -0.69093114 2.3451712 109.27828 4.887937 1.7570485 2.0291684 1.696099 -0.000300752 -2.4106872
0 7 0.07309845 38.241447 0.32073617 45.099613 4.153901 1.6247019 1.8330809 5.709363 0.054321207 3.377263
0 5 0.0722473 -2.2350636 2.1870427 102.95781 4.9856257 1.7856 2.040803 1.6123793 -0.033588164 -2.297836
0 5 0.07180124 -2.8936226 2.3735237 96.92679 5.0138006 1.7652912 2.0383222 1.5889229 -0.04974451 -2.6097245
0 5 0.071177274 39.236675 0.0022765398 47.048954 4.568794 1.7346206 1.9731704 5.7562284 0.03575366 0.90655136
0 5 0.06892048 -33.159966 3.0644917 66.815605 4.3007293 1.5575151 1.8629842 1.5936663 -0.06921646 -0.040425375
0 5 0.06558977 -7.6385484 2.0762093 19.49303 0.6534329 1.7672502 0.6489659 1.2194372 -0.024153419 -0.001525972
0 5 0.06535253 -8.52567 2.6601403 89.72953 4.6973186 1.4783142 1.9537553 1.9791615 -0.012054911 -6.3098044
0 7 0.06364792 38.446716 0.29319233 45.496 4.176256 1.6536827 1.8372357 5.7122574 0.013467962 4.1293154
0 5 0.06361047 39.8087 -0.023007512 46.789543 4.5706553 1.7405498 1.9427205 5.768561 0.06514388 1.4830735
0 5 0.06355258 40.18366 0.12169933 47.17611 4.5341306 1.715954 1.923811 5.7840023 0.047776073 1.4079356
0 7 0.06351999 37.72211 0.284858 44.80612 4.2023997 1.6681072 1.8460503 5.712065 -0.0013922341 2.479681
0 5 0.06321039 39.80509 0.17083484 47.63977 4.5165653 1.7070146 1.9552921 5.7467203 0.08490099 0.07723301
0 5 0.062923074 -8.911081 2.304567 26.182766 2.1991699 1.8477111 1.2983968 2.014973 0.00023684464 -0.7171916
0 5 0.061763037 -4.5086317 2.5193915 91.938614 4.6906486 1.5740645 1.9474471 1.5785254 -0.06735649 -4.523779
0 5 0.0610206 -8.772362 2.7465663 90.81477 4.717024 1.5026288 1.9605671 2.0220094 0.010679079 -5.4234467
0 5 0.059696417 -3.193024 2.434224 95.34072 4.9323564 1.7268163 2.0186424 1.5968379 -0.00025898777 -3.6718442
0 5 0.059345033 -11.177804 2.4497457 32.38255 4.673993 1.8337127 1.979833 2.0763752 -0.07196006 -0.11833096
0 5 0.0576859 -7.537266 2.0938246 22.245445 1.0806973 1.8127522 0.79083675 1.7608662 -0.062197506 -0.9378748
0 5 0.057612475 -0.6572445 2.354953 111.12034 4.796218 1.7329665 2.0191152 1.6937106 -0.025687013 -2.1117568
0 5 0.054473154 -0.15568915 2.4662457 109.11287 4.846159 1.7333552 2.029079 1.7576033 0.051627837 -2.281841
0 5 0.05143599 -4.708016 2.576659 94.833534 4.6595073 1.5474998 1.9458184 1.5482478 -0.03359806 -6.182755
0 5 0.050779272 40.8341 0.22129554 48.10249 4.532972 1.7074534 1.965862 5.778043 0.04053016 1.364629
3 5 0.54274493 15.28782 1.0096784 53.633785 12.13258 3.1609905 2.9048245 3.2222733 -0.07810208 -1.1735009
3 5 0.30957124 15.627345 1.074211 54.039 12.045812 3.2795966 2.8775728 3.2669885 -0.002578416 -0.8699669
3 5 0.1867712 14.796702 1.0786748 52.723743 12.158673 3.1334522 2.9859579 3.163426 -0.086051986 -1.0600952
3 5 0.16146448 15.449722 1.0882527 54.357178 11.809465 3.1854112 2.8361883 3.2977896 -0.012858513 -0.6375474
3 5 0.12165564 16.042269 2.1601524 53.935436 12.271259 3.3156786 3.1931834 3.5912144 -0.023773918 -1.4754473
3 5 0.1182981 15.089049 2.6744828 53.386868 12.196665 3.334571 2.9585114 3.643092 0.066667825 -0.45467255
3 5 0.11649789 15.693707 1.6178589 54.42598 12.523265 3.1661747 2.9919736 3.7541864 -0.011247151 -0.23479843
3 5 0.10748049 15.276689 1.5414171 51.452988 12.352762 3.1746686 3.1353216 3.5836618 -0.07192299 -0.20636725
3 5 0.106055304 16.270334 2.2635763 53.659157 12.642385 3.3852136 3.1590912 3.7544181 0.033074506 -0.2662226
3 5 0.09449544 -14.350224 0.67660666 52.53792 12.021326 4.6336803 2.8240757 1.3086551 0.0882585 -3.2124932
3 5 0.094014876 -13.848048 0.84517527 51.214138 12.135684 4.692518 2.827675 1.2712274 0.08509079 -2.9102404
3 5 0.0906483 36.89417 -0.13887954 58.262775 11.773939 3.7759843 2.8192427 5.1932335 -0.06259879 -0.033262327
3 5 0.07838332 -14.574025 0.40439785 54.060486 12.28203 4.6903076 2.764139 1.2277879 0.09887598 -2.9071426
3 5 0.073952384 -15.001825 0.37068546 55.13166 12.003708 4.6149836 2.7432775 1.2568349 0.1239155 -3.266713
3 5 0.07176449 35.828697 -0.1691593 57.069542 11.917465 3.8511121 2.8443196 5.2695484 -0.037056632 0.01481821
3 5 0.06821972 16.12912 1.6644666 51.32197 12.384432 3.1584933 3.0663342 3.8895314 -0.0511956 -0.15419838
3 5 0.062010273 14.79947 2.0148373 52.705345 11.852905 3.2552018 3.1556487 3.6067417 0.0028845351 -0.094753094
3 5 0.06084498 36.764175 0.08104336 57.768475 11.878344 3.7487059 2.927212 5.323783 -0.054030523 0.039429232
3 5 0.058753904 37.001324 -0.15145838 58.255497 11.608047 3.8308504 2.8706207 5.0308 0.053868182 -0.01763902
3 5 0.053051256 22.426947 1.1202316 53.617943 11.979259 3.1308408 2.9146013 4.7560186 0.016075587 0.84252894
3 5 0.052472834 10.4257965 1.6961141 75.38954 8.620143 3.226911 2.7334309 3.161057 0.03479652 -0.6064565
4 5 0.06519736 15.28782 1.0096784 53.633785 12.13258 3.1609905 2.9048245 3.2222733 -0.07810208 -1.1735009
7 2 0.4324857 -7.2413797 2.0667107 18.345407 0.7681822 1.7415633 0.6881236 3.8802907 -0.053794704 0.11696436
7 2 0.27112603 -7.324816 2.0487924 18.542747 0.7367581 1.7166133 0.6530665 0.691916 -0.07043377 0.0822842
7 2 0.22121179 -7.1275525 2.089683 18.158737 0.8161034 1.7682271 0.73774326 0.7391937 -0.022718938 0.0019881558
7 3 0.1894421 -7.3362103 2.0749838 18.643806 0.7900072 1.7427735 0.6586949 0.72397316 0.17902695 0.30414274
7 3 0.14894727 -7.620266 2.0861294 19.30988 0.76669276 1.6834403 0.6747277 4.1125445 -0.13035305 0.1050973
7 2 0.124946475 -7.576005 2.079638 19.26109 0.8256353 1.7452459 0.7433518 3.9659152 0.004075313 0.058156542
7 3 0.11757918 -7.099213 2.039297 18.019873 0.7804104 1.7531298 0.69929236 0.6601446 -0.04876426 -0.053105943
7 2 0.10133081 -7.3319397 1.9854513 18.656483 0.6719627 1.7179382 0.6127493 0.7262917 -0.07125615 -0.14082152
7 3 0.09249933 -7.342244 2.1075764 18.603014 0.754795 1.6747446 0.666116 4.150684 -0.099049516 0.04566329
7 5 0.08064378 -7.6385484 2.0762093 19.49303 0.6534329 1.7672502 0.6489659 1.2194372 -0.024153419 -0.001525972
7 3 0.058328655 -7.6880045 2.0846376 19.4374 0.715337 1.6491928 0.6473481 4.0804515 -0.07247808 0.06941173
7 5 0.05595815 -10.464088 2.3572352 31.244406 4.8940635 1.9198419 2.008907 1.887931 -0.0042800363 -2.1797385
7 2 0.055706672 -7.4813304 2.1373801 18.96257 0.7218066 1.6882222 0.65241975 4.113315 -0.14174975 0.101759516
7 3 0.05459551 -7.772737 2.0601256 19.724949 0.69797134 1.6632835 0.6530009 0.94297695 -0.1364031 0.037666548
8 8 0.096222214 19.496317 1.5742224 25.708824 0.46323842 0.60610867 0.44587773 5.604926 -0.077709444 0.0063913744
8 8 0.080053456 19.586857 1.6347843 25.811407 0.4620098 0.62570494 0.48303908 5.667558 -0.070904754 -0.000551207
8 8 0.07022573 19.37265 1.5595999 25.485405 0.46628246 0.57929075 0.4736229 5.5114527 -0.0373417 0.0104263425
8 8 0.0607895 19.318447 1.5942082 25.40426 0.45950496 0.59297127 0.5010987 5.572092 -0.058602013 -0.0009076521
8 8 0.05457135 19.544653 1.6038938 25.845407 0.4904269 0.6231212 0.44851154 5.7036123 -0.082522735 0.015614707
