0 5 0.30507183 34.0442 1.6187649 46.724953 4.445532 1.5756099 1.9026617 3.2618368 -0.0052029938 -0.46793258
0 5 0.15696271 33.899166 1.5736549 46.49441 4.404819 1.5541401 1.8972315 3.2896109 -0.0031856084 -0.020219048
0 5 0.14149657 33.707256 1.5774076 46.346096 4.3710456 1.5719246 1.8935332 3.2465503 -0.0180388 -0.5888219
0 5 0.09783487 -4.66739 2.516922 91.88273 4.6913934 1.5472434 1.9643232 1.7957425 -0.042308412 -4.823018
0 5 0.095034935 -7.7333627 2.5422482 82.17744 4.552575 1.5078596 1.9159031 2.1607325 -0.06862612 -3.8115215
0 5 0.09422881 0.28101614 2.3033812 113.22109 5.3048224 1.9443451 2.1042404 1.7697518 0.07857343 0.51071787
0 5 0.081433184 -0.16702917 2.1615973 112.9888 5.495902 2.0334048 2.1278012 1.725134 0.02050546 -0.17557392
0 5 0.079838485 -7.846257 2.5546663 85.02688 4.603986 1.4939743 1.9373754 2.12221 -0.040212728 -4.6567316
0 5 0.07844315 36.330658 1.7639918 49.467266 4.273774 1.5885642 1.8676956 3.4315455 -0.028729003 0.020154912
0 5 0.0780481 -8.301347 2.5331795 79.575485 4.5068164 1.5525402 1.9083809 2.1608934 -0.051243387 -2.9868817
0 5 0.075187124 -3.01968 2.2890575 98.06049 5.202207 1.7667141 2.0542693 1.7014326 -0.07208134 -2.1034515
0 5 0.07481306 -2.0324378 2.0234668 105.81322 6.1127567 2.1685834 2.199918 1.6821953 -0.04373332 -1.7731683
0 5 0.0695653 34.193535 1.6267598 46.92828 4.388873 1.583825 1.894406 3.2598605 -0.040476054 -1.2716442
0 5 0.067891195 32.586006 1.586889 44.519146 4.44281 1.5707315 1.8998995 3.2761815 -0.05117961 -0.13342252
0 5 0.06489469 -4.6679354 2.5424092 91.364655 4.66119 1.5317994 1.9509684 1.8373755 -0.06258006 -5.296914
0 5 0.06455345 -4.681065 2.517694 90.855354 4.64233 1.5210531 1.9593464 1.8137165 -0.074628934 -4.576506
0 5 0.06240196 -6.7401285 2.5758889 88.02787 4.668336 1.5033771 1.9551872 1.9696912 -0.031174682 -4.861124
0 5 0.060093515 37.546803 1.7295399 52.093784 4.2329483 1.5979117 1.8541932 3.3359525 -0.012739558 -0.064260855
0 5 0.05986068 0.073370546 2.2375746 113.52247 4.9672446 1.7822255 2.0521054 1.7762126 -0.01625273 1.6118729
0 5 0.05735399 -7.673072 2.5633597 82.6492 4.5507708 1.5254269 1.9120426 2.108521 -0.057863265 -3.6552134
0 6 0.056135707 -11.497046 2.3258622 69.47986 4.3906226 1.5730838 1.8989103 1.956958 -0.089264214 -0.09460309
0 5 0.055810053 46.408848 0.42759094 55.253773 4.38875 1.6551111 1.9084107 5.7146034 0.041813992 3.0426009
0 5 0.055805616 -11.841262 1.8380463 41.315536 11.517842 3.3960097 2.8851025 1.8616755 0.0059485473 -0.04501857
0 5 0.055632744 47.082325 0.31266648 56.939827 4.3863635 1.6471506 1.9032028 5.7270446 0.02197736 3.3286529
0 5 0.05528462 0.61759555 2.3419933 111.22519 5.0768785 1.8569242 2.0837834 4.9020996 0.092164546 1.3296422
0 5 0.05471855 45.7883 0.4983533 54.568775 4.4041157 1.6472243 1.9053332 5.688842 0.04765255 3.352044
0 5 0.054193806 47.220676 0.24249107 57.744545 4.357858 1.6446162 1.8920853 5.728056 0.017960517 4.1274853
0 5 0.053990178 38.38896 1.7960993 53.60424 4.1708317 1.5929217 1.866968 3.3176107 -0.020434715 -0.05499024
0 5 0.051858973 46.505833 0.3651193 56.018444 4.3928237 1.6455028 1.9001799 5.705443 0.0071258117 3.7512598
0 6 0.05184323 -11.200193 2.268785 64.73203 4.418815 1.5903344 1.9046731 1.9162287 -0.08135988 -0.1280883
0 5 0.051319405 33.194347 1.5321383 45.33119 4.48004 1.5731596 1.9119359 3.3053453 -0.04897929 -0.047987886
0 5 0.051034953 46.598656 0.4415002 55.086933 4.3795495 1.6670239 1.9085284 5.7302785 0.034341507 3.1991498
0 5 0.05050564 -3.4705937 2.3736563 95.45617 4.952975 1.681927 1.9957322 1.7069821 -0.023386542 -3.0988839
1 5 0.053151324 -2.0324378 2.0234668 105.81322 6.1127567 2.1685834 2.199918 1.6821953 -0.04373332 -1.7731683
3 5 0.312183 -11.841262 1.8380463 41.315536 11.517842 3.3960097 2.8851025 1.8616755 0.0059485473 -0.04501857
3 5 0.19918278 -18.120892 2.4946086 39.75304 11.767193 3.480156 2.9037898 5.1824703 0.021367082 -0.05076966
3 5 0.15900491 -11.469058 1.6983755 41.836132 11.463225 3.3626642 2.87305 1.9817443 -0.0372103 -1.4452244
3 5 0.15668164 -17.38582 2.2463431 32.613426 12.104063 3.4961164 2.84791 1.8242345 -0.028050043 0.94095796
3 5 0.14513455 -17.567705 1.9028949 39.460884 11.780052 3.4392745 2.9603086 5.207628 0.006281914 -0.17638856
3 5 0.1347166 -16.205143 2.4723716 39.69827 11.532386 3.4006176 2.863195 2.0257318 0.032022364 -0.05843521
3 5 0.13187893 -17.226755 2.279018 31.99306 11.904402 3.4796817 2.8205228 4.8968945 -0.027605852 1.6474842
3 5 0.11237756 -12.121741 1.6619394 42.62878 11.500596 3.4655933 2.9667428 5.1118994 -0.010306489 -0.31814343
3 5 0.10452367 -15.783136 1.8292937 39.54974 11.575358 3.3657296 2.9563754 2.017364 0.0033464376 -0.10774269
3 5 0.10214892 25.137363 1.2702539 137.68398 12.702727 3.0754588 3.0574722 4.8508945 0.011221675 4.618341
3 5 0.081861146 -11.187739 1.6867675 40.69432 11.398456 3.3933508 2.9112167 1.9825635 -0.070530035 -0.62728983
3 5 0.080020174 -19.296618 2.9214864 36.88453 11.413521 3.6753037 2.8753264 5.26061 0.027385497 0.043564618
3 5 0.07790784 -8.99067 2.1767979 23.420746 2.774523 2.2007296 1.4570342 5.422807 0.068813875 0.05245664
3 5 0.075425275 -12.353168 1.912062 41.502316 12.434127 3.5210786 2.9265172 2.0803273 -0.021722239 -0.16677138
3 5 0.07193231 -6.6671486 1.8029854 16.936836 1.2767067 1.8095392 0.9551944 4.909237 0.13629702 0.09024541
3 5 0.06790501 -16.79638 2.70174 37.34333 11.518377 3.6019018 2.8612921 5.3131127 0.037736535 0.011231132
3 5 0.06649909 25.463007 1.2578158 141.7481 12.592233 3.0465312 3.0725708 4.876009 -0.032690592 5.444243
3 5 0.06631685 -18.941233 2.2323456 36.295036 11.485394 3.6808553 2.8371096 5.287562 -0.0021230578 -0.64585483
3 5 0.066100255 -18.56664 2.3653526 33.81593 11.604551 3.453794 2.8374684 5.030888 -0.038536727 1.8540574
3 5 0.058496643 -16.593702 2.209079 38.260235 11.197021 3.38155 2.8248372 5.0956078 0.0075351615 -0.16697949
3 5 0.056891207 -16.201397 2.154303 36.89524 11.497667 3.542956 2.8608606 5.3563075 0.0012375787 0.083410725
3 5 0.05609576 24.420252 1.2890599 133.35986 12.643828 3.1246204 2.9952867 4.8571 0.014531439 4.451609
3 5 0.052814618 -6.608218 2.1303177 16.81264 0.95746464 1.9755801 0.86116374 4.6210804 0.15874669 0.23462299
3 5 0.052255955 -23.51568 -3.9541128 89.19544 11.772384 3.689942 2.9469862 1.1270903 0.0062113274 -1.0633453
7 2 0.40647027 -7.2434344 2.089625 18.117315 0.8737417 1.7524768 0.77248675 6.0726886 0.4087729 0.34186634
7 2 0.31486976 -7.1179843 2.1088035 17.883904 0.9333443 1.7970031 0.81769216 6.1698623 0.37965065 0.2577339
7 2 0.2612177 -7.2952642 2.1094937 18.225697 0.8851141 1.7129872 0.7351128 6.2175093 0.4861139 0.45942277
7 2 0.24421811 -7.335727 2.1315694 18.396067 0.83850694 1.7349476 0.6918534 6.0560226 0.29463825 0.23412678
7 2 0.11225753 -6.740056 1.8717656 17.037428 0.63776106 1.7287415 0.6146633 6.6374483 0.25592187 0.16142827
7 2 0.104254596 -7.8696356 2.095017 19.581858 0.87007934 1.6863768 0.7248948 6.067148 0.15327303 0.13868219
7 2 0.10423819 -6.989169 2.0297096 17.474968 0.8320373 1.8127309 0.76927507 6.2328258 0.314094 0.13225767
7 2 0.103473574 -7.7352633 2.07608 19.222544 0.8701708 1.6806484 0.7396588 6.009447 0.13278106 0.13692263
7 2 0.095073156 -6.8090215 1.90094 17.267464 0.69090694 1.7092162 0.6686689 6.1396003 0.22154963 0.13521957
7 2 0.08260229 -7.7859864 2.1924589 19.307135 0.88840216 1.6624669 0.72103417 6.05708 0.23444037 0.15687138
7 2 0.07221075 -7.1915684 2.125017 17.710287 0.9707168 1.8096433 0.7680746 6.2482424 0.24081264 0.28843218
7 2 0.067396276 -7.222927 2.0610113 18.190365 0.81956226 1.7370591 0.7339916 6.03645 0.37205335 0.35926643
7 2 0.06611972 -7.3878465 2.123419 18.157187 0.90324014 1.7149185 0.70110434 6.2251134 0.4494784 0.6606587
7 2 0.05955749 -7.398339 2.075341 18.594816 0.8358775 1.7278163 0.71643627 6.088728 0.2353036 0.42771578
7 2 0.05598832 -7.979652 2.147944 19.99887 0.8418219 1.7018796 0.7340174 6.1331472 0.11272017 0.15259984
8 8 0.05914786 19.179533 1.4611111 25.00295 0.44689634 0.77491087 0.45840538 5.1844106 -0.09823252 0.046725355
8 8 0.05299374 19.827406 1.5458657 25.86219 0.41707122 0.74174863 0.41738614 5.143889 -0.08852198 0.04943364
8 8 0.051196203 19.566225 1.5064851 25.626389 0.45180133 0.80521876 0.45530203 5.3018885 -0.11177298 0.010016348
8 8 0.05075096 20.030937 1.5867344 26.243313 0.42279595 0.74580294 0.41153982 5.2117405 -0.09078449 0.0053281
