0 5 0.3890126 -12.418181 2.2802682 16.567661 4.611144 1.823656 1.9396895 1.8278549 -0.1205126 -0.28180745
0 5 0.34730458 -12.145928 2.2552629 16.190506 4.591119 1.8190441 1.9365271 1.8097582 -0.087503575 -0.07708387
0 6 0.13752739 -11.903417 2.2703536 15.886327 4.4051747 1.7136997 1.8700992 1.8422829 -0.06087295 -0.025871446
0 5 0.106920995 -9.068994 2.6834269 88.64631 4.6340313 1.5322462 1.9395846 2.1260238 -0.005683085 -4.2864943
0 5 0.1067109 -9.295733 2.7505307 89.902 4.6018987 1.5512888 1.9334798 2.1319544 -0.018067189 -3.361576
0 5 0.10100515 38.82208 0.24502462 45.805077 4.203524 1.682541 1.8416083 5.7653856 0.04425244 4.5749598
0 5 0.09681818 -24.249588 2.2639568 79.375854 4.5321407 1.7039038 1.9483428 4.365361 -0.047285035 12.310755
0 5 0.09138021 40.818066 0.1717596 48.42609 4.5609493 1.6538407 1.9609863 5.8189855 0.024343053 2.065385
0 6 0.08963778 -12.574769 2.319295 16.91063 4.583113 1.8282722 1.8964624 1.8050145 -0.026904028 -0.031238724
0 5 0.0893853 40.112946 0.0017541051 47.70343 4.613103 1.6445916 1.9664536 5.8339567 0.025170134 1.6336986
0 6 0.07868114 -11.702487 2.0525842 15.697544 4.3830132 1.6906792 1.8451462 1.8551626 -0.033207253 -0.01699337
0 5 0.07866334 41.752365 0.14076012 48.66047 4.5547314 1.6478224 1.9243827 5.860222 0.025220016 3.9494374
0 5 0.074713066 40.730133 -0.007233739 47.64978 4.5751443 1.6337305 1.934674 5.8439074 0.054479018 3.9070635
0 5 0.07282498 41.66066 0.22579247 49.24236 4.5639358 1.6490334 1.9606998 5.8417463 0.059899412 3.0800326
0 5 0.07044911 41.775978 0.18478876 50.11503 4.537089 1.6337047 1.9410663 5.843541 0.07473349 2.538772
0 5 0.068417795 39.85857 0.22624362 46.69459 4.209682 1.6805463 1.8405696 5.7927656 0.008011447 3.67462
0 5 0.06840737 -8.538519 2.6397579 88.326195 4.6186566 1.516135 1.9385711 2.0013757 0.00084462203 -4.1872616
0 5 0.065116785 -23.944363 2.253517 78.10098 4.5723343 1.7221129 1.9534184 4.369013 -0.055810913 10.488899
0 5 0.063139014 -24.27079 2.2740269 78.84396 4.5084333 1.703496 1.940528 4.373309 -0.010520216 12.938366
0 5 0.06071319 40.09276 0.23113024 47.211372 4.2456903 1.6997524 1.854709 5.753156 -0.006569974 4.9331636
0 5 0.05993229 39.164677 0.19730091 46.84052 4.250183 1.6507276 1.8481718 5.7178507 0.06811475 3.4945648
0 5 0.05985231 38.43983 0.26751047 45.664276 4.2338533 1.6459028 1.8365313 5.7154264 0.04682401 4.6085978
0 5 0.059050016 41.109386 0.13884228 48.415203 4.580093 1.6368687 1.96594 5.846628 -0.012389487 2.74925
0 5 0.057690788 39.633324 0.21652234 46.99957 4.2474785 1.6822895 1.8624351 5.734538 -0.0027159015 4.742289
0 5 0.056035474 41.980743 0.11543435 51.651344 4.54431 1.6046401 1.9319671 5.9004974 0.036111757 1.3267395
0 5 0.05601525 -9.142993 2.684423 88.88787 4.6464014 1.5522335 1.9482511 2.030377 -0.002133686 -3.9921799
0 5 0.05417613 -9.329271 2.814366 89.47903 4.619826 1.5688959 1.9382331 2.0573506 0.004385814 -3.031011
0 5 0.05348459 -26.37847 2.615471 37.55587 4.523576 1.7124392 1.9355621 1.4289863 -0.0445375 -0.07460216
0 5 0.053016905 41.146675 0.15937126 49.322563 4.5409184 1.6237793 1.9456998 5.833855 0.019457763 2.864749
0 6 0.051755585 -11.540384 2.3906813 15.523767 4.396073 1.7301605 1.8783911 1.8418958 0.005215384 -0.01844215
0 5 0.051360086 -25.33502 2.571756 37.41055 4.514469 1.7061372 1.9299605 1.3650844 -0.0715695 -0.072309725
0 5 0.050929293 -29.114403 2.7270377 40.069798 4.53406 1.7090034 1.9380182 1.5229688 0.010588855 -0.07051568
0 5 0.05037415 -7.705646 2.6553588 89.40533 4.5659842 1.4954808 1.9206322 1.7952045 0.021026911 -3.1626062
0 5 0.050092462 40.24849 0.13216573 48.834602 4.244065 1.6400356 1.8517334 5.721923 0.049401768 3.720944
3 5 0.49185872 6.87744 1.3867435 54.137344 11.911235 3.306425 2.8796299 3.1215107 -0.020412572 -0.53327775
3 5 0.22088213 7.0170445 1.3673916 54.93705 11.669739 3.323941 2.8126843 3.1770058 0.0021058153 0.0028416924
3 5 0.14613594 6.6967416 1.4335955 52.9617 11.949475 3.2794452 2.925138 3.1050675 -0.03369791 -0.0576931
3 5 0.09362395 7.124833 2.1441936 54.05315 12.098997 3.3088214 3.011315 3.2888324 0.026431797 -0.8856308
3 5 0.08346956 7.4077725 1.9366217 57.014763 11.949413 3.3732944 2.9029562 3.3371618 -0.0019065626 -0.1584594
3 5 0.07673527 -16.58941 0.20354629 59.421165 11.240577 4.5610824 2.725588 1.1203799 0.07041681 0.53351307
3 5 0.0729505 6.3877993 2.9677522 55.06868 11.190503 3.3746808 2.7740936 3.2951076 0.04539623 0.062006444
3 5 0.063958846 -17.306276 0.21767735 59.707233 11.789672 4.8813524 2.6956809 1.1380658 0.10333486 -2.0335877
3 5 0.055782266 7.118675 1.5624889 52.90299 12.448887 3.3354926 3.078238 3.2847505 -0.045724448 -0.2044448
3 5 0.055282585 -16.844118 0.060642958 61.455032 11.001789 4.4204082 2.7326548 1.1278585 0.06573367 0.120973594
3 5 0.052422263 7.806721 1.6027544 54.85161 12.129688 3.236542 3.0038767 3.38081 -0.07371663 -0.18152675
4 5 0.058031842 6.87744 1.3867435 54.137344 11.911235 3.306425 2.8796299 3.1215107 -0.020412572 -0.53327775
7 3 0.38338232 -7.353771 2.1599598 18.398153 0.71679103 1.7389854 0.67824465 6.3146496 -0.019369155 -0.007026404
7 3 0.28201836 -7.2235336 2.1308615 18.04891 0.700252 1.7522687 0.63968 6.3979564 0.014533142 -0.012293663
7 3 0.107450314 -7.4828377 2.1874661 18.366903 0.7288014 1.7692425 0.7004433 6.1883593 0.04039964 -0.0044260193
7 3 0.10193915 -7.3685694 2.0857873 18.515566 0.6832137 1.7537398 0.65605104 6.0952835 0.10903744 -0.057666063
7 3 0.082367465 -7.2808566 2.1530328 18.49588 0.668713 1.8075893 0.6438099 6.2138543 0.15040633 -0.026786167
7 3 0.07437538 -7.4837523 2.1733227 18.832989 0.68262225 1.7555743 0.67083704 6.1646547 0.13007802 0.021663185
7 3 0.06861518 -7.4486585 2.0863893 18.513632 0.74149746 1.7385526 0.69977 6.0205603 0.084479444 -0.054349605
7 3 0.06847356 -7.625569 2.0800092 18.939539 0.60913736 1.7041911 0.60326314 0.5197747 -0.044149857 -0.11354764
7 3 0.06734797 -7.163238 2.0741277 18.003925 0.6842394 1.754742 0.63955873 6.2311053 -0.018031446 0.03786919
7 3 0.06616695 -7.6756234 2.079391 19.10381 0.5856095 1.6791915 0.5936329 0.45313972 -0.04670546 -0.020275706
7 3 0.064445175 -7.3007927 2.1318235 18.424236 0.6550343 1.7894495 0.654666 6.1284323 0.16346145 -0.069456235
7 3 0.05879396 -7.010885 2.1499047 17.474531 0.6932367 1.7743729 0.6554958 6.3875175 0.024864053 0.05240938
8 8 0.08243627 20.762815 1.6682783 27.336845 0.47793877 0.6565311 0.43837622 5.5761976 -0.10255848 -0.015100429
8 8 0.07473447 20.43501 1.6389649 26.829477 0.4900349 0.6495988 0.4643499 5.5300064 -0.087947495 -0.009693548
8 8 0.0566229 20.955116 1.6444323 27.604118 0.48237324 0.6745473 0.41565323 5.505457 -0.10446442 0.0033636317
8 8 0.056604076 20.708603 1.6159334 27.204084 0.4931956 0.6658242 0.4417009 5.4744716 -0.058041506 0.0074470956
