0 5 0.50442314 -11.521881 2.2510796 23.11778 4.659629 1.6209548 1.9179767 1.7596028 -0.10265507 -4.603464
0 5 0.4184789 0.50015676 2.0617027 44.64307 4.800534 1.5980235 1.995985 2.611848 -0.03611847 -7.8593073
0 5 0.41122192 23.596428 1.5388899 59.492443 4.923452 1.8733902 2.0630443 3.1289723 -0.08207267 -1.5346147
0 5 0.39088154 -11.380964 2.2726276 22.826134 4.6297374 1.6122284 1.920577 1.7379589 -0.07849116 -5.707584
0 5 0.3480357 0.5261496 2.0557754 45.128353 4.770442 1.6114436 1.9859118 2.624969 -0.052316107 -7.603084
0 5 0.3181977 -11.227777 2.2649627 22.56176 4.593535 1.6162593 1.8959146 1.705365 -0.1242081 -5.099886
0 5 0.22282238 23.940422 1.5604398 60.5284 5.0805926 1.9067166 2.1036885 3.1356003 -0.016288972 -1.1774065
0 5 0.19881001 0.5670272 2.1076097 46.16234 4.7836385 1.6008785 1.9844489 2.6041646 -0.0699181 -8.415079
0 5 0.14587636 -12.9768305 2.1797507 51.985565 4.6352267 1.5048151 1.8988856 4.570148 -0.07347358 5.864957
0 5 0.13831379 11.902886 2.0791926 85.89044 4.6618276 1.6821135 1.9940203 4.830678 0.052187085 11.701034
0 5 0.12477774 23.147455 1.5409633 58.448536 4.9341006 1.878178 2.0399787 3.058671 -0.055351935 -1.5150949
0 5 0.12402581 -12.816973 2.1756456 51.645294 4.6342893 1.5085676 1.9104589 4.544153 -0.0394127 6.279642
0 5 0.12158358 -13.302706 2.2104008 53.674988 4.6377106 1.4985391 1.9006906 4.54311 -0.044127427 6.553685
0 5 0.12104442 -12.366961 2.185847 48.751545 4.784099 1.6051711 1.9815192 1.6996801 0.02981609 2.3401196
0 5 0.120087676 -13.000473 2.2027183 52.755543 4.6341724 1.5200204 1.9127958 4.542095 -0.048969872 6.3786826
0 5 0.11844818 -12.641396 2.212769 49.43813 4.7379427 1.5889013 1.9619651 1.633292 0.017797196 0.809179
0 5 0.107782006 23.696548 1.654085 60.362556 4.8955016 1.8982728 2.0513947 3.1364188 -0.03433557 -1.9495976
0 5 0.10295795 11.838621 1.9839922 85.29273 4.6655293 1.6869779 2.0050082 4.7930984 -0.0062194522 12.967332
0 5 0.09678515 -38.67099 3.073375 45.614677 4.5886035 1.7651368 1.9540786 5.5974445 -0.0073250122 1.9747018
0 5 0.095741116 -12.560528 2.2795386 48.628212 4.8457346 1.6518923 2.0021055 1.5262401 -0.02306191 1.8850008
0 5 0.09519806 0.5277737 2.1767468 45.799213 4.888379 1.5923498 1.9916916 2.5815935 -0.02322594 -6.3828244
0 5 0.091115996 -38.467144 3.060574 45.471706 4.5407376 1.7523249 1.9438728 5.594591 -0.0036939997 2.2189472
0 6 0.08754269 46.703873 -0.2613681 62.255802 4.5828605 1.78358 1.997857 2.8012886 0.08492804 -0.39551237
0 5 0.085666314 11.957089 2.0625954 87.000114 4.6200013 1.7011731 1.9594504 4.8083944 0.033591226 13.718512
0 6 0.08345073 47.001953 -0.19871992 62.133354 4.518531 1.7560958 1.9727468 2.8027797 0.10905228 -0.33405793
0 5 0.08146659 11.81696 2.0885289 86.390526 4.6315327 1.6526052 1.9898297 4.8093057 -0.0369743 13.972542
0 6 0.079296894 47.101124 -0.23116213 61.681614 4.579963 1.7725667 1.9806257 5.9431705 0.065573506 0.7598915
0 5 0.07727934 24.151928 1.6322722 61.727337 5.028696 1.9005406 2.0951858 3.1177435 -0.026290089 -1.0615819
0 5 0.076528 -7.2122035 2.277697 86.456665 4.7143507 1.5311861 1.9310538 2.243331 0.003602229 -3.447921
0 5 0.075820506 -15.767534 2.1771479 59.94524 4.560813 1.5913193 1.9152503 4.4172235 0.030019129 9.365497
0 5 0.07421166 -10.896986 1.9830055 22.312202 4.5608225 1.5440692 1.8836195 1.6046548 -0.02632796 -3.391
0 6 0.07318769 47.440815 -0.18093812 62.13131 4.528436 1.7617891 1.9825536 5.9509835 0.10777945 1.0457035
0 5 0.06883363 0.6042687 2.461774 56.140305 4.7826877 1.6107818 1.9915125 3.0014243 -0.05029945 -1.895349
0 5 0.06601137 5.5538287 1.6832061 100.07031 5.4384546 1.8530905 2.1717467 4.700046 -0.05235529 5.842488
0 5 0.06512024 -14.31559 2.1689458 55.338516 4.589281 1.5619496 1.8944808 4.527619 -0.012761783 8.22362
0 5 0.064327955 -18.807335 1.9510865 68.02436 4.5181274 1.6072742 1.9049572 4.329929 0.016438084 10.219396
0 5 0.06426966 0.5017579 2.1966891 45.562485 4.794687 1.606549 1.97409 2.5124326 -0.07373318 -7.492766
0 5 0.062135164 -20.093096 1.9022975 71.638466 4.5353785 1.6190684 1.9073709 4.306465 0.024622848 9.990293
0 5 0.060191166 -13.395023 2.2158082 55.34773 4.556754 1.5271498 1.9020059 4.47893 -0.050999276 6.737837
0 5 0.060004793 23.537422 1.5956609 59.9867 4.9011025 1.8748394 1.9838797 3.1572986 -0.029732563 -2.4004922
0 5 0.059844088 -7.270679 2.231299 86.95085 4.7251706 1.5093504 1.9391795 2.4152617 0.0021916255 -3.5178757
0 5 0.059731428 26.613998 1.8374772 67.1602 4.6927676 1.7857275 2.0005875 3.2496746 -0.022556754 -0.94442934
0 5 0.059623975 0.6103672 2.465911 55.214214 4.781641 1.5667961 1.9861945 3.014136 -0.081930675 -2.3598678
0 5 0.057733137 5.623716 1.6757803 100.94828 6.2717752 1.9794855 2.2344215 4.7159586 -0.087639146 4.6764493
0 5 0.056283463 -12.866649 2.0520272 52.159603 4.6548967 1.5551759 1.9164411 4.379693 -0.0015137978 5.5388956
0 5 0.05525001 -19.517488 1.9389899 70.10524 4.531792 1.6213566 1.9072742 4.3157077 0.04867757 10.231337
0 5 0.055249162 5.8889275 1.6587977 104.19192 5.383306 1.9142339 2.1808367 4.721701 -0.06631112 6.5446086
0 5 0.055018056 -21.192905 1.9234283 65.71869 4.5961056 1.5557998 1.9191483 4.268618 -0.03219667 8.578786
0 5 0.0549734 -20.566845 1.8637421 70.79801 4.5812244 1.5976094 1.9094981 4.295764 0.0056152437 9.303661
0 6 0.054852147 48.64513 -0.1865626 63.416313 4.576765 1.8190452 1.9996134 2.7963274 0.0026296377 -0.1547598
0 5 0.054584086 -0.9967835 2.0829144 76.16866 4.4786444 1.5691451 1.9092436 2.0687292 0.005203983 -2.370751
0 5 0.05394542 -20.682068 1.9272219 64.43565 4.4964046 1.5684662 1.8976858 4.270315 -0.008972591 9.044498
0 5 0.053845692 0.38991094 2.2105265 74.28935 4.4736466 1.5508409 1.9036154 2.2014978 -0.072116226 -3.0708213
0 5 0.053715937 26.025705 1.6221948 65.871666 4.6658325 1.8246397 1.987331 3.2195387 -0.020114858 -0.8600007
0 5 0.05348312 25.312876 1.6616771 62.720272 4.8264575 1.8679574 2.0587535 3.1504016 0.034075886 -0.81730324
0 5 0.053218983 -13.191118 2.0570745 52.87729 4.6295285 1.5473838 1.9324077 4.325154 0.0018911324 7.65223
0 5 0.053157106 -1.919788 2.1228907 72.35163 4.5218267 1.6507648 1.9398334 1.7719703 -0.011848387 -3.3137825
0 5 0.0527794 -12.788365 2.277706 50.806038 4.8483243 1.5754097 1.9928935 1.6243067 0.062814556 2.135964
0 5 0.05276896 -1.5589677 2.0773892 71.808136 4.531806 1.6284149 1.9318312 1.7725093 -0.030216813 -3.6551025
0 0 0.052513212 47.177948 0.083016515 62.956234 4.487668 1.7885069 1.9552761 5.6987143 0.0785606 5.3685884
0 5 0.05103949 -22.01388 1.9390101 67.67484 4.6306605 1.575345 1.9287565 4.2796283 -0.04873728 8.00984
0 6 0.050948326 48.28215 -0.21043086 62.923824 4.5424533 1.8021688 1.9803337 2.7677133 0.02156427 0.03783431
0 5 0.050888572 -16.08699 2.3336575 32.397884 4.5681934 1.611165 1.8740017 1.563869 -0.019853003 -1.9733664
1 5 0.05195631 5.623716 1.6757803 100.94828 6.2717752 1.9794855 2.2344215 4.7159586 -0.087639146 4.6764493
3 5 0.0862912 -13.080522 1.3691946 49.965084 12.462242 4.8136334 2.8319302 1.2323656 0.07317883 -1.1302677
3 5 0.07864018 22.129766 1.459963 124.18141 13.071141 2.9671388 3.0776217 4.7785144 -0.018224219 3.6263423
3 5 0.07410369 -13.507873 1.3097897 50.50774 12.251007 4.6916733 2.818719 1.2167904 0.09408568 -0.015181902
3 5 0.0680972 -12.735519 1.7994951 44.72117 8.587887 3.0617988 2.602649 0.911224 0.018352428 -1.301421
3 5 0.052205622 -10.367072 2.0431433 34.17571 8.149769 3.023991 2.4026754 4.144244 0.016900772 -0.49757978
3 5 0.051689826 -14.715923 1.7779963 50.131844 9.322167 3.3435402 2.674258 1.427579 0.066126205 -1.4984351
5 0 0.27224606 7.2582684 1.5503817 8.510405 1.2171916 1.6276978 0.59986573 4.0121408 -3.4868717e-05 -0.0030362029
5 0 0.21413426 7.2515454 1.5939739 8.602232 1.1773454 1.6596079 0.6082225 3.9436917 -0.057654507 -0.07748779
5 0 0.16248104 7.729948 1.5980318 9.033257 1.0608932 1.6215116 0.59907395 3.984799 -0.013107913 -0.024092281
5 0 0.15400487 7.408142 1.6114905 8.754498 0.9679994 1.6522293 0.6098193 3.9231808 -0.1252622 -0.08423955
5 0 0.14845638 7.5445476 1.5938513 8.85805 1.1188232 1.5978539 0.6131027 3.980447 0.063035496 -0.00019941293
5 0 0.1160021 7.415267 1.5874327 8.820845 1.1381357 1.6020741 0.6051926 3.9207249 -0.0042887693 -0.025139779
5 2 0.09937903 8.492179 1.5855341 9.991514 0.74694794 1.6008091 0.54640526 4.0661316 -0.24578868 -0.07248818
5 0 0.078330375 8.737967 1.6175761 10.328141 0.94151133 1.5970485 0.5603148 4.0885663 -0.274163 -0.03426994
5 0 0.077347465 7.127496 1.6243565 8.603932 1.1770607 1.6592973 0.60966635 3.894222 -0.071493134 0.011492163
5 0 0.06929738 7.2310486 1.5951465 8.70774 1.0191343 1.697444 0.6221715 3.8937082 -0.12659377 -0.03827924
5 0 0.065312386 8.3353815 1.6155585 10.067368 1.6743102 1.5779492 0.5776559 4.1507463 -0.23107491 -0.06972799
5 0 0.060488127 9.245293 1.5061138 10.701034 0.8944366 1.6755698 0.6057274 3.9898777 0.041255295 -0.037366174
5 0 0.05956064 8.268786 1.5606076 9.66726 0.7263569 1.6380098 0.5596484 4.1446524 -0.24587099 -0.0847249
5 2 0.053360265 8.642946 1.5814366 10.170852 0.7268237 1.6069144 0.5396413 4.0736036 -0.27473512 -0.08030446
6 0 0.07627782 7.2582684 1.5503817 8.510405 1.2171916 1.6276978 0.59986573 4.0121408 -3.4868717e-05 -0.0030362029
6 0 0.057595048 7.5445476 1.5938513 8.85805 1.1188232 1.5978539 0.6131027 3.980447 0.063035496 -0.00019941293
6 0 0.05516281 7.729948 1.5980318 9.033257 1.0608932 1.6215116 0.59907395 3.984799 -0.013107913 -0.024092281
6 2 0.05244841 8.492179 1.5855341 9.991514 0.74694794 1.6008091 0.54640526 4.0661316 -0.24578868 -0.07248818
7 2 0.3186135 -7.171838 2.0297945 21.762243 0.72942054 1.7562596 0.6847887 6.4364724 0.17458224 -0.011295929
7 2 0.28331667 8.492179 1.5855341 9.991514 0.74694794 1.6008091 0.54640526 4.0661316 -0.24578868 -0.07248818
7 3 0.25269556 -7.121953 1.9758685 21.703072 0.7450823 1.7349974 0.66227466 6.530069 -0.04403303 -0.0072800666
7 0 0.139244 8.737967 1.6175761 10.328141 0.94151133 1.5970485 0.5603148 4.0885663 -0.274163 -0.03426994
7 2 0.13149403 8.642946 1.5814366 10.170852 0.7268237 1.6069144 0.5396413 4.0736036 -0.27473512 -0.08030446
7 0 0.13073054 8.268786 1.5606076 9.66726 0.7263569 1.6380098 0.5596484 4.1446524 -0.24587099 -0.0847249
7 2 0.12672864 -8.082506 2.1106 24.586977 0.727283 1.7653271 0.655845 3.662575 0.12131121 -0.015098547
7 3 0.1256084 -7.3710694 2.0051737 22.412704 0.74933636 1.7572742 0.65912753 6.563224 -0.09082286 0.021933492
7 0 0.12439168 7.2582684 1.5503817 8.510405 1.2171916 1.6276978 0.59986573 4.0121408 -3.4868717e-05 -0.0030362029
7 2 0.12371925 -7.2270966 2.0198545 21.952646 0.7038768 1.7273417 0.6285098 6.2711267 0.03923338 0.07700431
7 3 0.117615536 -7.19591 1.974062 21.87685 0.72452617 1.7305102 0.67502314 6.544319 -0.06566524 0.006497979
7 0 0.11196443 7.5445476 1.5938513 8.85805 1.1188232 1.5978539 0.6131027 3.980447 0.063035496 -0.00019941293
7 3 0.09774153 -7.175235 1.98454 21.75381 0.8119064 1.7836441 0.6493964 3.642179 -0.043063626 0.29555938
7 0 0.08529093 7.2515454 1.5939739 8.602232 1.1773454 1.6596079 0.6082225 3.9436917 -0.057654507 -0.07748779
7 2 0.079974696 8.176265 1.596178 9.611332 0.8122268 1.6098987 0.55655706 4.0630155 -0.22843795 -0.0342096
7 3 0.07592015 -7.02081 2.035394 21.42354 0.7534208 1.7436131 0.6723389 6.5675178 0.17836934 0.17011762
7 0 0.07438803 7.408142 1.6114905 8.754498 0.9679994 1.6522293 0.6098193 3.9231808 -0.1252622 -0.08423955
7 0 0.072611056 7.415267 1.5874327 8.820845 1.1381357 1.6020741 0.6051926 3.9207249 -0.0042887693 -0.025139779
7 3 0.06900452 -7.201814 1.9911096 21.849197 0.77339 1.7907497 0.64700204 3.6717699 -0.029741835 0.2907203
7 0 0.067187354 7.729948 1.5980318 9.033257 1.0608932 1.6215116 0.59907395 3.984799 -0.013107913 -0.024092281
7 2 0.061974376 8.040708 1.5860889 9.401442 0.7253169 1.6512958 0.5651935 4.110421 -0.2563883 -0.06298408
7 2 0.054920524 -7.006295 1.9868686 21.174316 0.8350168 1.7634977 0.64047074 3.674004 -0.039447315 0.3294668
7 0 0.0544653 8.383321 1.6239299 9.948995 1.1375939 1.5746835 0.5587292 4.0396886 -0.2125663 -0.021265797
7 2 0.050361168 -7.5542116 2.042667 22.938208 0.80821544 1.7622485 0.69166756 6.3590508 0.055782445 0.06811518
8 8 0.06615615 25.544754 1.2038434 39.510166 0.51180094 1.1586695 0.4542444 5.8201766 -0.019973759 -0.012743322
8 8 0.057238974 25.098545 1.1303039 38.865406 0.46814454 1.1833471 0.4314846 5.7659926 -0.0479701 -0.0044467505
8 8 0.05579802 25.014088 1.1952475 38.8159 0.45606193 1.1093746 0.41468066 5.939582 -0.04937332 0.0019026119
