0 5 0.4641076 -11.717842 2.2875066 21.502842 4.755597 1.6446348 1.9240224 1.7683582 -0.09806115 -3.0702422
0 5 0.41927162 -11.423753 2.2583947 20.98194 4.730222 1.6402178 1.9160715 1.7510809 -0.11468961 -6.0128117
0 5 0.39252537 22.954586 1.6805859 60.592102 5.0251284 1.9103405 2.0858338 3.0542173 -0.053147398 -3.9184349
0 5 0.3834272 -0.39397508 2.1072004 45.267006 4.899817 1.612111 2.002848 2.634744 -0.04277706 -5.5985155
0 5 0.3031926 22.904501 1.6762774 60.250378 5.0499024 1.9250653 2.0764465 3.0652897 -0.04063948 -3.9238079
0 5 0.29843843 -0.4073723 2.0942192 45.75856 4.8761287 1.6222404 2.0156662 2.6304786 -0.048506446 -6.301713
0 5 0.20712057 -0.4141274 2.141634 45.03962 4.8732767 1.6265256 1.9931018 2.5753875 -0.051357873 -6.3914137
0 5 0.20539477 -13.444219 2.3726654 54.834297 4.692604 1.5338267 1.9227116 4.6380963 0.008936327 5.681817
0 5 0.1969026 -0.38612732 2.1353383 46.246876 4.879995 1.6298002 2.0193822 2.6377115 -0.0636411 -6.393532
0 5 0.18811344 23.068584 1.7389128 61.123356 5.060407 1.9480058 2.1077847 3.0835881 -0.02979077 -2.4027824
0 5 0.17953171 -13.198887 2.339624 53.56798 4.730068 1.5148152 1.906477 4.696824 -0.015990179 5.665965
0 5 0.1439476 22.730726 1.719516 59.983784 5.040539 1.9545443 2.0756154 2.9950714 -0.045394626 -3.5872495
0 5 0.143155 -0.32851267 2.1334224 45.532043 4.9084435 1.6482497 1.9857957 2.6584394 -0.06467238 -5.173404
0 5 0.11894708 -13.269037 2.3565514 53.977104 4.7086806 1.5022312 1.916706 4.640661 0.004242705 5.1120763
0 5 0.11860058 -36.905323 3.1941261 43.858868 4.508276 1.7319541 1.9335735 2.5896397 -0.023059877 0.033382043
0 5 0.11022725 22.669048 1.7095785 59.517212 5.081549 1.9471816 2.0458286 3.077879 -0.024418302 -3.275804
0 5 0.10548638 13.08197 2.102737 92.00224 4.7445602 1.6896456 2.024891 4.844743 0.016499853 9.357013
0 5 0.10412656 13.086324 2.1166525 91.44141 4.7603064 1.6875993 2.033861 4.8388047 -0.027339645 9.123256
0 5 0.10093977 -13.68455 2.4167602 54.192566 4.7209706 1.5989178 1.980925 4.582657 0.03996869 5.622629
0 5 0.099480726 -13.647227 2.5086985 56.053314 4.762245 1.588481 1.9833134 4.645185 -0.0048734583 5.705631
0 5 0.097558804 -13.9943 2.5018678 55.245975 4.761417 1.5861421 1.9885887 4.602181 0.032996893 5.264515
0 5 0.092034385 -13.262622 2.426935 54.646492 4.7265625 1.6151234 1.9770087 4.6858506 0.013974534 5.4894853
0 5 0.08320061 -13.305161 2.3932114 53.072857 4.5884776 1.5926138 1.9568305 4.43759 -0.11065656 4.1564565
0 5 0.07353406 -13.634318 2.33173 53.81445 4.6689644 1.5112052 1.8882463 4.668055 -0.013520604 4.8288
0 5 0.07297687 -0.5273059 2.4727721 55.62647 4.803498 1.6430421 1.9930322 2.8835032 -0.0457708 -0.7171905
0 5 0.07261807 -5.996716 2.3878868 75.811676 4.6718574 1.550101 1.9374903 1.5246775 -0.046532158 -3.7307322
0 5 0.0724824 -5.4290113 2.3819258 75.024826 4.65895 1.5546377 1.9429773 1.6256602 -0.06461812 -3.08858
0 5 0.06897247 -18.919926 2.2897785 68.50994 4.553782 1.6154114 1.9129152 4.3092737 0.06700552 6.072241
0 5 0.06809764 -0.5770342 2.5818481 56.36562 4.8187394 1.6001201 1.9965732 2.9377668 -0.037615713 -0.29413256
0 5 0.06714814 -13.74393 2.499221 54.65858 4.6818256 1.5876715 1.9657501 4.358516 -0.14921536 6.616752
0 5 0.066741236 -14.224954 2.414691 55.989685 4.634423 1.5228418 1.8886858 4.5231614 0.027105616 5.716188
0 5 0.06581353 22.563257 1.6795247 59.252678 5.1040673 1.954304 2.054625 3.0266385 -0.08506149 -3.76896
0 5 0.06268971 -5.0821376 2.389738 75.36801 4.593696 1.5651815 1.9159017 1.8166167 -0.06128268 -2.6673741
0 5 0.06231268 -23.172544 2.0137925 71.05922 4.653665 1.6077198 1.9249779 4.2268257 0.0022051688 6.7683873
0 5 0.061127532 -2.8683934 2.3149185 75.77242 4.443614 1.5572476 1.8997815 1.9201362 0.0017045867 -1.5165622
0 6 0.060876146 44.603935 -0.08679056 60.566017 4.529215 1.7338861 1.9722171 5.726067 0.12026959 2.4310231
0 5 0.060387257 -36.33238 3.3387408 43.439396 4.429249 1.6874478 1.9273099 2.6011856 0.005190097 1.1446934
0 5 0.060272016 -22.527632 2.0947924 69.90286 4.591868 1.5885344 1.9151673 4.2245383 -0.0075611435 6.3467555
0 5 0.060049843 -23.881933 2.0420518 72.76609 5.5879526 1.7113018 2.0332844 4.2391315 -0.06621084 5.7489243
0 5 0.05959442 -2.2385876 2.2233465 78.23801 4.3972545 1.5559914 1.8980358 1.9810417 -0.007661706 -0.9748904
0 5 0.059000365 -3.6618135 2.3731732 73.364296 4.525013 1.5740361 1.90412 1.9243346 -0.067608826 -1.355093
0 5 0.05869006 -11.306766 2.2291567 20.59116 4.7273164 1.5931885 1.9426701 1.7643309 -0.09863343 -3.345611
0 5 0.058478504 -16.288034 2.3568597 60.03317 4.5584393 1.5494993 1.8762367 4.4718833 -0.0052593816 4.989347
0 5 0.057932932 -19.966482 2.1375213 70.69725 4.530622 1.6251725 1.8960036 4.2858925 0.053997055 6.8879213
0 5 0.056475986 -36.403343 3.1854918 43.74548 4.462808 1.7082456 1.9313847 2.6449184 -0.028255843 0.019445568
0 5 0.055599593 43.68115 0.15531653 58.261078 4.4071846 1.6896108 1.9364823 5.5360074 0.003471896 3.8380656
0 5 0.054528266 20.453262 1.553123 53.996166 4.2928176 1.804635 1.4955928 3.1779075 -0.08438875 -2.0385594
0 5 0.053029522 -13.845335 2.4509041 54.91046 4.6769075 1.5827401 1.9686611 4.469502 0.0015520006 5.772104
0 5 0.052248646 -13.535219 2.4644744 55.843597 4.734886 1.5956597 1.9820433 4.4592004 0.06847896 5.5604486
0 6 0.051732495 46.314114 -0.041829824 60.512875 4.500809 1.737442 1.9662697 5.740197 0.036078766 2.042165
0 5 0.051291924 -23.107563 2.0700212 71.37282 5.0778694 1.6325345 1.9622947 4.233367 -0.041055836 5.7390795
0 5 0.050982986 19.952639 1.5816418 53.569397 4.31683 1.8085614 1.5065979 3.1787727 -0.088126175 -2.493478
0 5 0.050912634 42.961815 0.18745911 57.068943 4.4071536 1.688154 1.9333712 5.583296 0.047818385 3.536818
0 5 0.050426587 -1.3369906 2.1055517 77.002785 4.467263 1.5819485 1.9161377 2.0415528 -0.015480676 -0.7915254
0 5 0.050212573 43.886993 0.1438719 59.192383 4.411183 1.6827303 1.9289054 5.4820657 -0.025454456 4.299047
3 5 0.08859982 22.56054 1.5922565 124.20841 12.794748 2.984687 3.080769 4.7796702 -0.018474182 2.9090283
3 5 0.051121127 22.23968 1.5790038 121.97054 12.746061 3.0121107 3.0480952 4.805131 -0.0016210005 3.443928
5 0 0.26125833 7.448043 1.4576519 8.602753 1.7813537 1.3796506 0.553565 4.233983 -0.011939231 0.061056532
5 0 0.16180564 7.967574 1.504174 9.159076 1.7610836 1.404002 0.5660809 4.5380774 -0.019906733 0.0023656264
5 0 0.15936178 7.3565054 1.4857757 8.622889 1.6771319 1.4410781 0.56932694 3.4499898 -0.058638282 0.02805575
5 0 0.13598682 7.754127 1.50804 9.008549 1.7225085 1.3722609 0.5612978 4.066505 0.03652466 0.060944133
5 0 0.1327968 7.802092 1.5370913 9.103596 1.6274236 1.4705745 0.5575981 3.5653946 -0.064083345 -0.042061992
5 0 0.08415465 7.6988664 1.5077856 9.021288 1.6326982 1.3954078 0.55460083 3.595406 -0.02781935 0.044437103
5 0 0.07704191 8.47461 1.3712733 9.532932 1.6476303 1.5624766 0.6016571 3.0125442 0.13142924 0.06623165
5 0 0.054320693 7.321026 1.5225582 8.765816 1.6654114 1.4379535 0.552438 3.657922 -0.030568179 0.03534372
5 0 0.053640235 7.7921443 1.5630474 9.326144 1.6469153 1.4645035 0.56129855 3.0524623 -0.09948527 0.0025033355
5 0 0.05242132 8.726396 1.446392 10.15406 1.3717546 1.613831 0.568898 2.2382443 0.029662078 0.13039699
5 0 0.051940605 10.327703 1.6581568 11.904782 1.0332196 1.579127 0.58636016 4.356599 0.008045517 0.07558655
5 0 0.05089632 9.839522 1.6372201 11.474924 1.3454723 1.5529941 0.5748629 4.3116627 -0.06382861 0.092180446
6 0 0.1446014 7.448043 1.4576519 8.602753 1.7813537 1.3796506 0.553565 4.233983 -0.011939231 0.061056532
6 0 0.10261419 7.967574 1.504174 9.159076 1.7610836 1.404002 0.5660809 4.5380774 -0.019906733 0.0023656264
6 0 0.08271963 7.754127 1.50804 9.008549 1.7225085 1.3722609 0.5612978 4.066505 0.03652466 0.060944133
6 0 0.06961177 9.839522 1.6372201 11.474924 1.3454723 1.5529941 0.5748629 4.3116627 -0.06382861 0.092180446
6 0 0.05991947 10.327703 1.6581568 11.904782 1.0332196 1.579127 0.58636016 4.356599 0.008045517 0.07558655
6 0 0.055143967 7.802092 1.5370913 9.103596 1.6274236 1.4705745 0.5575981 3.5653946 -0.064083345 -0.042061992
6 0 0.052331842 7.3565054 1.4857757 8.622889 1.6771319 1.4410781 0.56932694 3.4499898 -0.058638282 0.02805575
7 3 0.333346 -7.152206 2.0467808 21.614002 0.6300518 1.7420055 0.6215455 6.499354 0.117421485 -0.027556587
7 3 0.27038056 -7.4273815 2.074352 22.333088 0.6443195 1.7238601 0.6025229 3.655197 -0.06538801 -0.006145362
7 3 0.23758355 -7.156534 2.0524466 21.689524 0.69611365 1.740024 0.6333021 6.5672207 -0.013369558 -0.045727104
7 3 0.1790106 -7.46396 2.068788 22.471016 0.64828527 1.714818 0.61824316 3.7046921 -0.07625788 -0.018627565
7 3 0.15764321 -7.2197433 2.0235062 21.781332 0.6779831 1.7167892 0.6038152 6.310291 -0.038594488 0.010914523
7 3 0.13189703 -7.0789404 1.980474 21.427074 0.6419423 1.7515365 0.61381996 6.45097 -0.020747814 0.06539548
7 3 0.12215008 -7.250151 2.089356 21.8506 0.656527 1.7413465 0.6182224 3.636689 -0.005631921 0.14978877
7 3 0.11592004 -7.242868 2.049367 21.947962 0.73129904 1.7263675 0.6451997 6.457901 0.031688385 0.051289424
7 3 0.10937718 -8.044989 2.1350744 24.293072 0.597211 1.780588 0.55970716 3.5599368 0.071449384 -0.0059012976
7 3 0.1035916 -7.5780954 2.0744386 22.687065 0.6831709 1.7421631 0.6037627 3.6922417 -0.072929904 0.2534534
7 3 0.08617191 -7.434983 2.1111848 22.423582 0.6491023 1.7233664 0.6215918 3.7086532 -0.0044838004 0.083990976
7 3 0.08435516 -7.50514 2.0721111 22.610743 0.6638904 1.7444649 0.593568 3.7029593 -0.11325565 0.0300268
7 0 0.061899256 9.839522 1.6372201 11.474924 1.3454723 1.5529941 0.5748629 4.3116627 -0.06382861 0.092180446
7 0 0.06002362 10.327703 1.6581568 11.904782 1.0332196 1.579127 0.58636016 4.356599 0.008045517 0.07558655
7 3 0.059131555 -7.63867 2.0836654 22.687374 0.6488185 1.7252276 0.6248472 3.6336136 -0.07400693 0.11304342
7 0 0.056620676 10.010221 1.609416 11.652009 1.146354 1.5846685 0.5954248 4.470134 -0.09465772 0.07359129
7 3 0.053915795 -7.567933 2.1126013 22.433897 0.7289534 1.7703099 0.6573403 6.331157 0.014217233 -0.0065430626
7 2 0.052393164 19.187923 2.1885433 80.12813 0.71592206 1.7656155 0.6025794 1.6672983 -0.09516088 -0.026661228
7 3 0.05182455 -7.2636743 2.0913985 21.945768 0.64133495 1.7479293 0.6029972 3.6478903 -0.09111105 0.032167964
7 0 0.050919656 11.165459 1.6548855 12.798559 0.9331068 1.6012288 0.59059167 7.6481614 -0.06041594 0.09174323
