0 5 0.07127366 -54.524494 3.4095426 65.64208 4.372954 1.6209167 1.8847642 4.5905275 -0.026184963 9.947383
0 5 0.06256851 -54.394325 3.444584 65.91006 4.362242 1.6276093 1.8941975 4.6027117 0.0065896716 7.506058
0 5 0.06084131 -54.02098 3.4311981 65.42955 4.355379 1.6121644 1.8687255 4.6095176 0.019811993 7.5951962
0 5 0.059954666 -55.02826 3.423951 66.54071 4.490233 1.6321092 1.9174688 4.6569157 0.020089613 7.0278344
0 5 0.05978286 -54.637768 3.3554559 64.993256 4.4011908 1.6215662 1.8752869 4.4512305 -0.091420844 10.483422
0 5 0.055631354 -54.858936 3.350332 65.29366 4.381902 1.5832778 1.8652476 4.4541364 -0.09756571 11.151066
0 5 0.051583443 -9.694952 2.07085 26.534143 2.2303793 1.6624568 1.2269926 3.7277708 0.11569605 0.4476764
3 5 0.35623726 -6.583309 1.5773807 41.097416 11.856023 3.2533367 2.9346054 2.3446693 0.013333105 -2.425025
3 5 0.13933533 24.825165 1.1801009 139.2205 12.692128 3.1380057 3.043144 4.8136454 0.034200512 5.3180404
3 5 0.13185519 -6.7447205 1.5531294 41.96593 11.856275 3.180354 2.9459298 2.3145666 -0.0180422 -2.091194
3 5 0.12667489 -6.8625464 2.6872334 43.88917 11.420422 3.4954233 2.955823 2.3701262 -0.05314976 -0.94147915
3 5 0.12177981 24.721714 1.2276547 140.54196 12.633261 3.1083238 3.068042 4.8314314 0.018458279 5.760281
3 5 0.11404011 -6.540096 1.6420771 41.561874 11.972092 3.2651916 2.9190357 2.3871326 -0.04560847 -2.5079145
3 5 0.10805173 -7.700805 1.9805206 47.6477 11.647724 3.521617 2.8875127 2.52594 -0.020595357 -1.0504367
3 5 0.10653385 -7.868136 2.9049666 46.571293 11.369761 3.5082402 2.8457348 2.5652952 -0.014376334 -0.87430596
3 5 0.10360143 -6.986329 1.8401735 44.56465 11.275314 3.3504574 2.9721 2.4200873 -0.13061434 -0.48507014
3 5 0.09798834 -6.933757 1.6417638 42.75529 12.0677395 3.3669431 2.9458883 2.373024 -0.052056074 -1.8894333
3 5 0.06855662 25.03964 1.1526606 140.87563 12.800012 3.129983 3.0219097 4.859315 0.010821035 5.419974
3 5 0.06708351 -7.375678 2.5916016 44.110237 11.395573 3.4837112 2.8599095 2.5621862 -0.0015467759 -0.79519546
3 5 0.056611907 24.209757 1.1483858 141.18 12.202674 2.9824657 3.0192947 4.8402076 -0.07360521 6.6193147
3 5 0.05527817 -6.861707 1.5858175 42.966114 12.09968 3.3017135 2.979153 2.5125074 -0.037305623 -2.8093567
3 5 0.05453161 24.644289 1.1979723 136.6986 12.667772 3.1702442 2.9838972 4.840947 0.03805919 5.5721908
3 5 0.050190527 24.551126 1.1182142 138.00179 12.885898 3.1863918 3.0533164 4.857231 0.025556354 5.9888854
4 5 0.053582173 -6.583309 1.5773807 41.097416 11.856023 3.2533367 2.9346054 2.3446693 0.013333105 -2.425025
7 3 0.4861372 -6.722685 1.9860274 16.95657 0.7030257 1.6852121 0.6725215 6.3081727 0.08240326 -0.022678146
7 3 0.28567696 -6.859122 2.0117307 17.274582 0.6795549 1.6914966 0.60441965 6.433862 0.042973027 0.03512721
7 3 0.21039174 -6.929818 2.0413148 17.496805 0.728652 1.6737901 0.66864175 6.632557 0.13934572 0.20166975
7 3 0.11771733 -6.762325 1.9330777 16.94079 0.60314006 1.798007 0.5956168 5.9434757 0.12685367 -0.0314292
7 3 0.10163297 -6.7831655 1.9444871 17.04928 0.6003552 1.7715021 0.60222435 5.83747 0.15925717 -0.0580292
7 3 0.08696492 -7.0882583 1.9823058 17.88875 0.7405207 1.7188972 0.66864675 6.242503 0.17967297 0.039571837
7 3 0.074646994 -7.034251 2.0615494 17.280285 0.7348765 1.706705 0.65936506 6.193443 0.073652774 -0.0042856466
7 3 0.06751261 -7.1973424 2.1026967 17.64945 0.7174472 1.6930245 0.62346774 6.3960376 0.095386244 0.10960061
7 3 0.06491991 -7.362187 2.1188593 18.407618 0.6224636 1.6561539 0.5961114 3.629404 0.0058739986 0.04105518
7 3 0.061866753 -6.813263 1.9436224 17.134031 0.6448321 1.7032129 0.5827678 6.282247 0.038989328 0.093792714
7 3 0.056089137 -6.8527145 1.9725068 17.210474 0.72820264 1.6758624 0.680581 6.1035385 0.16879742 -0.04678464
7 3 0.054200105 -7.151323 2.015464 17.86043 0.5946354 1.6582528 0.5907329 3.604306 -0.037328817 0.036467556
7 2 0.05106043 23.718603 1.7221117 74.17036 0.58938336 1.767028 0.57530093 1.9733942 -0.07868257 -0.07625991
7 3 0.05092247 -6.788238 2.0937676 16.827934 0.60332465 1.7642822 0.5795948 5.622908 0.13596581 0.1839315
8 8 0.059065238 20.297537 1.613476 26.703293 0.3842599 0.6240013 0.40407708 5.544279 -0.10665899 -0.0030458607
8 8 0.055639267 19.916952 1.5836818 26.139135 0.380195 0.6106362 0.4282328 5.527777 -0.08561522 -0.0030284133
