0 5 0.35852107 -11.30971 2.4913232 27.580791 4.674124 1.834853 1.9550263 1.9327406 -0.025277503 -3.925492
0 5 0.33211657 -11.515416 2.4754987 27.966043 4.773208 1.8687848 1.9933573 1.9509058 -0.028755996 -2.0074108
0 5 0.21614769 -11.118217 2.447137 27.129314 4.648114 1.8780836 1.9520662 1.9020076 -0.14244357 -3.8688157
0 5 0.10108444 -29.950647 2.9826517 59.85869 5.222177 1.8017176 2.082468 4.9166393 0.04331571 0.034225468
0 7 0.09825838 38.53548 0.2809096 45.80579 4.2172155 1.668597 1.8462292 5.70382 0.09618978 3.0236752
0 5 0.09412441 -11.30174 2.4557116 27.264296 4.7892985 1.8517534 1.9755147 1.9169327 -0.0702645 -1.6350474
0 7 0.09374288 39.05306 0.2972752 46.235157 4.187763 1.6547949 1.8401941 5.7135534 0.07881496 3.3886356
0 5 0.08989338 -4.9838905 2.6474664 96.871994 4.6569347 1.5749598 1.9748207 1.4604629 -0.02529673 -5.6566133
0 2 0.084944226 -7.024946 1.9346535 17.82032 0.6429853 1.7754222 0.6264735 1.479176 -0.039904077 0.03965035
0 5 0.08445931 -31.825901 3.1024923 54.862885 4.28477 1.537613 1.8185639 4.6334343 0.14311264 5.7396884
0 5 0.08148907 -34.46369 3.3804317 59.287327 4.7846575 1.6302669 2.0184608 4.8100038 0.15019193 5.2837486
0 5 0.078446575 -8.789938 2.758178 90.94482 4.7144933 1.4866616 1.9531009 1.8286481 -0.02760592 -5.252488
0 2 0.076601684 -6.9994407 1.948699 17.68291 0.69376403 1.7926304 0.6561487 1.6984951 -0.03988169 -0.03356603
0 5 0.07444051 -34.1016 3.319992 59.906773 4.8192134 1.6829314 2.0165873 4.826159 0.08621992 3.3671927
0 5 0.07278143 -30.507845 3.0754633 60.72455 5.1463456 1.8025615 2.0745912 4.876147 0.05041012 1.2379938
0 5 0.07252995 -9.955294 2.8512387 93.20897 4.67108 1.534111 1.9578515 1.8574505 -0.01045868 -4.4868293
0 5 0.072028 40.230743 -0.0021367073 48.181595 4.5782633 1.718439 1.9758849 5.768928 0.0556311 0.72707814
0 5 0.07176753 -28.918568 2.9418592 58.087513 5.0405855 1.8137395 2.0656543 4.832059 0.049537785 0.092381954
0 5 0.071509674 41.018837 0.13093269 49.025436 4.522859 1.7151406 1.9683101 5.7584395 0.08276746 0.3992158
0 6 0.06694242 -31.30053 2.6603355 61.59764 4.675712 1.6787977 1.975652 1.4837465 -0.05325915 -0.014185285
0 5 0.066293396 -34.601727 3.3953462 59.619297 4.7252326 1.6501716 2.007087 4.828608 0.14048512 5.5282416
0 7 0.06457453 39.433537 0.21240205 47.12178 4.2705097 1.6696783 1.8657916 5.7067633 0.072238825 2.362733
0 5 0.064054 41.9474 0.19651377 49.65535 4.534802 1.7024248 1.9699363 5.783002 0.067478344 1.5156083
0 5 0.060687885 40.80739 0.29742175 48.087364 4.195629 1.6502991 1.8470387 5.723574 0.06292886 3.5359845
0 2 0.060109686 -7.648015 2.0150275 19.324604 0.8981623 1.7989495 0.7147665 1.762816 -0.12889802 -0.042780247
0 5 0.05960122 -7.6041646 2.0256438 19.01189 0.82828933 1.8114961 0.68858486 1.8066325 -0.098321676 -0.047695346
0 5 0.05901235 41.645775 0.0743137 48.854416 4.5531297 1.7155684 1.9364275 5.8033347 0.049392857 1.7695662
0 7 0.05869169 39.136646 0.2598002 46.47576 4.228044 1.6708864 1.8555623 5.705922 0.0251413 3.5198789
0 5 0.0583396 41.112713 -0.03130877 48.291195 4.577082 1.7176273 1.9502175 5.7847376 0.0698977 1.6449344
0 5 0.05768908 -29.421635 2.908461 59.182083 5.205585 1.7800695 2.0780027 4.92986 0.044409633 0.019706175
0 5 0.057083618 41.25948 0.10313499 48.845562 4.5640535 1.7062933 1.9732819 5.785677 -0.012262185 1.5923198
0 5 0.055933118 -33.591644 3.3834884 58.89749 4.759584 1.6239194 2.0185435 4.8345785 0.091592245 5.224324
0 5 0.055621687 -23.697763 2.4300196 77.570724 4.4948416 1.6489077 1.9141395 4.4505506 -0.059914604 5.751234
0 5 0.055620898 -3.3388014 2.3951893 99.06357 5.050664 1.7735918 2.0499597 1.600671 -0.037887253 -2.446418
0 6 0.055286303 -31.930046 2.7683673 62.39391 4.6166162 1.6523628 1.9571729 4.629048 -0.047933966 -0.022336852
0 5 0.055282455 -2.44217 2.0708416 103.93626 5.2343245 1.8479443 2.0747597 1.6581194 -0.027121063 -2.130416
0 5 0.05470193 -4.877834 2.6086998 95.35963 4.671211 1.5882292 1.9581718 1.5056318 -0.047285974 -3.7699819
0 5 0.054640647 -23.080294 2.4012127 76.864334 4.4729185 1.652021 1.9144086 4.4812255 -0.05503452 5.9386506
0 7 0.05426141 39.485992 0.28144968 46.772285 4.228968 1.6425986 1.8497792 5.7198324 0.07865105 3.8993473
0 5 0.054199256 39.80279 0.27530813 47.067963 4.2096143 1.6688082 1.8458102 5.7132864 0.026956683 4.6377225
0 5 0.052508883 42.55627 0.13298452 50.80507 4.496475 1.6778194 1.9402255 5.7639275 0.05635593 1.7385081
0 5 0.05180251 -0.8031472 2.1615574 108.359604 4.998007 1.7508167 2.0220196 1.7572434 -0.036696475 -2.6575193
0 5 0.051798094 -30.75467 2.5817072 61.08883 4.6974487 1.6740378 1.9762678 1.481669 -0.052652694 -0.021828664
0 5 0.05176945 -33.902973 3.3230777 59.76751 4.7339134 1.6782976 2.0009656 4.8508186 0.09664318 4.030391
0 5 0.05174666 12.688834 1.0194671 53.093525 12.295458 3.293295 2.9382803 3.3988943 -0.077272445 -1.6326959
0 5 0.05124385 -8.562927 2.6564617 90.8603 4.755907 1.48103 1.9567484 1.6573498 -0.019558875 -5.593234
0 5 0.05104166 -4.9613376 2.6546807 97.81317 4.6536493 1.5605037 1.9479078 1.4415598 -0.03061579 -5.901233
3 5 0.48428243 12.688834 1.0194671 53.093525 12.295458 3.293295 2.9382803 3.3988943 -0.077272445 -1.6326959
3 5 0.10368099 12.637141 1.7605405 54.96388 12.659013 3.380816 3.2095563 3.462634 0.0109521225 -0.9629447
3 5 0.09972831 11.860149 2.1027405 50.906143 12.357004 3.3367107 3.1007464 3.5487742 0.018669805 -0.8550986
3 5 0.08370567 12.24992 1.7264774 52.39944 12.1165285 3.285438 3.1650524 3.521406 0.009374792 -0.3808867
3 5 0.08141477 12.390419 1.5247052 51.529667 12.354192 3.1494231 3.1014013 3.5882428 -0.038418 -0.2636426
3 5 0.08050481 12.351006 1.1267755 53.663574 12.836778 3.2158556 3.1908917 3.4379413 -0.067306176 -0.3113584
3 5 0.070482306 12.724445 1.0882246 52.29453 12.342151 3.2861698 3.0398035 3.3967836 -0.052921243 -0.023497732
3 5 0.06016068 12.843912 1.2525756 54.525093 12.552171 3.3954477 2.8580947 3.496939 -0.033573627 -0.17551896
3 5 0.054212842 11.420105 1.5429516 49.483814 12.085989 3.2182665 3.3045168 3.5396104 0.005705163 -0.064520024
3 5 0.052123822 12.209509 1.7651603 55.231014 12.303733 3.2185137 3.0308366 3.5509477 -0.03636165 -0.14099595
3 5 0.05190749 -15.952864 0.31818914 58.869835 11.157309 4.6728325 2.6352382 1.1025689 0.10710989 -0.66287446
3 5 0.050013725 7.4477024 1.6473981 81.41263 8.904713 3.5120852 2.862913 2.8509796 -0.019606885 -1.625991
4 5 0.062203757 12.688834 1.0194671 53.093525 12.295458 3.293295 2.9382803 3.3988943 -0.077272445 -1.6326959
7 2 0.39468506 -7.024946 1.9346535 17.82032 0.6429853 1.7754222 0.6264735 1.479176 -0.039904077 0.03965035
7 2 0.20199034 -6.9994407 1.948699 17.68291 0.69376403 1.7926304 0.6561487 1.6984951 -0.03988169 -0.03356603
7 3 0.18233155 -7.113636 1.9412167 18.044598 0.642796 1.7597232 0.58811295 1.4334035 -0.10195777 0.075352475
7 3 0.1316435 -7.2283072 1.9775171 18.20848 0.67397916 1.7635354 0.6192542 1.6358331 -0.10107049 0.044520766
7 2 0.12903714 -7.269936 1.9671925 18.504803 0.62046874 1.782774 0.61543363 1.6524324 -0.08475139 -0.027394382
7 3 0.12210603 -7.2371244 2.0204034 18.40005 0.6554444 1.6949471 0.6210867 0.7555101 -0.1525428 -0.07110539
7 2 0.10941621 -7.648015 2.0150275 19.324604 0.8981623 1.7989495 0.7147665 1.762816 -0.12889802 -0.042780247
7 5 0.07538625 -7.6041646 2.0256438 19.01189 0.82828933 1.8114961 0.68858486 1.8066325 -0.098321676 -0.047695346
7 3 0.06470704 -6.9289093 1.873759 17.595457 0.64766526 1.704816 0.6338184 0.6249243 -0.114731155 -0.08425951
7 3 0.06450722 -7.572058 2.085908 19.216688 0.6627153 1.7131835 0.6290954 0.69090915 -0.23035845 -0.071689
7 2 0.061725784 -7.7482853 2.0082135 19.74399 0.76169664 1.7597091 0.63654137 1.717443 -0.18944769 0.05913748
7 3 0.058812555 -7.187446 2.1194584 18.329096 0.644285 1.6589942 0.5873977 0.91035634 -0.10691183 0.0050018933
7 3 0.058061954 -6.9025893 1.960664 17.466759 0.5964287 1.6940724 0.58528286 1.0242739 -0.0678053 -0.06563611
7 3 0.054314695 -7.4257164 2.158193 18.925907 0.66006184 1.6774133 0.59271914 0.6472188 -0.1611713 -0.025345346
8 8 0.06852663 20.127941 1.640823 26.59622 0.43345544 0.6331529 0.45570415 5.7193036 -0.07638329 -0.0030791312
8 8 0.061455503 20.082355 1.57637 26.527313 0.43914753 0.64449656 0.43147036 5.603877 -0.0753598 0.007420169
