0 5 0.40757474 -7.8552113 2.2113929 34.61265 4.8661714 1.8370461 2.029453 2.0994089 -0.04691221 -4.566991
0 5 0.20366 -7.961359 2.226961 35.005394 4.820602 1.8301779 2.0021367 2.0798829 -0.055819273 -6.8900204
0 5 0.18837713 -8.377611 2.27741 36.850967 4.772208 1.7957075 2.0043585 2.2073805 -0.09212911 -3.6740386
0 5 0.11776906 -8.500315 2.3874166 37.418613 4.8008018 1.8000354 2.0193088 2.2364445 -0.04122305 -2.062327
0 7 0.11062426 36.05162 0.2961514 43.21944 4.1575904 1.6815292 1.8437241 5.69516 -0.0411164 1.6094927
0 5 0.10951123 -4.6541843 2.5983045 97.67406 4.7058783 1.5641537 1.9775401 1.472438 -0.048949704 -6.408369
0 5 0.10294708 -4.646959 2.552353 96.013916 4.724086 1.5803512 1.9782217 1.5414965 -0.0021097548 -6.183461
0 5 0.10229895 38.636276 0.050260663 46.324043 4.4352407 1.7387235 1.9370286 5.857481 0.04130979 -0.022581195
0 6 0.10197949 39.0672 0.19083261 46.772713 4.3951354 1.7276176 1.9278344 5.838731 0.061640292 0.023680355
0 6 0.09870445 39.76758 0.2228952 47.342392 4.4338374 1.7179564 1.9442995 5.8865767 0.06106648 0.06576437
0 5 0.09676938 -8.48244 2.436325 37.138184 4.6426005 1.7919146 1.9557928 2.0834508 -0.051185973 -2.0086992
0 7 0.09530007 36.34268 0.27116418 43.72678 4.2038813 1.6862572 1.8576429 5.691914 -0.016898979 1.0340364
0 5 0.09407739 -8.260338 2.2651744 36.585686 4.688013 1.7907561 1.9847288 2.2236423 -0.07166271 -3.0232978
0 5 0.09330613 -8.201258 2.2744765 35.794415 4.7696357 1.8258579 2.0136988 2.0297117 -0.067649245 -6.216162
0 5 0.08118519 -8.099251 2.255489 37.073006 4.8011065 1.7918326 2.0011013 2.2179697 -0.034818333 -2.4549718
0 7 0.078525975 36.76725 0.2925173 43.782333 4.144193 1.6743028 1.8401479 5.710863 -0.016532714 2.341876
0 5 0.078307934 -19.903986 2.2285147 69.38027 4.5234127 1.6076478 1.9169856 4.6739507 0.05733066 5.1397614
0 5 0.078139424 -18.922108 2.1545262 68.37573 4.500555 1.6007332 1.9056809 4.692157 0.02649689 5.8969293
0 5 0.07733635 -20.755808 2.2542107 70.08419 4.5392847 1.626536 1.9249836 4.6248 0.023002034 5.5347495
0 5 0.076102085 -8.653919 2.3975506 37.451916 4.7601104 1.7948893 1.9809182 2.0595496 -0.01624802 -2.1824274
0 5 0.07426535 -0.39941135 2.210441 110.562256 5.8573256 2.0177183 2.1364667 1.7009612 0.023508696 -0.52700615
0 5 0.0723472 -4.631536 2.551712 94.945786 4.72054 1.5552336 1.956983 1.5370699 -0.06410589 -4.881768
0 5 0.07217843 -8.401928 2.27392 36.0646 4.7218275 1.7996526 2.0013506 2.012669 -0.089863196 -5.906033
0 5 0.071863785 39.19688 0.1817556 46.000572 4.4444046 1.7251897 1.9099013 5.8926644 0.050924473 -0.006317783
0 5 0.0702714 0.060634937 2.3769903 112.25304 6.310816 2.1239123 2.2227623 1.7380832 0.078240536 0.22178853
0 5 0.06980062 -18.069912 2.1451461 67.15713 4.49456 1.6059636 1.9074507 4.71696 0.030723216 5.4712596
0 5 0.068269715 -21.24676 2.2114708 70.409065 4.554084 1.6489526 1.927426 4.5728965 -0.025564604 6.9046164
0 5 0.06805216 -2.0625682 2.1157978 101.66781 5.3571587 1.82782 2.0546408 1.6321439 -0.05261875 -2.616876
0 5 0.06770697 -3.2645981 2.4866276 94.22152 4.941031 1.6616716 1.9976261 1.6009845 -0.04810358 -3.5297883
0 5 0.067207634 38.680023 0.07983571 45.519714 4.464559 1.7524391 1.9275628 5.890418 0.074598365 0.0019230731
0 7 0.06616028 36.766895 0.26302356 44.006676 4.194842 1.6918265 1.8611081 5.693726 -0.0530985 2.0909622
0 0 0.06551578 -29.441542 2.9585006 66.84965 4.306015 1.6232878 1.8685635 1.6600982 0.010523709 0.030952305
0 5 0.06449406 -3.5049157 2.4870942 94.31168 4.9136667 1.6832982 2.0141845 1.6014739 -0.009885355 -4.5256386
0 6 0.06442963 40.333057 0.17539632 48.234085 4.3888206 1.7014339 1.9196558 5.8826566 -0.008868044 0.04305113
0 5 0.063062124 -4.941716 2.6327362 99.66769 4.6909313 1.5506508 1.9563518 1.4558512 -0.055417933 -6.435892
0 5 0.06189684 -8.406638 2.7789485 92.587654 4.7057724 1.4706186 1.9353998 1.7075891 -0.03116471 -5.573146
0 5 0.061616857 -8.71048 2.70977 94.502144 4.7367997 1.4673446 1.9392339 1.5923365 -0.024178188 -5.610845
0 7 0.061124966 36.996597 0.23976374 44.495804 4.2234364 1.69095 1.8779993 5.696973 -0.045762338 1.3350884
0 0 0.060734097 -28.43479 2.9207263 65.47609 4.299365 1.5984322 1.8641468 1.6227962 -0.020213287 -0.034532495
0 5 0.05910185 -9.76417 2.8350055 90.845345 4.6993427 1.5167289 1.9409105 1.7852852 0.00513977 -5.3043466
0 5 0.059055943 20.795893 1.4842434 47.28353 5.293535 1.7946825 2.0799696 3.567777 -0.042659607 0.4864564
0 5 0.056592625 -30.1609 2.9671924 67.66481 4.310899 1.6314038 1.8699387 1.7033701 0.036365755 0.065535314
0 6 0.056163613 40.045883 0.1348629 47.944595 4.401232 1.7084314 1.9332635 5.854142 -0.06826763 0.56290656
0 5 0.056161676 -10.287236 2.8826053 89.71237 4.617073 1.5332632 1.9294169 1.8924578 -0.009657381 -5.710505
0 7 0.05262295 37.310028 0.3131038 44.403812 4.1585345 1.6709769 1.8438512 5.71084 -0.016556205 2.5503273
0 7 0.052581463 37.153694 0.22346747 44.962467 4.232075 1.6885451 1.8669486 5.704116 -0.018415768 0.90756786
0 5 0.05143868 16.763096 0.9493637 48.76113 11.541532 3.0880475 2.7993476 3.6048684 -0.02915422 -0.06744154
3 5 0.42468464 16.763096 0.9493637 48.76113 11.541532 3.0880475 2.7993476 3.6048684 -0.02915422 -0.06744154
3 5 0.3134826 15.993273 0.9714374 47.457954 11.851764 3.1248868 2.8865647 3.633913 -0.061902776 -0.07596836
3 5 0.28745058 17.46798 0.957375 50.71005 11.480895 3.1414537 2.7874744 3.5929503 -0.008079993 0.018907864
3 5 0.18204841 15.810374 1.9891543 47.609592 12.00095 3.1191192 2.9001164 3.8050556 0.045146592 -0.669997
3 5 0.1598123 16.740597 1.009181 49.70422 11.81 3.2182837 2.8438103 3.6398435 -0.05114031 -0.0026012287
3 5 0.13843834 16.97786 1.2860847 50.455418 12.126521 2.9900534 2.986883 3.7854388 -0.004484838 -0.184024
3 5 0.10089522 18.153625 1.7907423 52.609207 11.69861 3.2118125 2.9262376 3.6725855 0.023551999 -0.34100595
3 5 0.09554684 17.664059 0.99786025 52.585854 11.948931 3.107636 3.0412982 3.730845 -0.07673954 -0.25730565
3 5 0.084496 16.646246 1.0397463 48.142784 11.666181 3.1329272 2.9258971 3.6062422 -0.025643867 0.5005089
3 5 0.0746283 15.334999 1.336169 46.30577 10.775652 2.8292608 2.941662 3.7742596 -0.03279206 -0.003911637
3 5 0.06987153 17.360806 1.0599736 51.176056 11.547693 3.1189997 2.7680376 3.5301566 -0.08901761 -0.7091658
3 5 0.06810854 17.560213 1.0021887 51.740925 11.390035 3.1641798 2.7506971 3.4795496 0.00397335 -0.0011334196
3 5 0.05986133 17.033842 1.7192194 49.988213 11.774023 3.1028628 2.9520621 3.8079703 0.021789161 -0.05893944
3 5 0.05524888 17.642525 1.440391 51.626125 11.24271 3.048449 2.9520829 3.7571535 -0.07544711 -0.27944392
6 0 0.053601675 -29.441542 2.9585006 66.84965 4.306015 1.6232878 1.8685635 1.6600982 0.010523709 0.030952305
7 3 0.47596368 -7.1689267 2.095858 18.277866 0.70373833 1.7341329 0.6348719 6.3188815 0.063532665 0.009474643
7 3 0.31092224 -7.1551404 2.0864246 18.208954 0.7137511 1.7215121 0.6227368 6.356929 0.044438176 0.021065976
7 3 0.2605967 -7.263861 2.1433759 18.462198 0.71454537 1.7427853 0.64749825 6.2687016 0.10156833 -0.035912044
7 3 0.23289941 -7.3157854 2.134459 18.507128 0.70989615 1.7297978 0.6377264 6.303447 0.16728856 0.05603549
7 3 0.08583681 -7.40016 2.120121 18.800798 0.7251085 1.7353638 0.618516 6.215324 0.09415096 -0.074318275
7 3 0.08040634 -7.727398 2.1835785 19.665825 0.65282744 1.8169055 0.6056995 5.877254 0.08854195 -0.0545262
7 3 0.080153726 -7.433057 2.1181674 18.808174 0.58795416 1.7684844 0.59710366 5.8944483 0.09524899 -0.068685785
7 3 0.07896016 -7.262611 2.0575125 18.561218 0.6855483 1.6896191 0.5918001 3.0452507 -0.041935384 -0.1808478
7 3 0.06989533 -7.3323684 2.062128 18.72007 0.690898 1.6924524 0.5956174 3.0839345 -0.0750081 -0.20691395
7 3 0.06511758 -7.686589 2.1677394 19.35313 0.75811154 1.7404467 0.6443088 6.221072 0.05619183 -0.07528679
7 3 0.060159367 -7.352981 2.178213 18.833668 0.66632223 1.6823741 0.58316535 6.253799 0.036679484 -0.062870756
7 3 0.057141807 -7.491051 2.1191108 19.158297 0.7612226 1.7125014 0.63845086 6.178753 0.07559831 -0.07387045
7 3 0.057053167 -6.944408 2.1568565 17.521055 0.6931182 1.7173223 0.61779183 6.1148524 0.06460785 0.037992187
7 3 0.057019684 -6.9648924 2.152093 17.731937 0.7056593 1.7343398 0.60139626 6.1757054 0.01056386 -0.019942936
7 3 0.050664626 -7.3799706 2.1986465 18.972559 0.6546308 1.6885238 0.58241975 6.246482 -0.013549062 -0.12701301
8 8 0.068075754 19.271866 1.5889165 25.503376 0.39380836 0.6520295 0.41213435 5.624397 -0.072794 -0.019100621
8 8 0.06022198 19.403181 1.540827 25.70052 0.40894768 0.649057 0.39029476 5.5596547 -0.062131934 -0.0052084625
8 8 0.050815027 18.990685 1.562532 25.012522 0.3925742 0.6381573 0.41589344 5.6223335 -0.075529404 -0.014051884
8 8 0.05006591 19.235842 1.5306329 25.33925 0.41509578 0.62692064 0.3998764 5.510469 -0.06584574 0.00360745
