0 5 0.113814585 -57.336052 3.662062 70.66226 4.457121 1.6291124 1.9290304 4.2047725 -0.0335648 7.5013976
0 5 0.0958371 -57.884212 3.6878831 71.31853 4.4621563 1.6309847 1.9433842 4.1571765 -0.026183639 5.3351626
0 5 0.084487505 38.41352 0.37535447 45.260662 4.2163243 1.6680273 1.8388914 5.7198954 0.08119455 5.4447474
0 5 0.07524019 38.565086 0.4297641 44.698547 4.6075263 1.6786058 1.9339002 5.8007264 0.015057547 7.229316
0 5 0.06727709 39.980408 0.33410218 46.81102 4.224256 1.6551723 1.8325971 5.7538157 0.06495576 5.5825067
0 5 0.0626357 38.090652 0.3817985 45.205357 4.6308618 1.6648464 1.953022 5.7483907 0.022913167 5.0689983
0 5 0.06209396 38.59496 0.258097 44.92821 4.6198645 1.6637049 1.9439245 5.773823 0.029242625 7.6224685
0 5 0.05883613 37.801147 0.39265916 44.595882 4.240393 1.6712018 1.8397344 5.708623 0.080528006 5.7236695
0 5 0.05675667 37.49825 0.24050432 44.688927 4.645931 1.6630552 1.9535898 5.7453437 0.009921528 5.997495
0 5 0.05602184 37.395092 0.38926297 44.346462 4.2401156 1.6566895 1.8287139 5.6636667 0.07066566 6.267151
0 5 0.05366 39.513252 0.3975842 47.342087 4.5714316 1.667631 1.9399738 5.7440553 0.09693836 6.2784095
0 5 0.053454306 -57.549305 3.6327157 70.25858 4.490669 1.5813677 1.9320086 4.017682 -0.12387749 10.844525
0 5 0.050184257 -57.751488 3.6929803 71.43847 4.5207553 1.6218563 1.9268914 3.808865 -0.060297906 8.426895
3 5 0.35733566 -6.2329617 1.525284 43.333546 11.726571 3.2029626 2.9466386 2.5810807 -0.015674122 -2.7698107
3 5 0.12523927 -6.1376367 1.4736885 43.546444 11.801447 3.2927039 3.0237668 2.7482224 0.0077279713 -2.1598196
3 5 0.11638991 -6.565928 2.7321854 45.836716 11.331612 3.4539754 2.9321032 2.5585573 -0.018772492 -1.2285622
3 5 0.1153198 25.11228 1.2586448 140.18703 12.880268 3.197244 3.053944 4.8147416 0.036258824 5.9807844
3 5 0.09908883 25.045769 1.2864866 142.01099 12.841743 3.1564603 3.0861156 4.8387485 0.019744793 6.5095596
3 5 0.09578563 -6.2531443 1.6258525 43.889236 11.866639 3.3003087 3.015482 2.6683257 -0.06421002 -3.4328806
3 5 0.08508194 -6.26768 1.8823967 45.54915 11.337766 3.3576982 3.0288801 2.5811198 -0.09909249 -0.18247211
3 5 0.072203636 -5.2575455 2.571948 47.58347 11.587864 3.3491576 2.9540915 2.7047226 -0.029838366 -1.7582842
3 5 0.07147965 -6.5642767 2.7494512 46.38148 11.397076 3.419557 2.9016862 2.7856736 -0.04007477 -0.684315
3 5 0.06268806 2.2650754 1.5889585 70.31499 11.25852 3.7442818 2.8679903 4.928327 0.047240622 3.1413462
3 5 0.0617859 -7.1031947 1.8865123 49.438145 11.49576 3.4417987 2.970374 2.7916865 -0.023970611 -0.7553838
3 5 0.061439604 -6.4048157 1.924625 47.30402 11.466377 3.3703134 3.007047 2.7270014 -0.08503188 -0.15781686
3 5 0.05986613 -6.1081305 1.85245 48.95967 11.696853 3.2472365 3.010505 2.7508097 -0.108624615 -1.1510617
3 5 0.055550337 -6.6135416 1.476879 44.24705 11.768366 3.1831424 2.973572 2.5827034 -0.058173984 -1.4379995
3 5 0.05291584 -7.3687654 3.0223703 47.90735 10.923225 3.3895583 2.843919 2.818825 0.008334959 -0.21046627
3 5 0.051668152 -6.5503116 1.5050875 43.02164 11.984641 3.267627 3.0458424 2.6794362 -0.038030237 -1.939731
6 0 0.062427673 -16.343378 2.232959 40.958435 1.0937766 1.6236308 0.57224685 5.3480062 0.05770342 0.34030697
6 0 0.052893054 -16.424719 2.2191658 41.00733 0.89353424 1.6607125 0.56818914 5.6177416 0.016619248 0.26436523
7 3 0.42367482 -6.8280497 2.0176823 17.187342 0.6883637 1.6984936 0.6603236 6.5922303 0.05302474 0.081521995
7 3 0.271278 -6.9567533 2.0485153 17.5042 0.6747665 1.7092112 0.6061258 6.6074576 0.036328875 0.079674624
7 3 0.22958328 -7.071173 2.0778418 17.787622 0.70689964 1.6928345 0.66183925 3.6480134 0.12747596 0.26717335
7 3 0.105145335 -6.6820416 1.891288 16.662104 0.5563169 1.8115621 0.57390916 6.2117715 0.12652801 -0.029873986
7 3 0.10051702 -6.931242 1.9924712 17.447842 0.6631083 1.7045804 0.64142203 6.554941 0.10857261 0.097024955
7 3 0.093247354 -6.526589 1.903892 16.471203 0.6059193 1.7679093 0.60775816 6.152107 0.17009419 -0.059766613
7 3 0.081967995 -6.978277 2.000978 17.577917 0.6506635 1.7036976 0.6131571 6.5443554 0.07374682 0.13342944
7 3 0.06777043 -7.075732 2.0707686 17.390812 0.70078605 1.723506 0.6582328 6.4743395 0.066792734 0.019595988
7 3 0.05722382 -7.27767 2.0257132 18.20084 0.5790063 1.6281945 0.5894739 3.779038 -0.050220214 0.09632897
7 3 0.0570382 -7.215401 2.0961409 17.747911 0.6850607 1.6998981 0.62236345 6.6344113 0.15433653 0.2881473
7 3 0.05076355 -6.945509 2.016137 17.401783 0.7134623 1.6931883 0.6855494 6.3107767 0.18577482 0.077263474
7 2 0.05020037 -6.9989114 2.0196424 17.685453 0.7193395 1.7222021 0.65968233 6.5277314 0.107188664 0.17641616
8 8 0.0517945 20.588943 1.6482065 27.110071 0.3976701 0.6366533 0.41019848 5.3445587 -0.1155678 0.011275716
