0 5 0.4487186 -12.013155 2.2689457 19.760473 4.6725144 1.7902197 1.9475712 1.8146958 -0.039973356 -1.8978375
0 5 0.28448278 -11.883905 2.2841759 19.585325 4.69847 1.7762841 1.9601345 1.8410194 -0.09270441 -1.4419774
0 5 0.13900536 -11.388295 2.3542516 18.67879 4.3642807 1.7237203 1.8693557 1.8102254 -0.06362266 -1.719341
0 5 0.106874 -4.959931 2.6272492 95.767235 4.5440063 1.5973078 1.9671818 1.4079839 -0.039008893 -4.094184
0 5 0.10585831 -12.20814 2.3079438 20.081545 4.6961265 1.8143499 1.950731 1.7970648 -0.059082434 -4.012504
0 5 0.10264377 38.078682 0.29383618 44.910397 4.2095227 1.6798587 1.8440729 5.756204 0.0600088 4.5117483
0 5 0.09742644 -22.638638 2.0720875 73.77037 4.5217304 1.6746582 1.9358885 4.3616834 -0.029761745 13.506663
0 5 0.094221674 -11.671837 2.2043087 19.185764 4.6800294 1.7362884 1.9488499 1.815325 -0.049697645 -1.0934078
0 5 0.08469418 39.823025 0.20756859 47.295914 4.572107 1.6605023 1.9645537 5.787278 0.0373704 3.1023128
0 5 0.0825068 -8.795254 2.6122684 88.63739 4.653814 1.5124685 1.9380127 2.135629 -0.019115409 -4.0148053
0 5 0.08001073 39.24451 0.03526324 46.66755 4.6231484 1.6466594 1.9685794 5.794733 0.016947685 3.1850598
0 5 0.07833326 -10.780065 2.278252 18.085165 4.4148254 1.6992985 1.8606582 1.7994468 -0.12524 -0.98241365
0 5 0.078194745 -22.532171 2.0701563 73.2807 4.551598 1.6897599 1.9372172 4.3554125 -0.03215842 11.104639
0 5 0.076885715 40.762665 0.20526093 47.532104 4.543965 1.6489141 1.9255769 5.825469 0.052194998 5.191623
0 5 0.07346013 39.199482 0.28026223 45.921783 4.209389 1.6761802 1.8439074 5.7783823 0.021722702 3.8469145
0 5 0.07110527 39.99152 0.040321946 46.81322 4.575889 1.6320686 1.9346524 5.8102727 0.051957868 5.267284
0 5 0.07107147 1.648263 1.6582358 68.8657 6.931618 3.0798433 2.686465 2.6087523 -0.034492917 -2.0684714
0 5 0.07041105 -9.383249 2.68855 90.5112 4.5836916 1.5394435 1.9270263 2.0769925 -0.019852279 -3.2259693
0 5 0.068418674 -22.198864 2.102803 72.49166 4.5235453 1.6806037 1.9364113 4.3890967 0.004757073 14.716367
0 5 0.06723629 2.777962 1.5537275 60.027134 6.2391453 2.8285196 2.6441784 2.5377538 -0.029228255 -2.6327558
0 5 0.0642972 -12.6514435 2.3118198 20.185928 4.58823 1.7052084 1.9458492 1.8058404 -0.018531084 -2.4406989
0 5 0.06418728 -4.8977365 2.6405554 94.7824 4.519234 1.5826555 1.9651316 1.4551035 -0.08448226 -3.8979852
0 5 0.06299037 40.86296 0.25565243 48.16842 4.5664983 1.6595337 1.9651681 5.8025126 0.057386883 3.960426
0 5 0.06142496 41.020237 0.20560962 49.140774 4.537007 1.6403787 1.9430987 5.786712 0.0745191 3.543817
0 5 0.060066186 37.73554 0.29363585 44.77795 4.2369514 1.6509383 1.8393741 5.7135186 0.04634118 4.3786445
0 5 0.058945403 -13.023707 2.3357172 20.743708 4.634749 1.7373458 1.9642082 1.8210034 -0.072564274 -2.5728781
0 5 0.05722945 -18.123114 2.672349 30.91354 4.4160714 1.6904035 1.8998741 1.6486824 -0.07110777 -1.3457023
0 5 0.05625214 39.23923 0.27480966 46.18351 4.2509117 1.6936045 1.8552848 5.7404475 0.007626541 4.949008
0 5 0.055674218 38.71011 0.22691017 46.247375 4.2587533 1.652602 1.8518623 5.713181 0.07414007 3.3348036
0 5 0.054943267 -11.152829 2.0722828 18.623816 4.431285 1.6873338 1.8324732 1.8523235 -0.057443865 -0.77899593
0 5 0.054091576 -16.347631 2.5612245 28.78562 4.400782 1.6933621 1.8859173 1.5925108 -0.10289694 -1.9950081
0 5 0.052676175 -21.905209 2.0959032 71.42808 4.52398 1.6861013 1.932154 4.3766994 -0.023492675 11.7528105
0 5 0.05139901 38.789383 0.26139182 45.965843 4.251527 1.6791495 1.8601385 5.723336 0.014681062 4.8641167
0 5 0.051155865 -4.920217 2.6320028 95.295265 4.4922233 1.5853595 1.9565111 1.3790897 -0.066226125 -3.3577185
0 5 0.05105386 40.36452 0.15032738 47.474503 4.590634 1.644753 1.96878 5.8112283 -0.010837701 3.9668505
0 5 0.050462738 2.7705376 1.6145686 60.43897 7.1547117 3.1797912 2.7917378 2.7462304 -0.0117511 -1.3080497
0 5 0.050149556 1.0901427 1.7815828 71.3292 7.031277 3.1491282 2.6420693 2.4834719 -0.027738897 -1.8525525
3 5 0.47285014 9.500612 1.2136018 55.366894 11.805183 3.2613127 2.8233876 3.0994055 -0.03993123 -0.5292615
3 5 0.33632007 9.477314 1.2789687 56.10463 12.11439 3.3650928 2.8910067 3.1370244 -0.07711768 -0.72273123
3 5 0.12095533 9.234013 1.3773746 53.953815 11.91651 3.252059 2.914406 3.0825927 -0.048165735 -0.40592903
3 5 0.117925 8.964295 1.9794381 54.880516 12.55156 3.3344178 3.1529171 3.2979877 0.0056518856 -1.3755714
3 5 0.106599525 9.159859 1.4001538 55.090794 11.797944 3.2332468 2.8093596 3.0385642 -0.06589418 -0.22071502
3 5 0.10563887 8.146183 2.1622272 51.769352 12.211844 3.2716389 2.9182987 3.3197348 0.018697998 -0.12289081
3 5 0.100252554 9.021715 1.3807093 53.8105 12.377988 3.1915865 3.0037582 3.3197806 -0.06913146 -0.2218953
3 5 0.089472964 8.455658 1.2522502 53.864296 12.756066 3.1808999 3.147725 3.2504961 -0.068654984 -0.29255366
3 5 0.07755979 8.039915 1.9519358 53.036247 12.530492 3.301548 3.1124692 3.3238115 0.027846051 -0.23625788
3 5 0.07533633 -16.673338 0.12207079 59.609547 11.524181 4.519474 2.7435591 1.1098081 0.058997937 1.1924481
3 5 0.06988919 9.259621 1.244833 54.444164 12.162971 3.2832859 2.952264 3.082894 -0.07764874 -0.45765042
3 5 0.067247175 -17.432133 0.16088986 60.378044 11.885296 4.840516 2.7060025 1.1307065 0.091506265 -1.2479777
3 5 0.06399264 1.648263 1.6582358 68.8657 6.931618 3.0798433 2.686465 2.6087523 -0.034492917 -2.0684714
3 5 0.058723927 10.656344 1.2765539 58.68463 12.513451 3.4034424 2.9598355 3.134352 -0.028812367 -0.11144765
3 5 0.057153616 2.777962 1.5537275 60.027134 6.2391453 2.8285196 2.6441784 2.5377538 -0.029228255 -2.6327558
3 5 0.056030903 -16.59202 0.04814291 60.631153 11.361712 4.421743 2.7409694 1.154403 0.06021642 0.6834052
3 5 0.05167177 9.132748 1.4164 53.0984 12.83589 3.2834032 3.1160545 3.3205059 -0.056384504 -0.11328168
3 5 0.05085284 1.7508622 1.6296827 69.542534 8.066004 3.4254909 2.869075 2.6922314 0.01861828 -0.52529377
4 5 0.051127132 9.477314 1.2789687 56.10463 12.11439 3.3650928 2.8910067 3.1370244 -0.07711768 -0.72273123
7 3 0.34229976 -7.456153 2.1886995 18.622385 0.7438936 1.7625915 0.7058869 6.515587 -0.0681036 0.024841785
7 3 0.2629091 -7.5425315 2.2067907 18.771301 0.7536671 1.7629957 0.7179335 6.6246295 0.02065908 0.084356226
7 3 0.25797054 -7.3096914 2.15914 18.208424 0.716398 1.7747339 0.66153204 6.539254 -0.035738394 0.020204525
7 3 0.101263285 -7.355501 2.1124148 18.461391 0.6823834 1.7849338 0.6644697 6.4415126 0.05537469 -0.04306175
7 3 0.09325725 -7.537818 2.1984777 18.465908 0.76390177 1.7765596 0.6958802 6.3402195 -0.0022996962 0.020831272
7 3 0.080550134 -7.7054725 2.2292266 18.872692 0.7597933 1.7589216 0.67201644 6.503365 0.013649764 0.14821082
7 3 0.07397313 -7.390911 2.1137695 18.43149 0.73270303 1.7599353 0.7025113 6.2586203 0.044442512 -0.039861456
7 3 0.073745765 -7.3693337 2.1593728 18.561325 0.70337224 1.8148932 0.6802134 6.4995546 0.09440208 -0.03719052
7 3 0.072101265 -7.47334 2.1813643 18.809887 0.70481217 1.7873634 0.68457824 6.528866 0.0836187 0.035402536
7 3 0.0673694 -7.5026603 2.187095 18.723694 0.7081152 1.8092595 0.70256686 6.364875 0.10984457 -0.050494324
7 3 0.0642563 -7.220679 2.0904937 18.13305 0.70586693 1.7719499 0.6619132 6.4419746 -0.097134076 0.03962124
7 3 0.061822675 -7.1821218 2.1933074 17.847864 0.698531 1.7973758 0.65806687 6.5887403 -0.0069421185 0.059006117
7 3 0.054936744 -7.117087 2.1937056 17.699018 0.68906707 1.7924938 0.6270495 6.5613885 -0.06657528 0.0022641923
7 3 0.052859265 -7.5849886 2.0684276 18.866718 0.5844064 1.6749868 0.5950846 0.4893798 -0.08560829 0.002493875
8 8 0.07890364 20.498085 1.6814957 27.034342 0.49453354 0.6402974 0.46324873 5.524558 -0.08719467 -0.016044222
8 8 0.06450264 20.155416 1.653295 26.517744 0.50116104 0.62673396 0.4798076 5.5037804 -0.07400372 -0.008123927
8 8 0.05874657 20.286943 1.6244476 26.697481 0.5218813 0.6412991 0.45021173 5.422062 -0.043705422 0.0093377195
