0 5 0.45894566 -12.379234 2.3342433 27.44919 4.672684 1.5556866 1.8743302 1.7890227 -0.14156689 -7.3174872
0 7 0.3861243 5.733866 2.1023324 7.158611 4.2692423 1.4159348 1.7746388 4.30815 -0.090478785 0.041870266
0 5 0.37952772 -13.257537 2.3799934 29.512068 4.558012 1.5174674 1.8746585 1.8426946 -0.056774504 -4.1464696
0 5 0.34904167 1.1627288 2.006107 55.07984 4.7596836 1.631959 1.9855728 2.6145194 -0.08474478 -4.218956
0 5 0.32964215 20.193596 1.5731816 58.388565 4.7113967 1.5629594 1.9932737 3.2553258 -0.02909595 -1.2353193
0 5 0.31076354 0.98710704 1.9857445 54.186077 4.694326 1.6220927 1.9666688 2.6356845 -0.019342981 -3.8382876
0 5 0.3003109 32.722828 1.395453 44.070377 4.6002345 1.6844416 1.9709958 3.2133386 -0.041286506 -1.6317686
0 7 0.2776448 4.865891 1.9143059 6.058216 4.3606954 1.4358673 1.7858096 4.286217 -0.010704294 0.050538786
0 5 0.23362793 0.9990132 2.0368583 54.799896 4.7221637 1.6415484 1.973132 2.6252224 -0.03021175 -4.4412494
0 5 0.22325784 -12.887671 2.3782804 28.521486 4.625936 1.6058946 1.8846127 1.7240353 -0.10613798 -6.942497
0 5 0.18461387 -12.530551 2.3601508 27.9319 4.70328 1.570045 1.8629814 1.7630246 -0.06502558 -5.9328737
0 5 0.15688343 33.83063 1.3505932 45.40872 4.646889 1.7147205 1.9942933 3.2286348 -0.079717234 -1.4636065
0 5 0.15670817 33.00199 1.3797202 44.69257 4.569993 1.6858282 1.9487537 3.2259703 -0.08380637 -2.2354174
0 5 0.15177141 4.7045646 1.9042742 5.8057313 4.278909 1.4196652 1.7319719 4.30328 -0.069136895 0.04210958
0 5 0.15018158 19.94154 1.5976412 57.76536 4.653626 1.5537198 1.9755034 3.2382915 -0.00443781 -0.0123850405
0 5 0.14596899 20.37944 1.5914031 59.118282 4.7155533 1.5637507 1.9904737 3.2281752 0.0048086345 -1.1145424
0 5 0.14299123 -13.466267 2.4038267 29.813522 4.6441445 1.5320327 1.8957253 1.830838 -0.045242228 -2.7055326
0 5 0.14142977 0.96112627 1.980958 53.80293 4.6522555 1.6465756 1.94084 2.697855 -0.17196448 -4.8405285
0 5 0.12769738 1.1086463 2.0039122 55.4096 4.8082027 1.6449571 1.9898132 2.6242342 -0.028778668 -3.2285528
0 5 0.119176164 34.125626 1.4140332 46.621696 4.5901446 1.8059417 1.8938936 3.2541633 -0.033538967 -0.07623157
0 5 0.11641831 19.95783 1.5264877 57.997562 4.6843476 1.5512823 1.9667759 3.2872188 -0.045588717 -0.84833634
0 5 0.11543214 33.69186 1.3524029 45.063133 4.671661 1.6924666 2.001069 3.2161968 -0.05897764 -3.9522138
0 5 0.11270824 -2.0443442 2.1503134 65.18003 4.5638433 1.7239919 1.954098 2.5058768 -0.099969424 -3.8330529
0 5 0.10687406 -1.0286794 2.0305393 65.73273 4.746506 1.7443188 2.0245466 2.7112813 -0.022829989 0.014607441
0 5 0.10205727 19.134514 1.5981888 55.46876 4.5018115 1.5136756 1.8944155 3.278749 -0.0796897 -0.7690215
0 5 0.1016116 0.87534505 2.001354 57.643383 4.781342 1.7267574 2.0043333 2.6127813 0.023734057 -2.3534086
0 5 0.099414855 33.754883 1.3249425 45.753056 4.605172 1.7978388 1.9465178 3.2387466 -0.09279082 -0.075099975
0 5 0.09803338 19.42856 1.5953965 57.139168 4.4918957 1.5195955 1.9004475 3.2456567 -0.07532982 -0.20454061
0 5 0.09684702 34.368603 1.4334013 45.984737 4.5070205 1.754969 1.9142737 3.3779287 -0.07606598 -1.7540214
0 5 0.09634828 1.2218142 1.9808507 53.590427 4.665785 1.652187 1.9345286 2.6094306 -0.17582028 -5.001706
0 5 0.09413336 -13.232743 2.4299793 29.589539 4.6584973 1.6016399 1.8643028 1.656601 -0.085256524 -5.2935066
0 5 0.0882745 -2.0155444 2.1706839 64.68304 4.473182 1.696089 1.903299 2.5885887 -0.09335227 -2.9452906
0 5 0.08741331 -13.225474 2.446238 28.937134 4.630439 1.587526 1.865184 1.7616856 -0.15057163 -6.1873
0 5 0.081275985 4.771962 1.4682717 5.1058507 4.761374 1.5987568 1.9602633 4.284505 -0.035571363 0.023968738
0 5 0.07892262 0.94352996 1.9917979 57.29799 4.768466 1.6915451 1.9937215 2.5870457 0.035382144 -3.2056785
0 5 0.07468465 33.0637 1.3830161 44.45163 4.5450974 1.6693214 1.9554704 3.2074542 -0.081921265 -1.7284245
0 5 0.07371376 6.041735 2.0832484 7.4739227 4.278991 1.416149 1.7669221 4.3739038 -0.016560812 0.015611168
0 5 0.07210142 -2.1120684 2.1123643 71.91135 4.6572404 1.7294364 1.9869974 2.8022063 -0.032416984 -0.43976086
0 5 0.07186096 34.0725 1.3294168 45.600735 4.769615 1.8099612 1.9591008 3.2876346 -0.00363422 -1.413531
0 5 0.070379175 35.103607 1.3927056 47.061546 4.703796 1.7947644 1.9692637 3.4111006 -0.14264429 -0.8730298
0 5 0.06952708 19.31664 1.6326985 56.8313 4.531337 1.5230292 1.9048153 3.2987592 -0.07445761 -0.14288437
0 5 0.067593776 -1.9382979 2.0912733 63.773563 4.571384 1.6732427 1.934483 2.4386926 -0.08823033 -1.1583496
0 5 0.06442218 -1.8686919 2.126185 66.16174 4.6194706 1.7405515 1.9739176 2.3921094 -0.07999343 -1.9200509
0 5 0.06423153 34.16591 1.3987875 44.791702 4.614554 1.7863008 1.9326005 3.280035 -0.06696999 -0.7801398
0 5 0.063898444 0.59844166 1.9695919 56.726578 4.502544 1.6010461 1.9110974 2.7439246 -0.12170573 -2.0603106
0 5 0.06103264 -1.016601 2.139593 68.55562 4.7737603 1.7398986 2.010049 2.7045932 -0.014667356 -0.6304665
0 5 0.058594722 -22.179014 2.0790222 83.10516 4.508157 1.599915 1.9425477 4.4469824 -0.011551918 3.7086499
0 5 0.05855664 0.5477651 2.0166876 60.207214 4.842058 1.7190973 2.020578 2.6438658 -0.020901592 -1.6505662
0 5 0.057013355 -1.0354843 2.0468025 66.911865 4.7916975 1.7445537 2.033368 2.7183878 -0.00820799 -0.46975583
0 5 0.056684747 5.985112 1.9259474 6.4038243 4.8574405 1.6627885 1.9768195 4.279557 -0.06196618 -0.10748476
0 5 0.056445923 -22.269457 2.104792 82.3908 4.4919333 1.5762475 1.9307977 4.5442133 0.0069704 3.3285763
0 5 0.05544128 -12.855501 2.4313636 29.833916 4.6877174 1.504577 1.9135242 1.7511514 -0.050829187 -2.5018287
0 5 0.05484194 34.561474 1.3746704 45.451145 4.715674 1.7827183 1.9403708 3.3251388 -0.11481576 -0.6079783
0 5 0.054356795 -2.063512 2.146028 63.939083 4.5321116 1.6999859 1.91832 2.5599513 -0.09845816 -1.2575836
0 5 0.05410855 -23.299465 1.9671812 85.569374 4.5357957 1.61101 1.9407371 4.4094315 -0.069101006 4.420038
0 5 0.052611675 41.673748 1.3801625 47.81199 4.425797 1.6356363 1.9032447 3.2192235 -0.052844092 0.6116088
0 5 0.050935376 -1.7116622 2.1038678 65.28124 4.652609 1.7306268 1.9594237 2.4403765 -0.058657788 -0.33829144
0 5 0.05083633 0.5858811 2.133235 64.85768 4.670244 1.6482886 2.0097954 2.7964735 -0.034505 -0.32805157
0 5 0.050609753 1.2701503 2.047354 53.98 4.7604127 1.6743933 1.9741759 2.601677 -0.072094165 -4.23029
0 5 0.050250635 19.651508 1.545543 55.817802 4.3936496 1.5223178 1.8638928 3.2643142 -0.09613463 -1.0676333
1 5 0.070318915 -2.0443442 2.1503134 65.18003 4.5638433 1.7239919 1.954098 2.5058768 -0.099969424 -3.8330529
3 5 0.07891424 24.265669 0.9687703 137.29744 12.470814 2.8445354 2.9414039 4.7871456 0.065649524 3.9574964
3 5 0.07746553 24.394575 0.9644238 140.10036 12.452648 2.7934494 2.9754288 4.7891693 0.014530262 4.6068788
3 5 0.051391486 -41.200676 1.0670874 100.69545 12.035171 3.4191484 2.9630933 1.0836016 0.00094100274 -0.61078507
5 0 0.29235303 9.395877 1.6602354 16.224182 1.8447726 1.6224838 0.6439157 3.6956863 -0.1607542 -0.04457859
5 0 0.21966994 9.592301 1.6736946 16.533375 1.8244624 1.627352 0.69266665 3.7646067 -0.09042531 -0.03551753
5 0 0.18956363 9.546287 1.6929785 16.486479 1.7822627 1.644498 0.6716516 3.653418 -0.086650915 -0.023239413
5 0 0.07795508 9.320412 1.6477698 16.099123 1.8461254 1.5612838 0.65555966 3.7559776 -0.11776129 -0.010123303
5 0 0.072291695 9.642866 1.7012101 16.624968 1.8632519 1.6694307 0.69745535 3.900966 -0.12823223 -0.07310307
5 0 0.07161226 9.33164 1.6259649 16.07221 1.7154902 1.5511898 0.61810666 7.1316876 0.044263117 0.030014962
5 0 0.071176074 9.496506 1.6564983 16.416998 1.7860726 1.5409616 0.6492653 3.67092 -0.05833017 -0.0065538157
5 0 0.07107148 10.071539 1.6407789 17.417297 1.8713025 1.7183747 0.70044976 3.3002596 -0.104938716 -0.10367093
5 0 0.056633458 10.215507 1.6426494 17.56841 1.8818501 1.720701 0.6988133 3.3158576 -0.12793107 -0.48499316
5 0 0.056402255 9.8084755 1.6414511 17.270164 1.727899 1.5181986 0.55801344 7.216451 0.00580056 0.03211548
5 0 0.056180242 10.386932 1.6113122 18.176434 1.7650254 1.469204 0.5856503 7.060159 -0.038740955 0.039514907
5 0 0.054059286 10.257213 1.5551827 17.613161 1.7581195 1.4765284 0.5354708 6.856105 -0.0162242 0.00544066
6 0 0.08598016 9.592301 1.6736946 16.533375 1.8244624 1.627352 0.69266665 3.7646067 -0.09042531 -0.03551753
6 0 0.08312515 9.395877 1.6602354 16.224182 1.8447726 1.6224838 0.6439157 3.6956863 -0.1607542 -0.04457859
6 0 0.056000162 9.642866 1.7012101 16.624968 1.8632519 1.6694307 0.69745535 3.900966 -0.12823223 -0.07310307
7 2 0.38668135 -7.347165 1.9699936 27.845282 0.7611381 1.822796 0.7187687 4.50116 0.1659794 0.6115807
7 2 0.3573068 -7.871774 1.9951802 29.915434 0.751106 1.8162475 0.7012734 4.5089817 0.16951314 0.6356118
7 2 0.21709703 -7.837486 1.9659252 29.689934 0.695516 1.8135624 0.6655669 4.605533 0.15593645 0.43387532
7 2 0.21405618 -7.5561953 1.9814891 28.58957 0.77401507 1.8064685 0.7143106 4.6243787 0.24318905 0.5261452
7 2 0.20960206 -7.649597 1.9697541 28.768837 0.75485146 1.8089838 0.6861533 4.3005195 0.048917808 0.09923369
7 2 0.19913049 -7.615719 1.9520824 28.49214 0.8422781 1.7993257 0.7334333 4.342466 0.07110128 0.07512493
7 2 0.16290388 -7.4768696 1.992696 28.41609 0.7691289 1.8364395 0.7237091 4.4537597 0.118110515 0.50061595
7 2 0.14943886 -8.0718565 1.999738 30.745396 0.7272819 1.8070633 0.69086945 4.514723 0.1573843 0.7327972
7 2 0.104179546 -7.478674 1.9160125 28.0898 0.7181977 1.8529339 0.6811584 4.2932515 0.11683587 0.55794686
7 2 0.096193284 -7.532976 1.9232624 28.216425 0.7471613 1.8487151 0.6949176 4.4069123 0.20147148 0.85346305
7 2 0.079989165 -7.457776 1.9841473 28.537409 0.74478143 1.7992716 0.6297802 4.267282 0.160246 0.49154824
7 2 0.07630665 -11.170905 2.2802415 42.188694 3.3134236 1.7145077 1.5088283 4.5547733 0.005661702 4.7005897
7 2 0.07181501 -7.414133 2.0055437 29.353294 0.80595225 1.8013899 0.7702406 4.628299 0.2910762 0.63687503
7 2 0.068977766 -7.827973 2.0694454 29.67781 0.8073614 1.8121556 0.7287901 4.506961 0.1550698 1.8619626
7 2 0.06652651 -7.9385676 2.0123441 31.482727 0.8573459 1.7693865 0.75952244 4.667984 0.1459072 0.494112
7 2 0.063873686 -20.118391 2.3700583 41.72732 0.64996 1.7930502 0.60016483 4.9055343 0.058598638 0.36793482
7 2 0.06273165 -18.45379 2.4252353 48.997738 0.513201 1.7437502 0.500656 4.6692114 -0.056611203 0.19465655
7 2 0.060838897 -9.282907 2.0648706 35.163486 1.7511876 1.6544747 1.0519297 4.483929 -0.07751217 5.3961964
7 2 0.059583012 -8.041482 1.9793475 29.81149 0.74347836 1.8121146 0.71112674 4.5719213 0.10256987 0.65064645
7 2 0.05895471 -7.8238697 1.9993968 29.018463 0.76632684 1.8121657 0.70015484 4.5459714 0.15195924 0.5729778
7 2 0.055924717 -19.92477 2.3764677 41.95879 0.6081897 1.7847394 0.5815972 4.8097715 0.013914639 0.28207776
7 2 0.054108746 -7.85896 1.9641612 28.916338 0.80983096 1.7968313 0.711615 4.414414 0.048504025 0.4136191
7 2 0.053134054 -7.867525 2.075533 29.810068 0.76451397 1.8108537 0.7370048 4.579468 0.2824082 1.104228
7 2 0.051396627 -19.10206 2.4854193 50.54717 0.5405829 1.7374791 0.5298702 4.5461254 -0.097434804 0.11071532
