0 5 0.39769426 19.368073 1.6692805 62.649193 5.2982807 1.9650636 2.134572 2.965662 -0.06883569 -2.4082987
0 5 0.38377973 19.242287 1.7180331 62.837017 5.325727 1.9238691 2.1396625 2.9097967 -0.04663892 -1.4528413
0 5 0.36021224 -3.8787687 2.0791893 41.79257 4.821146 1.5857284 1.9784676 2.6106026 -0.04806471 -4.012305
0 6 0.31255198 -10.58005 2.0234299 12.509811 4.5095015 1.5205201 1.8394265 1.7955236 -0.12103627 -1.6543428
0 5 0.29690698 -13.656153 2.4329169 56.78625 4.684938 1.7031531 1.9693528 4.515048 0.0129085 6.4646893
0 5 0.2567259 -3.947548 2.0631828 42.014206 4.866081 1.5751497 1.9904819 2.6011093 -0.057707034 -3.7729828
0 5 0.22130063 -13.508598 2.428176 56.216248 4.649533 1.6614901 1.9782916 4.5150404 0.031904638 3.8899279
0 5 0.21360324 19.544422 1.7249556 63.359066 5.367408 1.9946443 2.1647153 2.9532266 -0.006687518 -2.0866466
0 5 0.20859621 -4.002392 2.0636742 42.646225 4.854349 1.565349 1.9975699 2.6193638 -0.03316604 -3.182022
0 6 0.1964224 -10.808934 2.0419083 12.733122 4.57979 1.4980749 1.8429768 1.8315763 -0.050565057 -0.77130646
0 5 0.1666397 12.8540535 1.9885448 86.69354 4.809976 1.7398493 2.0423636 4.8948565 0.027708216 9.11104
0 5 0.1522849 19.100355 1.7763331 62.08514 5.459438 1.9785417 2.2071688 2.9009683 -0.03809461 -1.7339128
0 5 0.13270546 -13.403939 2.423632 55.715054 4.659461 1.6828834 1.9761233 4.504203 0.022684129 5.18037
0 6 0.11829947 -10.211619 1.9525717 12.298088 4.5200233 1.5286348 1.8673109 1.8451085 -0.107555844 -1.7861661
0 5 0.10751775 -3.9482648 2.142169 42.300972 4.905985 1.56425 1.9712521 2.6041205 -0.008393632 -4.2363
0 5 0.10144305 -19.20189 2.3208647 66.95329 4.5428176 1.7309576 1.9209973 4.372607 0.0076281093 4.158337
0 5 0.09702358 -0.3477647 1.7618771 100.06974 4.8879185 1.8888623 2.086818 1.523195 -0.028492715 0.9349289
0 5 0.09514721 -0.059172418 1.9068699 101.15114 4.895279 1.8597096 2.0941298 1.55864 0.0065143313 0.51778084
0 5 0.08484714 -19.59167 2.2567549 67.905876 4.606774 1.7017932 1.9325764 4.3236423 -0.02173258 4.4825044
0 5 0.084244415 12.934092 1.9620887 87.31148 4.726415 1.704541 2.0213554 4.85347 -0.06975062 9.906657
0 5 0.0837735 -21.055723 2.1106422 63.909946 4.796396 1.6400875 1.9893569 4.2506356 -0.044622067 7.7757583
0 5 0.08300417 -4.6166415 2.3311605 48.21324 4.726741 1.5659963 1.944934 2.7365835 -0.03074383 -0.41821393
0 5 0.08054438 -4.71506 2.4924197 48.643127 4.7929287 1.5672054 1.9560055 2.6864974 -0.0070298202 -0.23157915
0 5 0.078678735 22.424614 1.9136308 71.08226 5.230445 2.0105684 2.1329257 3.251523 0.033436336 -0.0038088635
0 5 0.076663665 -20.661854 2.172431 63.440113 4.7131023 1.6138802 1.9610661 4.2670197 -0.05043237 8.495073
0 5 0.07494829 -4.031699 2.325173 48.376827 4.785539 1.5718813 1.9832349 2.8400593 -0.05517424 -0.43248704
0 5 0.07227863 19.652767 1.7537988 64.505714 5.4366283 1.9853021 2.1979234 2.9351778 -0.04108601 -2.5053291
0 5 0.07119841 13.013024 1.9485679 88.15683 4.8013635 1.7055581 2.036479 4.8335276 -0.012365971 8.127972
0 5 0.07109227 12.758273 1.9917011 86.965935 4.78251 1.7056516 1.9623016 4.825289 0.0037708767 9.83546
0 5 0.0708456 17.016182 1.5693784 55.625114 5.2210455 1.9255143 2.0457907 3.0835066 -0.11251612 -1.8312477
0 5 0.06455213 -19.839922 2.1507926 66.32903 4.6434073 1.638997 1.9338365 4.2995863 -0.05691752 6.074366
0 5 0.06393665 12.869637 1.926312 87.65003 4.783564 1.7312142 2.0340893 4.8991632 0.036248565 9.05991
0 5 0.06356654 -3.4259095 2.1732912 74.731834 4.736358 1.6974051 2.0662456 2.394076 -0.0804522 0.51544523
0 5 0.06311695 -1.1455276 1.5199876 95.746414 4.932643 1.9697286 2.0923014 4.6233273 -0.09701007 3.133175
0 5 0.06116681 22.245005 2.0788753 72.17511 5.0851164 1.9062358 2.084959 3.2654703 -0.0057374127 -0.003298467
0 5 0.06114405 -19.504631 2.1962216 67.341644 4.6397367 1.7334262 1.9441601 4.2855635 -0.04131367 3.9717321
0 5 0.060695354 22.796938 2.003107 72.41914 5.198941 1.996298 2.1362276 3.2686741 0.0029301252 -0.057468157
0 5 0.060223036 -21.774557 2.0889366 66.03442 5.293738 1.65406 2.017735 4.258529 -0.098056644 7.7024937
0 5 0.058589067 -1.3083985 1.5706656 99.00851 5.5803356 2.4688067 2.3284593 4.661318 -0.10451432 1.4077126
0 5 0.05833824 -13.932456 2.5077887 57.49855 4.621198 1.6874226 1.973687 4.366072 0.024497224 7.2887855
0 5 0.05728206 46.711956 -0.1323064 62.087894 4.3895774 1.6666527 1.9155531 5.610986 0.06794098 7.0671544
0 5 0.05720913 -3.1578763 2.0540955 77.045204 4.530993 1.6071447 1.9237309 1.6093323 -0.069255754 0.17968959
0 5 0.05652991 -3.8972166 2.113712 46.11515 4.7670465 1.5903732 1.9851545 2.6785796 -0.054487504 -2.5583856
0 5 0.056521133 46.608448 -0.11964828 61.517773 4.419163 1.6741012 1.9271681 5.6472044 0.0923517 5.3988557
0 5 0.05587353 -3.7450757 2.0643854 43.26397 4.814816 1.6145133 1.9835755 2.6094694 -0.013919445 -1.9035491
0 5 0.054758694 -3.5518858 2.220269 74.44641 4.7007756 1.6477934 2.0195184 2.5750806 -0.011941902 0.35613355
0 5 0.05394393 -14.507202 2.4682448 58.626873 4.5707254 1.6517212 1.9346734 4.442962 -0.012110099 7.4721437
0 5 0.05388362 -0.30464014 1.8079658 100.49662 5.085844 2.104095 2.1602128 1.5378889 -0.064884625 0.5985843
0 5 0.053616676 -13.708353 2.4758472 56.68761 4.5465302 1.6730704 1.9522617 4.3522477 0.043132886 7.5074368
0 5 0.053280823 17.795387 1.5323725 57.126446 5.295968 1.9705935 2.073254 2.9865665 -0.1465503 -1.1484045
0 5 0.05202048 -14.214446 2.2188864 48.65461 2.3169942 1.7171555 1.1698875 4.454629 0.035699546 0.9247913
1 5 0.10015997 12.8540535 1.9885448 86.69354 4.809976 1.7398493 2.0423636 4.8948565 0.027708216 9.11104
1 5 0.06558623 -1.3083985 1.5706656 99.00851 5.5803356 2.4688067 2.3284593 4.661318 -0.10451432 1.4077126
1 5 0.05910677 -0.3477647 1.7618771 100.06974 4.8879185 1.8888623 2.086818 1.523195 -0.028492715 0.9349289
1 5 0.055673413 -1.1455276 1.5199876 95.746414 4.932643 1.9697286 2.0923014 4.6233273 -0.09701007 3.133175
1 5 0.052717783 19.368073 1.6692805 62.649193 5.2982807 1.9650636 2.134572 2.965662 -0.06883569 -2.4082987
3 5 0.07598957 21.41092 1.5336984 120.79732 12.577217 3.0405288 3.054142 4.784396 0.0029600468 1.5406138
3 5 0.059696667 21.24768 1.6140643 119.290115 12.690804 3.0728889 3.0454395 4.746747 -0.047393136 1.98502
3 5 0.057264574 12.8540535 1.9885448 86.69354 4.809976 1.7398493 2.0423636 4.8948565 0.027708216 9.11104
5 0 0.18326475 8.784969 1.5404919 10.115675 1.7337971 1.1664774 0.50772434 4.23092 0.004209442 0.023431677
5 0 0.11854703 9.068359 1.5659277 10.499479 1.7396324 1.204546 0.52547616 4.2298913 0.051063173 0.019283902
5 0 0.10847246 9.5990925 1.6895647 11.287246 1.8725411 1.1806188 0.5169462 6.877883 0.011469016 0.04121343
5 0 0.098656505 9.331694 1.6157091 10.720516 1.7355176 1.1701187 0.55111814 4.275746 0.03284932 -0.013571927
5 0 0.096946284 9.644956 1.7176807 11.396964 1.9178411 1.1929287 0.519974 6.988883 0.016175726 0.0339814
5 0 0.09243769 9.803397 1.6891177 11.518789 1.877126 1.1708715 0.5599506 6.854499 -0.033673353 0.02590479
5 0 0.08395331 9.688548 1.6909795 11.434827 1.9046581 1.1721171 0.5396496 6.9368114 -0.021691076 0.017363276
5 0 0.08064855 9.069176 1.5942128 10.603907 1.6562772 1.1783448 0.49599075 4.1656632 0.020087855 0.0121853575
5 0 0.055362817 9.148028 1.6447201 10.673696 1.5993558 1.2171745 0.511484 4.118233 0.016323188 0.013871647
6 0 0.071675 8.784969 1.5404919 10.115675 1.7337971 1.1664774 0.50772434 4.23092 0.004209442 0.023431677
6 0 0.055266347 9.331694 1.6157091 10.720516 1.7355176 1.1701187 0.55111814 4.275746 0.03284932 -0.013571927
6 0 0.052226476 9.068359 1.5659277 10.499479 1.7396324 1.204546 0.52547616 4.2298913 0.051063173 0.019283902
7 2 0.28778547 -8.066035 2.195694 23.632557 0.7749009 1.7326906 0.6722672 6.341227 0.31454602 0.111611165
7 3 0.21463224 -7.6674185 2.1280718 22.419811 0.7369024 1.729207 0.6765755 6.6535788 0.28946173 0.37756422
7 2 0.20399176 -8.001535 2.1609766 23.520355 0.8059873 1.7095844 0.69040257 6.2849846 0.2321011 0.040461764
7 3 0.16268703 -7.3917546 2.1198044 21.615694 0.73887223 1.7149138 0.6630028 6.543785 0.26044616 0.3419391
7 3 0.14842485 -7.8161745 2.1270661 22.785196 0.7228957 1.715671 0.6884302 6.651965 0.15796596 0.31518486
7 2 0.13462415 -7.9241123 2.1885953 23.376055 0.73748076 1.733206 0.6735134 5.962871 0.2827793 0.23096445
7 2 0.13165559 -8.0939665 2.234459 23.573256 0.7760472 1.7573768 0.68935275 6.2276926 0.21191399 0.11297206
7 2 0.10934184 -7.754084 2.1460543 22.728006 0.74666303 1.7384758 0.67217916 3.6219385 0.1700051 0.41110727
7 3 0.098632455 -7.6363006 2.148863 22.350536 0.7406808 1.6998707 0.6725555 6.5791407 0.2601854 0.24158722
7 2 0.08475069 -8.1942005 2.222153 23.934435 0.8028151 1.7666754 0.72187716 6.1657796 0.26671135 0.33089706
7 2 0.08389716 -8.223261 2.275045 25.386606 0.8395123 1.7802302 0.69093955 6.7520385 0.2527096 0.4672972
7 2 0.07868879 -7.4403696 2.12637 21.82319 0.75554377 1.7130097 0.64823824 6.5134993 0.27345693 0.28219622
7 2 0.07602148 -7.9762616 2.24161 23.284698 0.7690503 1.750633 0.6827434 6.037195 0.41350767 0.5024155
7 2 0.058875 -8.32701 2.2115812 27.897179 0.8130118 1.7296298 0.7072434 1.3400152 0.019851139 0.25308374
7 2 0.05773299 -7.981338 2.2065167 23.34699 0.800638 1.8094254 0.73393357 6.203073 0.24058364 0.43171385
7 2 0.057096772 -8.358227 2.1314247 27.982044 0.81654805 1.7407004 0.6987605 1.3227303 0.06054447 0.47279212
7 2 0.0515381 -7.9592524 2.146735 23.125711 0.787497 1.7953702 0.6515657 3.7715948 0.18665455 0.931657
