0 5 0.45002574 -7.3975244 2.251784 38.00616 4.872825 1.8725015 2.0239804 2.1375222 -0.04935135 -6.9734726
0 5 0.22037792 -7.275916 2.2295363 37.295803 4.880119 1.8628645 2.0258412 2.1264622 -0.083420485 -6.2585735
0 5 0.20382163 -8.016048 2.415511 41.37786 4.8492093 1.8539326 2.000733 2.1837413 -0.087798275 -4.676464
0 5 0.16487706 -7.716058 2.447836 40.104862 4.826296 1.8302801 1.9731083 2.1991405 -0.06343543 -3.2193887
0 5 0.13845392 -8.134258 2.4429247 41.625828 4.892671 1.8623496 2.0180988 2.2275798 -0.09519606 -3.7835531
0 5 0.12245721 -7.721501 2.4892554 40.644596 4.8687716 1.8313937 1.980899 2.180481 -0.038866617 -2.3996048
0 5 0.11940283 -25.964249 2.889858 60.831894 4.2674303 1.5673507 1.8633363 1.3588614 -0.023590956 0.7082778
0 5 0.118246086 -4.3807883 2.4804213 94.68189 4.7091107 1.5808727 1.9806225 1.7186906 -0.019550093 -5.4545965
0 5 0.11052836 0.12577283 2.2320464 106.73271 6.505473 2.2378752 2.3043506 1.9096538 0.01916557 -4.608086
0 5 0.10970137 -4.3326216 2.5506873 96.99171 4.652106 1.5506669 1.9711342 1.6196973 -0.04950712 -5.7429366
0 5 0.10928229 -24.74237 2.7786975 58.52225 4.276268 1.564796 1.8704113 1.2846634 -0.028237889 1.1894505
0 5 0.104868725 -7.250126 2.2606022 37.788605 4.868683 1.888095 2.020795 2.098732 -0.028854463 -5.8205934
0 5 0.09592176 -7.904664 2.4340756 40.929268 4.813767 1.872996 1.977305 2.195787 -0.10066754 -3.983285
0 5 0.09468667 -0.16513585 2.0463078 104.622505 6.034183 2.1103923 2.2105923 1.8983982 -0.002893309 -4.88098
0 5 0.08963587 -2.9499867 2.2252045 91.48716 5.102459 1.6907051 2.0365484 1.8121889 -0.059605137 -4.37855
0 5 0.087099485 -4.243182 2.4897614 93.32228 4.7726026 1.5632806 1.9721593 1.7232826 -0.075868174 -4.770663
0 5 0.08306481 -1.7605423 1.9330269 96.72789 5.998762 2.0113246 2.1961236 1.8488585 -0.041756295 -4.4478393
0 5 0.08281583 -26.917162 2.9298625 62.633095 4.262958 1.5598058 1.856557 1.4257555 -0.044745352 -0.2855874
0 5 0.08195589 -14.681048 2.4524999 59.665684 4.428181 1.6918631 1.9033029 4.7893343 0.04222709 2.6501918
0 5 0.08038849 -7.5863953 2.3658924 39.665043 4.808518 1.8227333 1.9739283 2.2260764 -0.0776327 -3.1612108
0 5 0.08014122 -14.025272 2.4064186 56.839996 4.4624853 1.697607 1.9040564 4.752186 -0.008192751 2.460171
0 5 0.075624175 -26.304691 2.8876693 61.60766 4.296772 1.5691042 1.8808117 1.3858584 -0.05106858 1.4124775
0 5 0.07540478 -16.0954 2.4141078 62.87898 4.4284964 1.6738157 1.8925502 4.7687297 0.042905353 3.2352886
0 5 0.07048806 -8.147955 2.6526096 93.01565 4.545024 1.5009725 1.9099134 1.5537508 -0.0012543481 -3.3505874
0 5 0.068688 -4.253042 2.5363705 95.57572 4.6372576 1.5186536 1.9617177 1.6251178 -0.07017326 -5.430324
0 5 0.06710909 -15.074007 2.3586822 59.118145 4.4399614 1.6852636 1.8919334 4.7579365 0.02884104 1.7903179
0 7 0.06468625 38.012054 0.19717014 45.947826 4.20694 1.6985146 1.8556827 5.688925 0.007192483 0.25611258
0 5 0.06441374 -25.523365 2.8290477 60.12436 4.301334 1.5751307 1.8837737 1.3042591 -0.052617706 1.1381543
0 5 0.06252862 -14.442573 2.447472 59.73016 4.425275 1.6959479 1.915608 4.816425 0.06076435 4.5478406
0 5 0.06252168 -3.2863054 2.3332608 92.147385 4.9297137 1.6670538 2.0124457 1.8059033 -0.02756429 -5.2392
0 5 0.06217387 -4.8399296 2.609376 98.98359 4.5919433 1.5271018 1.9528891 1.5277392 -0.045082986 -5.3029385
0 5 0.05973297 -23.66942 2.6744926 56.738968 4.3085732 1.5752596 1.8584415 1.3449678 -0.126936 3.8180819
0 5 0.0584344 0.48529014 2.2080374 106.36198 5.591145 2.0014668 2.2032182 1.9001658 0.034781426 -3.4183662
0 5 0.058244757 -13.888371 2.4267852 57.439003 4.459278 1.6894125 1.9080638 4.7841477 -0.009253743 3.9199553
0 5 0.0581507 -9.164318 2.1074142 42.228645 5.542263 2.1890323 2.1571646 2.1544282 -0.032078434 -1.8499056
0 5 0.05756471 -18.514284 2.3779438 67.714226 4.427218 1.6565566 1.8796321 4.744085 0.02494801 4.9204764
0 0 0.056063794 -20.886122 2.434895 68.807304 4.482771 1.6629872 1.873504 4.74996 0.02824367 5.5981393
0 5 0.054871954 -9.684333 2.3748426 42.856415 4.708333 1.8145753 2.0029898 2.0740826 -0.00855616 -4.240126
0 5 0.053400237 0.015088154 2.0749502 106.36629 5.2498946 1.8216054 2.1045225 1.9052508 -0.05570183 -4.8984795
0 7 0.05334118 37.710373 0.25101644 45.328403 4.1655464 1.6862822 1.8367808 5.670701 -0.016466677 0.8498336
0 0 0.053185813 -20.033304 2.4226317 68.70724 4.434919 1.6421095 1.8655341 4.779597 0.0028190184 4.9183526
0 0 0.051646203 -19.690178 2.3866854 68.63939 4.4160447 1.6387793 1.8636414 4.760847 0.026720213 5.356372
0 5 0.050258808 -8.068971 2.2596393 42.12087 5.514405 2.135838 2.0377476 2.199877 -0.05142744 -2.511314
1 5 0.06458536 -7.3975244 2.251784 38.00616 4.872825 1.8725015 2.0239804 2.1375222 -0.04935135 -6.9734726
1 5 0.051340647 -0.16513585 2.0463078 104.622505 6.034183 2.1103923 2.2105923 1.8983982 -0.002893309 -4.88098
1 5 0.051086064 -1.7605423 1.9330269 96.72789 5.998762 2.0113246 2.1961236 1.8488585 -0.041756295 -4.4478393
3 5 0.48595375 17.113304 0.93962115 47.034576 12.173168 3.085068 2.887673 3.774944 -0.040137798 -0.25092903
3 5 0.31006747 18.01625 0.94604963 49.348923 11.944013 3.154279 2.898493 3.7457755 -0.02872784 -0.037465632
3 5 0.24431245 18.084517 1.0790424 49.810226 11.853513 3.1295497 2.8274524 3.7474816 -0.053580575 -0.29984537
3 5 0.19872105 18.63671 1.0019186 51.27645 11.630525 3.1469293 2.8042693 3.766818 -0.015780924 -0.0047485176
3 5 0.13688177 18.537308 2.3632205 50.70938 11.865572 3.190709 2.9293954 3.936516 0.03619337 -0.2629457
3 5 0.12840605 17.472786 0.89346975 48.05595 12.042263 3.057824 2.8579686 3.7602358 -0.092062786 0.021287635
3 5 0.12602735 19.53944 1.2736688 52.777336 12.101403 3.076391 2.9688656 3.9663053 -0.003318498 -0.19899738
3 5 0.110925816 19.618057 1.3282691 52.10126 12.266915 3.1438394 3.171338 3.8563626 -0.07559581 -0.2005463
3 5 0.10130352 20.395544 1.9394115 53.02125 12.04272 3.1900072 3.0451734 3.8550596 -0.011715812 -0.7794534
3 5 0.09070306 17.628435 0.98042697 47.52279 12.2691965 3.1701534 2.9779797 3.7892022 -0.023073778 0.8886863
3 5 0.07164441 20.348871 1.9611377 52.172447 12.01676 3.2265968 3.0071054 3.9632103 0.01270186 -0.07003786
3 5 0.06561131 18.56485 1.1027994 50.89936 11.894222 3.1956506 2.8999825 3.7524977 -0.066461824 0.024304114
3 5 0.06555039 17.362095 1.86134 48.369225 10.773476 2.9352524 2.9192212 3.8223066 -0.004647349 0.0040238965
3 5 0.063390285 16.33443 0.8112531 45.15232 11.957677 3.1795943 3.0608556 3.5850134 -0.005397629 -0.027558178
3 5 0.059454292 -0.16513585 2.0463078 104.622505 6.034183 2.1103923 2.2105923 1.8983982 -0.002893309 -4.88098
3 5 0.053961724 20.012085 1.4722282 50.784206 11.698222 3.0415432 3.004562 3.98235 -0.061946437 -0.10486516
3 5 0.051466595 0.12577283 2.2320464 106.73271 6.505473 2.2378752 2.3043506 1.9096538 0.01916557 -4.608086
3 5 0.05129843 -1.7043535 2.3210266 110.14477 7.7932296 2.7774343 2.823617 1.9450988 0.010480022 -4.6408505
7 3 0.47990203 -7.2935143 2.097374 18.634466 0.72273844 1.7367003 0.6476545 6.45473 -0.0035891691 0.016654659
7 3 0.29633895 -7.2044106 2.0787408 18.385468 0.7369827 1.7214104 0.64320344 6.528216 -0.023263704 0.08091583
7 3 0.23305094 -7.409102 2.1567686 18.872152 0.7462757 1.7560859 0.6802255 6.4017434 0.066772856 -0.019985503
7 3 0.20950893 -7.3357935 2.127181 18.59102 0.71987593 1.7387199 0.64570683 6.4768853 0.14491735 0.16461068
7 3 0.1544929 -7.1521797 2.067408 18.248251 0.6845701 1.7280257 0.60955006 6.3847523 0.013287125 0.04895217
7 3 0.09122885 -7.725855 2.135567 19.628168 0.8044579 1.7383944 0.654017 6.3282323 0.024689434 -0.047581084
7 3 0.08236999 -7.5809507 2.083592 19.362198 0.7675411 1.7002988 0.6220397 3.1153252 -0.083063886 -0.10285448
7 3 0.07908724 -7.779206 2.1711245 20.02718 0.72211343 1.8254123 0.6345367 6.235593 0.06760761 -0.07172363
7 3 0.07345978 -7.707644 2.1177068 19.765211 0.71709985 1.7135837 0.650088 6.389245 0.03203634 -0.03585077
7 3 0.06992583 -7.718647 2.1708007 19.532476 0.8159271 1.7440639 0.6415116 6.287988 0.020180957 -0.03921125
7 3 0.065711156 -7.435818 2.0680726 18.964495 0.76746124 1.7206483 0.6261581 3.2170448 -0.10237591 -0.1505937
7 3 0.064253464 -7.495991 2.092339 19.143635 0.6051781 1.7751731 0.612979 6.173101 0.0658396 -0.06953478
8 8 0.056796134 19.41784 1.604146 25.78282 0.3984069 0.69312835 0.40805274 5.6870346 -0.10468169 -0.0051308814
8 8 0.055242274 19.868256 1.6338508 26.49324 0.38803935 0.70716494 0.39340732 5.792979 -0.11418616 0.009745166
