0 5 0.09342461 40.632915 0.23741329 47.868767 4.217265 1.6839119 1.8484545 5.7601767 0.08860602 5.194855
0 5 0.079829074 -4.156691 1.7425905 45.49257 12.094233 3.266378 2.9122803 2.8054001 -0.021824583 -2.3789115
0 5 0.07717621 41.67091 0.2090199 48.763542 4.2292614 1.6777002 1.8475988 5.784825 0.068425186 4.66963
0 5 0.074558504 40.625137 0.23374528 48.140007 4.2358613 1.672997 1.8528603 5.724761 0.12237764 4.7655544
0 5 0.072051615 41.415077 -0.027723491 49.330376 4.6698027 1.6890591 1.9771165 5.820428 0.0073080678 2.65855
0 5 0.06737787 42.621174 0.14266634 50.41875 4.602967 1.6919143 1.9778376 5.8153243 0.027911326 3.0903754
0 5 0.06724745 -58.902786 3.7030869 74.18889 4.4344006 1.655166 1.9273682 4.567772 0.058198936 4.3183746
0 5 0.06590192 43.21959 0.12669855 50.369274 4.6154456 1.7027652 1.950428 5.841543 0.02318251 4.734487
0 5 0.0635397 42.65405 -0.030013919 49.85748 4.6622467 1.6917179 1.9572383 5.8217044 0.030435348 4.853282
0 5 0.06350675 -58.49793 3.7348418 74.283936 4.425021 1.6596665 1.9367073 4.53596 0.08921887 3.4112656
0 5 0.060748953 43.53143 0.18749934 52.22708 4.581531 1.6979781 1.9622035 5.8197045 0.07212409 3.6290162
0 5 0.057548508 42.089237 0.20884746 49.50462 4.259569 1.6889175 1.8591846 5.752367 0.03112418 5.568188
0 5 0.05688762 43.555897 0.2131055 51.307766 4.6054997 1.7056984 1.9821941 5.826844 0.050582096 3.97043
0 5 0.05324405 -58.37765 3.6419194 73.06336 4.463964 1.6500783 1.9407198 4.507315 -0.012130062 6.645212
0 5 0.05248511 43.173218 0.16486108 50.023563 4.2323794 1.6581651 1.840291 5.814959 0.009717248 4.394736
0 5 0.052319717 43.316017 0.13372672 53.363224 4.605724 1.6533878 1.9558518 5.891623 0.03197041 2.4247768
3 5 0.3239594 -4.156691 1.7425905 45.49257 12.094233 3.266378 2.9122803 2.8054001 -0.021824583 -2.3789115
3 5 0.116079226 -4.382282 2.097139 48.43783 11.561187 3.3819766 2.9321768 2.8378143 -0.0663 -0.17628527
3 5 0.11245061 -4.1611714 2.678773 46.435673 11.606644 3.439089 3.0079503 2.5959063 -0.048885927 -1.041041
3 5 0.11211464 -4.669896 2.8848782 47.798542 11.431883 3.426291 2.8766646 2.9335747 -0.02650664 -0.43177328
3 5 0.1120369 -4.030922 1.7140733 45.14696 12.1888485 3.230458 2.925933 2.8197794 -0.04681389 -1.2363718
3 5 0.095829725 -4.247653 1.8686955 46.74677 11.556412 3.3195245 3.03439 2.6751328 -0.11031976 -0.25767294
3 5 0.0870934 -3.8941727 1.9000398 46.358395 12.027417 3.4637756 2.9105945 2.940184 -0.014611316 -0.3249652
3 5 0.074779354 24.318901 1.3606315 132.11443 13.1125965 3.2347963 3.2025077 4.849652 0.032297082 5.7828465
3 5 0.06757143 -4.126333 2.695097 46.151688 11.413105 3.3700483 2.889304 2.753626 0.008943541 -0.5952448
3 5 0.062392157 -3.9917579 1.7626067 48.18231 12.076645 3.321157 2.8846066 2.93491 -0.06878451 -1.6336119
3 5 0.058554046 -3.995963 1.9467643 46.50195 11.5241785 3.3424573 2.9683752 2.7512097 -0.0850341 -0.099161744
3 5 0.056200292 -11.577615 2.05308 45.598988 10.919773 3.647522 2.7568684 1.4826233 0.03340923 -0.35966593
3 5 0.053735953 -12.274517 1.3034134 49.38194 11.481141 3.6142528 2.9257455 1.9044769 -0.04092768 -1.6555483
3 5 0.05367094 -12.216546 2.0878513 47.14559 10.348007 3.5132482 2.807307 1.57968 0.060331136 -0.29456228
3 5 0.05303855 -12.845671 2.1037447 47.222424 10.810014 3.4825678 2.7913737 1.5384567 0.021786695 -0.14694008
6 0 0.050566643 -16.309513 2.2438512 40.727554 1.773323 1.674545 0.5756073 4.6763372 -0.0012350176 0.2604992
7 3 0.35966364 -7.2563553 2.1118474 18.163399 0.71354806 1.733604 0.68034416 6.6020675 0.019229965 0.020682443
7 3 0.2943636 -7.2941422 2.1335254 18.262344 0.75842386 1.7508155 0.6817349 6.623747 -0.003962294 0.030344024
7 3 0.24962397 -7.3722553 2.1402369 18.411493 0.7434619 1.7279351 0.6863222 3.6289604 0.09628443 0.14530653
7 3 0.09622628 -7.205458 2.0462244 18.062206 0.5872179 1.8336085 0.5939636 6.29064 0.14971504 -0.038551576
7 3 0.09068992 -7.4172955 2.1574945 18.221066 0.69720125 1.7395747 0.65704495 6.440577 0.02967315 0.011716094
7 3 0.07917316 -7.531321 2.1722717 18.48901 0.6933574 1.7262659 0.6328957 6.615684 0.09654632 0.18712157
7 3 0.073793076 -6.919542 2.0287726 17.317692 0.5994723 1.8033748 0.6063501 6.2438307 0.14297214 -0.060968164
7 3 0.07068319 -7.3448906 2.0940678 18.520008 0.69549286 1.7543163 0.64554644 6.576805 0.119807504 0.05538427
7 3 0.06616504 -7.206649 2.043986 18.094316 0.6721671 1.7447349 0.60583586 6.5761247 0.0031146184 0.09660967
7 3 0.06309862 -7.4127793 2.0166974 18.395267 0.67491555 1.6680431 0.5941607 3.7385814 -0.027678588 -0.049819652
7 3 0.061219774 -7.421082 2.0881855 18.427927 0.78362 1.7322183 0.7012756 6.3627644 0.074797794 -0.01703612
7 3 0.050427496 -7.0749063 2.1472332 17.289715 0.6097907 1.7769326 0.593225 6.135111 0.091093555 0.20650807
8 8 0.070179306 20.617043 1.6337149 27.140326 0.38505927 0.6334325 0.40871933 5.389637 -0.11549292 -0.00169448
8 8 0.06540282 20.16889 1.5935278 26.478924 0.3887386 0.6196157 0.44432992 5.326536 -0.093456954 -0.0071683154
8 8 0.050295983 20.509342 1.5675721 26.94947 0.39095655 0.6317625 0.4038283 5.169369 -0.055273294 0.06156843
