0 5 0.5360185 -3.5023532 2.2943664 43.153267 4.9369006 1.8026582 2.042313 2.3330073 -0.03411515 -8.627262
0 5 0.4814997 -13.184003 2.470284 19.57865 4.6600976 1.6171979 1.9434919 2.0835495 -0.080975495 -1.2875394
0 5 0.28638747 -3.5482545 2.3215127 44.087296 4.980826 1.812493 2.066562 2.336609 -0.084369235 -7.905656
0 5 0.27022898 -13.41239 2.5344088 19.952793 4.6358047 1.6294711 1.9292219 2.0725062 -0.040417142 -0.8513978
0 5 0.22471306 -3.445057 2.3591542 43.5655 4.973454 1.8260915 2.0445433 2.365909 -0.09657644 -10.294157
0 5 0.18963477 -3.5074818 2.321022 43.864582 4.971192 1.817976 2.0542595 2.3084016 -0.07109224 -9.486618
0 5 0.17138866 -13.056672 2.473183 19.354376 4.6773357 1.5884808 1.924147 2.0721571 -0.050218284 -1.0619766
0 5 0.1349202 -3.5601966 2.334557 44.455124 5.0165854 1.8227978 2.1005187 2.2987363 -0.087223195 -9.255015
0 5 0.10686301 -12.525844 2.488409 18.687277 4.426376 1.5714353 1.8651019 2.1489267 -0.085518435 -1.2859473
0 5 0.103672855 -4.0234046 2.376985 50.485077 5.0070906 1.8869714 2.0378833 2.483896 -0.089030206 -3.8543248
0 5 0.09245231 -4.0673018 2.5515306 50.13146 4.9450593 1.8172371 2.0531464 2.5124981 -0.07864376 -3.7799695
0 5 0.07970017 -21.821972 2.6454453 58.21737 4.4607534 1.6078594 1.9086931 4.330987 0.042386882 5.5314384
0 5 0.072348006 22.490368 1.0446668 50.716385 11.918252 3.124575 2.8779044 3.3550494 -0.033198357 -0.6171476
0 5 0.07100041 -12.733976 2.4799955 19.230534 4.4211016 1.570128 1.8709811 2.130166 -0.015057267 -0.63910913
0 5 0.06849659 40.288082 0.28779054 49.403946 4.259999 1.6614642 1.8552958 5.667029 0.017508166 2.3354094
0 5 0.060500924 -22.51279 2.6118603 59.89741 4.5303826 1.6149883 1.9397749 4.321739 0.01125611 5.5517774
0 5 0.05890728 40.209553 0.26461142 49.187065 4.246461 1.6566204 1.8463252 5.6700583 -0.04515548 3.0097864
0 5 0.05808374 -22.20573 2.6671052 58.84247 4.4418597 1.6097537 1.89922 4.287558 -0.01334356 5.2910676
0 5 0.05706304 -21.83803 2.6123018 58.845837 4.542412 1.6249259 1.9333227 4.3566065 0.034297667 6.708296
0 5 0.056077152 -13.738709 2.4754837 20.819103 4.604819 1.6401187 1.9212302 2.0840833 -0.06572876 -0.058279242
0 5 0.051811326 24.71532 1.0850797 53.93159 12.026695 3.0953298 2.88775 3.4233828 -0.042510115 -0.0802524
0 5 0.05147869 -23.437134 2.3922405 74.333115 4.8572807 1.7951342 2.0000675 4.4743605 0.117817946 6.703248
3 5 0.43648246 22.490368 1.0446668 50.716385 11.918252 3.124575 2.8779044 3.3550494 -0.033198357 -0.6171476
3 5 0.24459803 22.747316 1.0167527 51.200428 11.989551 3.1355724 2.8599632 3.2807076 -0.012618696 -0.43656868
3 5 0.2223982 22.670555 1.0112545 51.013634 11.648877 3.0791492 2.757402 3.3780468 -0.0057585584 0.004480431
3 5 0.17809658 24.71532 1.0850797 53.93159 12.026695 3.0953298 2.88775 3.4233828 -0.042510115 -0.0802524
3 5 0.14526294 24.484955 2.0778759 54.879627 12.34371 3.248437 2.924066 3.7166097 0.0017940607 -1.1405776
3 5 0.13195266 24.286238 1.8421272 53.94016 11.945527 3.141238 2.9683187 3.6477678 -0.0058851726 -1.0778196
3 5 0.122242905 23.640448 1.272847 52.612267 12.293281 3.0102553 3.0547295 3.5904121 -0.10277329 -0.2435323
3 5 0.11584257 25.45515 1.1986871 56.028305 12.369202 3.0396035 2.9884903 3.683164 -0.025361802 -0.21477556
3 5 0.08449239 25.912878 2.1437318 53.34259 12.588107 3.25668 3.0184793 3.7955945 0.034191683 -0.021533176
3 5 0.08348533 25.133158 1.1813682 54.62609 12.122963 3.2523665 2.9154403 3.368638 -0.038188003 -0.01449743
3 5 0.07031931 27.141611 1.0910245 53.710533 11.719617 3.161583 2.8531134 3.417253 -0.006041116 0.0017316584
3 5 0.0682647 23.746119 1.6395097 53.86806 11.701313 3.1011019 2.933891 3.674176 -0.02292886 -0.09365128
3 5 0.06035601 23.083384 1.7870588 50.54468 11.329871 2.9984794 2.933576 3.728548 -0.06858371 -0.18122032
3 5 0.059428047 22.152346 0.9397208 51.065777 11.4512205 3.0566382 2.7208226 3.307634 -0.048553362 -0.011857838
3 5 0.058084037 22.457302 1.7315683 126.50176 12.495667 3.087515 3.0279956 4.747881 0.045568854 4.303099
3 5 0.0515577 23.59798 1.5102018 51.399548 12.377654 3.0953288 3.0901988 3.7512643 -0.030848846 -0.32847363
7 3 0.38088036 -7.19523 2.0674767 19.07092 0.7250215 1.7779009 0.71350956 3.7499743 0.017946238 0.1702168
7 3 0.24814612 -7.1815057 2.0883965 19.127216 0.7945835 1.7833639 0.7638802 3.80953 -0.011691743 0.064697266
7 3 0.19154711 -7.1150284 2.0583503 18.868113 0.72105324 1.7626544 0.6470015 3.675094 0.0039766636 0.09550758
7 3 0.16628942 -7.245323 2.0770044 19.280579 0.7853636 1.7621 0.71101993 3.7764401 0.14301188 0.335265
7 3 0.14606367 -6.942891 2.0121505 18.450396 0.7656809 1.7683877 0.7325506 3.8021505 0.06996146 0.034551673
7 3 0.1116154 -7.7659445 2.1387582 20.413136 0.6790685 1.7168674 0.6704495 4.012092 -0.08576321 0.10773604
7 3 0.10979853 -7.018464 2.0542586 18.799208 0.85007524 1.7764179 0.7944443 3.7988381 0.117679514 0.22753358
7 3 0.08998588 -7.7205806 2.1385944 20.293514 0.6902819 1.7150728 0.6603556 4.050016 -0.046327505 0.09670958
7 3 0.08688105 -7.4729514 2.12856 19.433607 0.8081273 1.7674668 0.7274377 3.5921462 -0.014508421 0.0500366
7 3 0.06969718 -7.608197 2.1691122 19.808727 0.7512407 1.7551433 0.6977646 3.6826472 0.120667316 0.38990316
7 3 0.059632823 -7.7187977 2.1092 20.4654 0.8133815 1.7841678 0.695901 3.8573594 0.06276691 0.14576143
7 3 0.056243934 -8.486729 2.186799 22.304422 0.89272535 1.7288504 0.73080415 4.113493 -0.07986295 0.29318196
8 8 0.078277856 9.4131155 1.516512 10.546245 0.42681256 1.1268265 0.40882838 2.6676025 0.018522272 -0.023822853
8 8 0.07013532 9.306038 1.4969382 10.462909 0.42393038 1.1008428 0.42858878 2.7065976 0.018422509 0.018741298
8 8 0.06716732 21.401339 1.7741667 28.843582 0.4273834 0.63523626 0.4549679 5.672799 -0.0453855 0.015307773
8 8 0.064158775 22.134644 1.8002272 29.872065 0.42442557 0.6424736 0.4292688 5.754298 -0.065864086 0.012052618
8 8 0.06103955 21.426365 1.7191868 28.903236 0.42221236 0.64569914 0.41474035 5.5928993 -0.023478473 0.024593022
8 8 0.05002369 21.967943 1.7426126 29.671741 0.42449123 0.6452249 0.40890142 5.676273 -0.059390552 0.034560006
