0 5 0.2960495 29.580961 1.6379521 45.92348 4.4228187 1.5714028 1.895021 3.4547799 -0.012984494 0.013991702
0 5 0.16360593 29.140053 1.5996096 45.270622 4.395973 1.5720161 1.8958908 3.4442284 0.021353113 -0.00385263
0 5 0.14349529 28.932882 1.5955483 44.86806 4.40184 1.5748407 1.9023973 3.493538 -0.03697629 -0.013072569
0 5 0.13847551 30.122862 1.6138289 46.593006 4.4341617 1.5934478 1.9091555 3.4512222 -0.032759793 -0.038881287
0 5 0.124301 32.227005 1.6701636 49.729443 4.297193 1.5778328 1.8542356 3.4273918 -0.052368835 0.027954515
0 5 0.11949711 31.219374 1.79694 48.85684 4.25223 1.5335732 1.8509103 3.373036 0.02373934 0.027302999
0 5 0.11765306 -8.037971 2.5877192 85.28415 4.7321296 1.4799801 1.9352432 2.1373186 -0.03921499 -5.0499363
0 5 0.1001297 31.61122 1.7097926 48.683617 4.2388124 1.5836371 1.8372862 3.4161124 -0.074988216 -0.038657248
0 5 0.09731399 43.07533 0.35687995 50.873795 4.3234844 1.6837765 1.8785859 5.7396374 0.08236597 5.2048764
0 5 0.09540264 -4.4910645 2.514538 93.43208 4.7572684 1.5544931 1.9741822 1.728213 -0.047032792 -5.8086767
0 5 0.08881746 0.27999637 2.2564244 112.76323 5.2418003 1.9619516 2.1083481 1.7507488 0.08620177 -1.2582512
0 5 0.08007247 -18.787632 1.9126716 61.29404 4.277748 1.5901518 1.8298951 4.6128063 -0.04759114 5.4415426
0 5 0.07998157 43.068726 0.36114606 51.084915 4.3291583 1.6846614 1.8810921 5.7156343 0.10173221 4.7185125
0 5 0.0778061 44.129856 0.32827854 51.805687 4.3399534 1.6881825 1.8788898 5.770798 0.055542864 5.5906644
0 5 0.075081326 -0.065297134 2.1317549 112.88513 5.2968845 2.009312 2.118201 1.697052 0.029398875 -1.715098
0 5 0.07307716 -8.112696 2.5430646 85.60308 4.7630587 1.4618069 1.951016 2.1278076 -0.021480279 -5.8045473
0 5 0.068827614 29.496046 1.5816603 45.458187 4.4795804 1.5805863 1.8986583 3.508417 -0.027204273 -0.01301355
0 5 0.0688091 -3.208281 2.354362 95.721725 4.97218 1.7039456 2.0243225 1.6197124 -0.059925556 -3.0877683
0 5 0.0683963 -18.307117 1.8719788 59.078857 4.253766 1.5995178 1.8326929 4.6356363 -0.052566834 5.5393662
0 5 0.06816128 -19.039568 1.9516108 63.17658 4.285166 1.6054373 1.8356552 4.604464 -0.017225722 5.656201
0 5 0.06782292 -4.423458 2.5027032 92.05964 4.791771 1.5805546 1.9796326 1.7173457 -0.07918751 -4.5177393
0 5 0.06781797 42.783524 0.3809925 50.824688 4.354467 1.6648847 1.8785805 5.669374 0.09414085 5.127178
0 5 0.06625482 28.61256 1.5165613 44.196793 4.4288535 1.5666548 1.8977631 3.5058923 0.012961831 -0.0025198236
0 5 0.06453077 -2.0360076 2.0441728 104.560814 5.6395636 2.056316 2.1488335 1.6072229 -0.035528135 -2.3662868
0 5 0.06047776 -4.635523 2.5259283 93.59154 4.745125 1.5352947 1.9612166 1.7783886 -0.053590693 -6.122806
0 5 0.05985718 -8.110307 2.5836577 86.227715 4.785544 1.4975913 1.960622 2.0822442 -0.018469851 -4.6820416
0 5 0.059707344 32.405197 1.474509 49.877098 4.3616586 1.5895945 1.8553679 3.4648316 -0.011361787 0.011105578
0 5 0.059237435 45.19119 0.25211084 53.978443 4.61161 1.6948974 1.96816 5.813073 -0.015999846 2.1418858
0 5 0.057891097 44.283825 0.34076765 52.04003 4.3741956 1.6787014 1.8888052 5.7468424 0.06337231 5.513548
0 5 0.056372814 5.292035 1.9979659 122.10025 4.870023 1.7364533 2.0876982 4.7028284 0.035462044 6.153722
0 5 0.05630405 30.817423 1.6729962 48.439163 4.266812 1.5102088 1.8386611 3.3063443 -0.023460638 0.022615891
0 5 0.05415103 0.7185061 2.2923646 110.927895 5.046731 1.8631346 2.082276 1.7333333 0.09032696 -0.5818626
0 5 0.053806197 46.05103 0.2789786 53.326534 4.3382607 1.6841173 1.8747313 5.804563 0.0049783923 4.8743124
0 5 0.052097008 43.810665 0.30542606 52.418385 4.3475614 1.6742709 1.883299 5.712423 0.068618916 4.8160515
0 5 0.05133239 5.014794 2.1256502 118.25308 4.9062324 1.716805 2.063863 4.6706505 -0.011142188 4.8719783
0 5 0.051221475 -18.407406 1.8549087 59.4885 4.291476 1.6208991 1.8449699 4.626566 -0.055628046 5.1327367
0 5 0.0503149 -17.846645 1.8301806 37.802536 9.0461035 2.7834098 2.5589912 4.877634 0.052070513 2.403622
0 5 0.050221037 -9.317303 1.9328322 21.49149 3.9010372 2.0893738 1.5434247 4.9216886 0.080983095 0.6386776
1 5 0.051136833 -2.0360076 2.0441728 104.560814 5.6395636 2.056316 2.1488335 1.6072229 -0.035528135 -2.3662868
3 5 0.34876102 -13.242701 2.1096108 21.721579 11.785234 3.5210721 2.9203517 2.006103 -0.011786732 0.4137884
3 7 0.104124814 -12.528996 3.4005508 21.030018 12.238296 3.1149662 2.912479 5.13257 0.090421446 -0.056654334
3 5 0.100595824 -13.002238 1.8206744 21.040134 11.449118 3.3068743 2.8571181 2.0177512 -0.007529064 0.19383714
3 5 0.0910907 25.424152 1.2614338 139.22083 12.647162 3.0645504 3.0437453 4.8366632 0.0069098845 4.2751613
3 5 0.083301544 -12.991757 1.8029038 21.307428 11.263398 3.1546392 2.8693783 5.031122 0.028208988 1.8677657
3 5 0.07395256 -17.683422 0.040083647 61.689587 11.604488 4.835375 2.7072291 1.3251442 0.080876596 -2.137922
3 5 0.073314965 -16.630354 -0.00044202805 60.150513 11.291328 4.6110835 2.6633646 1.2831155 0.09627184 -1.2517354
3 5 0.061803356 25.857988 1.2148657 144.41519 12.511512 3.0301507 3.0651205 4.8615694 -0.035668604 5.0701323
3 5 0.061136093 -17.846645 1.8301806 37.802536 9.0461035 2.7834098 2.5589912 4.877634 0.052070513 2.403622
3 7 0.060568795 -14.102265 3.398438 22.098236 12.602111 3.0325098 3.0270994 5.114318 0.124473505 -0.07255492
3 5 0.058302473 -16.508453 -0.007149458 60.60814 11.387148 4.5846567 2.7692823 1.3154163 0.054081365 0.20365208
3 5 0.05592487 -12.052759 1.9070168 28.128645 6.517304 2.3556092 2.2353857 5.0156493 0.119230025 1.960509
3 5 0.05439281 -18.549938 1.8177359 33.940918 11.459414 3.132704 2.795725 4.8512077 -0.051892325 2.2625966
3 5 0.053275123 -9.317303 1.9328322 21.49149 3.9010372 2.0893738 1.5434247 4.9216886 0.080983095 0.6386776
3 5 0.0511728 24.671055 1.296711 133.93648 12.675714 3.1202726 2.9888778 4.8463407 0.016569356 4.2496033
7 3 0.45964152 -6.6203427 1.932431 16.05113 0.7408882 1.7142028 0.70475876 3.9068513 0.10652202 0.16152707
7 3 0.22461236 -6.8867373 1.9877274 16.751265 0.71392345 1.6880771 0.64448047 3.8273814 0.009250544 0.23694995
7 3 0.21936734 -6.762472 1.9332734 16.432774 0.693791 1.7004714 0.7103974 3.9320607 0.051680654 0.087946735
7 3 0.15669861 -6.664899 1.9696007 16.118599 0.7621876 1.7333143 0.68359965 4.4518166 0.061346628 0.023491777
7 3 0.15575753 -6.850846 1.983017 16.660069 0.6850081 1.6945443 0.6432805 3.6290011 0.0047296826 0.14462316
7 2 0.109386764 -6.9132676 2.0065145 16.730068 0.73894495 1.6936553 0.6394234 4.369343 0.14134823 0.24542901
7 2 0.09770397 -6.2817526 1.6551827 14.855465 0.7928813 1.7239256 0.6914287 4.845483 0.15781085 0.20838922
7 3 0.08266874 -6.6055536 1.9307945 16.034573 0.71950525 1.7676529 0.6793759 4.74096 0.18774487 0.27422357
7 2 0.06824772 -6.6602054 1.955523 16.269886 0.79604924 1.7586895 0.7331014 4.6493726 0.053216703 0.23528206
7 3 0.067184836 -7.6238084 2.088108 18.568605 0.69135153 1.5834426 0.6451552 4.2802534 -0.06428208 0.093760304
7 3 0.06575977 -5.749386 1.6196744 13.654651 0.50027764 1.635246 0.5577071 4.8684325 0.06946018 0.07001808
7 3 0.06267478 -7.53789 2.0735488 18.265009 0.6949414 1.5836768 0.6640503 4.514341 -0.058429405 0.15824994
7 2 0.05685083 -6.5467076 1.938405 15.821385 0.72318864 1.7494731 0.6610404 4.758103 0.07317104 0.33942464
8 8 0.06269029 23.087254 1.8515761 30.334953 0.35626167 0.66782075 0.37785935 5.655021 -0.073332 -0.024908926
8 8 0.054337077 22.853422 1.7937592 30.021158 0.36676311 0.6685248 0.36799148 5.553903 -0.0410086 -0.0129992375
8 8 0.050183825 22.652111 1.8347578 29.741972 0.35412553 0.662264 0.39071083 5.641633 -0.05144033 -0.023540312
