0 5 0.39732096 26.923672 1.6066191 44.248486 4.504347 1.5626566 1.9074044 3.537935 -0.005452588 0.0033104923
0 5 0.20997852 26.50067 1.5733168 43.59483 4.4740825 1.5400074 1.9036809 3.532471 0.016737657 0.006869592
0 5 0.16440302 26.794693 1.5968413 43.967537 4.528318 1.5359648 1.9008561 3.5542102 0.0053500533 -0.008316779
0 5 0.16033408 -8.157697 2.6162798 85.713036 4.7158704 1.4746023 1.9347479 2.1706498 -0.035809197 -4.9798913
0 5 0.15569054 27.733341 1.5632985 45.51515 4.533155 1.5590233 1.9225659 3.5272706 0.037362345 0.000888275
0 5 0.1251661 26.353653 1.5590518 43.38874 4.491658 1.5476644 1.9087865 3.4857292 -0.039806463 -0.021726234
0 5 0.113226525 -4.6089144 2.5644476 94.06705 4.733354 1.5500971 1.9731054 1.8412528 -0.046396226 -5.4859223
0 5 0.10454143 0.38249612 2.386618 113.72283 5.0466957 1.8647957 2.0869877 1.771285 0.07127667 -1.5563529
0 5 0.104485594 29.74957 1.7319309 48.676292 4.310479 1.5440747 1.8461517 3.5044682 -0.0388178 0.025458984
0 5 0.101099916 27.438942 1.6044986 44.967777 4.5404625 1.527477 1.9089372 3.5511744 0.022442648 0.012863029
0 5 0.09872651 41.121727 0.31484157 48.427513 4.2489266 1.6628523 1.8489473 5.782989 0.08543072 5.1098495
0 5 0.09107352 29.582306 1.7595658 48.303944 4.2737656 1.5557691 1.838198 3.5468736 -0.08854675 0.01673149
0 5 0.0869865 0.025671516 2.206421 113.902084 4.946833 1.8506511 2.068608 1.7294784 0.018146632 -2.2475295
0 5 0.08321251 42.02194 0.27903873 49.207882 4.260109 1.6643496 1.8459862 5.8069935 0.05583208 5.070246
0 5 0.08043956 28.682247 1.673526 47.612476 4.3900867 1.5430622 1.8812647 3.5118349 -0.05187191 -0.015100591
0 5 0.07650156 -8.222975 2.5981882 86.52938 4.765851 1.4854735 1.9619616 2.1409554 -0.0080218855 -4.709923
0 5 0.07571894 41.031433 0.31901002 48.612614 4.258606 1.6554047 1.848552 5.7462606 0.103810996 4.706909
0 5 0.07332545 28.333447 1.7248197 46.878704 4.360238 1.5660101 1.8762119 3.5682328 -0.020078113 0.0024564583
0 5 0.07324501 -4.6189613 2.5684907 92.658806 4.672616 1.5342636 1.9649526 1.8452852 -0.08910372 -5.5615654
0 5 0.07321016 -1.9415793 2.0536108 105.575134 5.257363 1.9328576 2.108978 1.6446781 -0.039744616 -2.3103878
0 5 0.07120238 -3.1609023 2.3761039 96.8121 4.965884 1.7011979 2.0245714 1.6743224 -0.0570748 -2.8059714
0 5 0.07116475 -4.506712 2.5502336 93.404015 4.76368 1.5714623 1.9771613 1.7975507 -0.080536984 -4.2446523
0 5 0.0707957 43.504814 0.27661228 51.643642 4.5945325 1.6679919 1.9536259 5.8526487 -0.017121686 2.667752
0 5 0.06984455 -8.293659 2.6319375 85.9117 4.6807833 1.4945881 1.9302472 2.1057756 -0.03610535 -4.483418
0 5 0.06589014 -21.233217 1.8665373 69.33331 4.5503664 1.6791601 1.92811 4.4201374 -0.038123686 9.990197
0 5 0.0640148 43.851257 0.24801749 50.97939 4.6368017 1.6804041 1.9510285 5.889397 -0.0074735703 4.1384077
0 5 0.061708137 43.04682 0.069346786 51.38037 4.640101 1.6619753 1.9596239 5.8588734 -0.019923557 2.4602
0 5 0.060970277 0.61639297 2.4073133 112.63011 4.901222 1.8000968 2.0684345 1.7250786 0.08926543 -0.9736539
0 5 0.060680736 -7.599333 2.5799298 88.03349 4.7610774 1.4723212 1.9568616 2.1001334 -0.018945066 -5.7243657
0 5 0.057057682 40.618107 0.3183413 48.17794 4.287416 1.6408415 1.8446156 5.720722 0.08397872 4.999338
0 5 0.05666737 30.202572 1.5640925 49.340775 4.3616505 1.5309557 1.8553419 3.5616574 -0.008021414 0.0020993184
0 5 0.056225732 44.743824 0.31834573 52.78106 4.5869374 1.6838958 1.966936 5.8891964 -0.009553551 2.875005
0 5 0.05606335 -21.006618 1.8704268 69.26316 4.4940968 1.6591523 1.9119515 4.4624624 -0.0032032998 10.903336
0 5 0.0557654 44.27037 0.023551643 51.60463 4.707825 1.6892409 1.9637161 5.8693657 0.0071915183 4.418059
0 5 0.05560946 -8.175066 2.555577 86.92171 4.7779207 1.477645 1.9754542 2.1992073 0.0047638975 -5.018581
0 5 0.055351436 45.012325 0.29832923 54.033386 4.5455766 1.6904366 1.9517782 5.926307 -0.0044328654 3.1354547
0 5 0.054739885 30.405972 1.5360267 48.87464 4.4396515 1.6161742 1.898168 3.4306993 -0.025415085 0.39314175
0 5 0.054576773 43.58707 0.23578614 50.465298 4.25332 1.6650528 1.8425192 5.8309855 0.014274688 4.7195888
0 5 0.05265856 42.291656 0.27125335 49.52194 4.3018126 1.6511116 1.8558093 5.7965803 0.060584955 4.8214283
0 5 0.0502566 -3.5268402 2.457365 95.99785 4.9113317 1.6559314 2.0062854 1.702449 -0.013945039 -3.807201
0 5 0.050048545 -0.03572129 2.2602906 114.2907 4.9302673 1.8113705 2.0529745 1.7032745 -0.046675168 -1.8156669
1 5 0.053586468 -1.9415793 2.0536108 105.575134 5.257363 1.9328576 2.108978 1.6446781 -0.039744616 -2.3103878
3 5 0.092564456 23.780512 1.144336 137.29672 12.35175 2.8941987 3.0395448 4.7910724 -0.02742429 3.346006
3 5 0.08408593 23.377424 1.1861447 134.40248 12.540996 2.9898312 3.009875 4.8154063 -0.004465202 3.15385
3 5 0.06844677 21.610285 1.0212388 139.10199 11.990325 2.7692044 3.011183 4.770596 -0.010788791 4.0091796
3 5 0.053410433 20.321825 0.9885612 137.66823 11.955613 2.7159772 2.9927711 4.814602 0.0067869294 4.2594647
7 3 0.4414753 -7.4398565 2.0966134 17.878508 0.7129314 1.7092136 0.6840689 6.0519524 0.35122162 -0.040148064
7 3 0.29661736 -7.480536 2.116636 17.928995 0.6830701 1.7098758 0.62397856 6.132163 0.2548324 0.007972911
7 3 0.26632002 -7.352167 2.0990386 17.627428 0.70057595 1.7081017 0.65485716 6.074032 0.2633913 -0.038660537
7 3 0.13290668 -7.389444 2.079402 17.750713 0.69827825 1.7077371 0.63023996 6.050786 0.3186532 0.022203911
7 3 0.13051857 -7.487495 2.0988743 18.032156 0.6769137 1.7003583 0.6844333 6.052081 0.26012596 -0.002731869
7 3 0.10986404 -7.828885 2.1947203 18.91873 0.7825859 1.6701272 0.6818461 6.105193 0.18091336 -0.05048086
7 3 0.08675466 -8.061206 2.2310758 19.466805 0.75766426 1.6612072 0.6676787 6.162913 0.1474788 -0.03845776
7 3 0.0728957 -7.9874444 2.1317363 19.191057 0.8359411 1.6723081 0.6703858 6.0548654 0.19864383 0.023728415
7 3 0.06484833 -7.280847 2.027971 17.509575 0.6515855 1.7825961 0.6306767 5.9530993 0.14243166 -0.01137181
7 3 0.05592456 -7.6533275 2.2156978 18.114168 0.60627383 1.7560543 0.5919282 5.7891645 0.19092974 0.2656908
7 3 0.05501654 -7.8087444 2.1653972 18.74888 0.8015076 1.6726238 0.7066142 6.0092735 0.1326102 -0.03958767
7 3 0.05461107 -7.285873 2.118917 17.431717 0.71459657 1.7042494 0.6425694 5.9789767 0.21164261 0.02722245
7 3 0.052533053 -7.5278687 2.0794353 18.068827 0.7243132 1.7210369 0.65761566 5.9507174 0.30755568 -0.053898007
8 8 0.07327066 22.446142 1.8028121 29.499847 0.39658958 0.64888704 0.4198835 5.87323 -0.07649116 -0.028635217
8 8 0.064728856 22.29218 1.7922578 29.25726 0.40226328 0.64700985 0.45382634 5.7827406 -0.04441309 -0.03033797
8 8 0.061062235 22.464668 1.7575737 29.564217 0.4070001 0.6527221 0.39404804 5.754347 -0.07770983 -0.014192192
8 8 0.059941005 22.214256 1.7283772 29.181973 0.4166612 0.6450972 0.4207178 5.670519 -0.03412604 -0.009599401
