0 5 0.3940122 27.082705 1.630266 44.486065 4.517101 1.5602124 1.9097719 3.5414321 -0.0059192004 -0.035425775
0 5 0.21515533 26.643927 1.5975406 43.830833 4.4856033 1.5357116 1.9061537 3.5377655 0.016106991 0.007965714
0 5 0.16555761 26.902016 1.6135111 44.128307 4.535524 1.5331919 1.9022058 3.5584376 0.0045973435 -0.010932622
0 5 0.16382316 -8.084486 2.6149888 85.40445 4.719789 1.4751428 1.9364314 2.1684122 -0.039259084 -5.303455
0 5 0.1492514 27.796185 1.5913296 45.608826 4.539746 1.5553129 1.9221506 3.5251849 0.041386247 -0.00046678074
0 5 0.11765623 -4.58625 2.5628362 94.0513 4.7248025 1.55458 1.9721179 1.8612822 -0.04682436 -5.6665735
0 5 0.1033969 29.917986 1.7602043 48.956356 4.316573 1.5395695 1.8491061 3.5043101 -0.036027253 0.027379557
0 5 0.10188812 0.26537234 2.3042495 111.93538 5.017909 1.8563569 2.0843668 1.7682217 0.06887128 -2.5032976
0 5 0.101759456 41.16621 0.32914037 48.51602 4.2568383 1.6648299 1.8538907 5.772802 0.08816555 5.1351295
0 5 0.09888792 27.516531 1.6286049 45.081047 4.5461926 1.5236695 1.9082291 3.5429237 0.024106113 0.01065214
0 5 0.09056697 29.684813 1.7814903 48.49442 4.2763524 1.5497819 1.8402579 3.5429206 -0.08636025 0.017773103
0 5 0.08496531 -0.029305937 2.141422 112.03252 4.9657774 1.8739617 2.0775137 1.733499 0.013707999 -2.8979146
0 5 0.08331487 42.128986 0.29684615 49.363884 4.2711897 1.6665033 1.8515718 5.796517 0.05899576 5.1165485
0 5 0.0800129 -8.164032 2.5974262 86.39836 4.772761 1.4846284 1.9631075 2.139348 -0.010098024 -5.0151405
0 5 0.07680723 -3.139807 2.3522604 96.30182 4.955397 1.7088515 2.0253925 1.6865189 -0.05628153 -3.1121268
0 5 0.07584424 -4.5855107 2.5675962 92.61286 4.670839 1.5400597 1.9637965 1.862848 -0.089416996 -5.848005
0 5 0.0751889 -4.46025 2.543762 93.213905 4.763338 1.5764563 1.9769478 1.8145926 -0.08042557 -4.4913297
0 5 0.07374031 -1.9597862 2.0280027 104.4839 5.4287286 1.994961 2.1357331 1.6576978 -0.03699103 -2.6623402
0 5 0.073283 28.719387 1.7081718 47.696346 4.403019 1.540462 1.8864577 3.498128 -0.053470843 -0.015473376
0 5 0.07264091 -20.848326 1.9167402 68.187416 4.545117 1.6765274 1.9245895 4.458138 -0.038749244 10.333579
0 5 0.0721259 43.36253 0.27143717 51.54069 4.595686 1.6726195 1.9555328 5.8421054 -0.0157142 2.634512
0 5 0.07187698 -21.03057 1.8770394 68.729164 4.500601 1.6547571 1.910714 4.4575386 -0.010362393 11.831661
0 5 0.07135627 28.423103 1.7626619 47.06004 4.3702173 1.5625732 1.879359 3.5517118 -0.01683635 0.0013301577
0 5 0.06849335 -8.242559 2.6240528 85.70826 4.6855025 1.4976826 1.9318783 2.105596 -0.03610321 -4.721895
0 5 0.06728695 -20.81223 1.9277227 68.580734 4.491981 1.6658689 1.9097384 4.4938936 0.0013821311 11.363342
0 5 0.0629234 42.93652 0.06770128 51.309124 4.642838 1.6696662 1.9615856 5.848563 -0.017578106 2.377911
0 5 0.06220891 43.727604 0.23745972 50.8823 4.6424594 1.6885444 1.9529346 5.8837647 -0.009044019 4.0985904
0 5 0.06078077 -7.6564035 2.5888507 87.48155 4.7584524 1.47323 1.9546194 2.0987203 -0.016940143 -5.9497237
0 5 0.060773194 40.645626 0.337042 48.233273 4.294855 1.6457559 1.8498095 5.713115 0.08540681 5.185241
0 5 0.060133155 -8.127939 2.5681486 86.73903 4.780281 1.4757024 1.9765673 2.1910372 0.0039076526 -5.424505
0 5 0.05888978 -20.566587 1.9401085 67.6964 4.5194173 1.679543 1.9186821 4.486936 -0.0344416 9.793186
0 5 0.05855088 44.522606 0.3199345 52.60075 4.5947137 1.6901485 1.9706243 5.8782115 -0.007960811 2.7307904
0 5 0.057741843 0.5599974 2.3168237 110.859215 4.946805 1.8161885 2.0703635 1.7267547 0.07771159 -1.8334565
0 5 0.05731864 44.838314 0.28928483 53.835815 4.554586 1.6966515 1.9555018 5.9119787 -0.010783531 2.8596032
0 5 0.056384113 -19.015572 2.1723354 75.12639 4.516135 1.7018486 1.940016 4.3628035 0.013783798 7.443357
0 5 0.055303507 30.517555 1.5800533 49.0716 4.44406 1.6132421 1.9021213 3.419025 -0.027768493 0.46191868
0 5 0.054924745 30.403849 1.5863389 49.619534 4.3644676 1.5225126 1.8546406 3.5626345 -0.0062112557 0.0032708328
0 5 0.05485697 44.22763 0.0076596737 51.58903 4.7246647 1.7035362 1.9682555 5.8644853 0.0066362005 4.3822575
0 5 0.054133724 42.375267 0.2903906 49.658306 4.310631 1.6529951 1.8623453 5.782329 0.06396421 4.934964
0 5 0.053734154 -3.5002024 2.4487207 95.67499 4.9135966 1.6649133 2.0061293 1.7199234 -0.015755154 -4.1199703
0 5 0.052582286 -19.056467 2.1546311 74.74452 4.481429 1.6752273 1.9170333 4.332307 -0.008964004 8.4326725
0 5 0.05025866 41.742195 0.29082096 49.872337 4.292416 1.6558027 1.8596866 5.7389336 0.07687815 3.989551
1 5 0.056013428 -1.9597862 2.0280027 104.4839 5.4287286 1.994961 2.1357331 1.6576978 -0.03699103 -2.6623402
3 5 0.09905355 24.115536 1.2007581 136.66197 12.603805 3.0396936 3.0378122 4.820497 -0.011847729 3.5351605
3 5 0.08918692 24.50744 1.1894403 139.4063 12.4804535 2.959653 3.0817811 4.813052 -0.035917334 3.7860055
7 3 0.42231163 -7.4800196 2.1100163 17.967422 0.69765824 1.7015094 0.67605007 6.0678816 0.32703805 -0.03473246
7 3 0.28659764 -7.533931 2.1371732 18.047058 0.6749238 1.7087001 0.6177876 6.1612263 0.22708094 0.0036297273
7 3 0.25734004 -7.3850346 2.1131377 17.70093 0.69434327 1.7001007 0.647837 6.0863967 0.24672692 -0.03770978
7 3 0.12608767 -7.439204 2.0958734 17.851269 0.68735784 1.7082888 0.62170005 6.0759807 0.29323205 0.022272374
7 3 0.124670945 -7.863786 2.2065017 19.002003 0.7841859 1.6707368 0.6770448 6.1033607 0.17286684 -0.058814928
7 3 0.12191058 -7.554065 2.1208577 18.167341 0.66539615 1.7006277 0.6729094 6.063455 0.24194972 -0.0052419323
7 3 0.10000031 -7.8908114 2.0879931 18.93963 0.78121614 1.6473217 0.67481434 6.048044 0.11433425 -0.050040267
7 3 0.09958507 -8.094855 2.2404814 19.556074 0.754699 1.6602668 0.66229504 6.166135 0.13193963 -0.04504018
7 3 0.07672103 -8.021314 2.1480389 19.273176 0.8180059 1.6731173 0.67023045 6.0814047 0.16802728 -0.006956378
7 3 0.06652202 -7.405484 2.0455801 17.759739 0.6288537 1.7570907 0.60882837 5.970311 0.19514738 -0.054480765
7 3 0.062991016 -7.3108454 2.0350184 17.579798 0.6367115 1.7789545 0.6191219 5.9644237 0.13653648 -0.017641911
7 3 0.06214089 -7.8509893 2.174907 18.847723 0.80376506 1.6729938 0.7075091 6.0423336 0.12108644 -0.04660581
7 3 0.059502844 -7.336587 2.124891 17.529608 0.7049803 1.6999905 0.6323147 6.000671 0.19520038 0.0262031
7 3 0.058491644 -7.711819 2.2255738 18.22866 0.6026009 1.7581872 0.58945704 5.8242803 0.16536579 0.23370665
8 8 0.07283111 22.449665 1.8061888 29.505503 0.37928888 0.665409 0.40655386 5.948972 -0.06650301 -0.040864136
8 8 0.06523244 22.312662 1.8035754 29.262197 0.3880063 0.66308665 0.43822864 5.8112826 -0.034970723 -0.04389391
8 8 0.06341331 22.340578 1.7438014 29.331802 0.3958512 0.65456116 0.40068772 5.7012057 -0.035156175 -0.020864662
8 8 0.06262981 22.504248 1.7588432 29.621393 0.38594732 0.6615568 0.3793226 5.8246174 -0.07596981 -0.023803206
