0 5 0.3946921 26.774618 1.6175863 43.97654 4.5272923 1.5550596 1.9118296 3.5466223 -0.005057445 -0.0012931544
0 5 0.21729632 26.298061 1.5830783 43.241356 4.4932613 1.5308444 1.906188 3.5369837 0.013230199 0.0010743216
0 5 0.16563459 26.633947 1.6021451 43.68386 4.5412498 1.5317683 1.9035994 3.560277 0.010738339 -0.001517525
0 5 0.15899526 -8.143607 2.622613 85.79605 4.72732 1.4760371 1.9371088 2.1537714 -0.036722273 -5.207349
0 5 0.15051112 27.492481 1.572901 45.116776 4.544932 1.5529115 1.9235977 3.5379314 0.0359407 -0.002305666
0 5 0.12529618 26.149075 1.5725782 43.04248 4.508146 1.5361742 1.908752 3.481012 -0.0403473 0.18715957
0 5 0.11892139 -4.683351 2.5638268 94.24178 4.7310066 1.5497551 1.9733311 1.8193519 -0.04342984 -5.7018127
0 5 0.10379226 0.31425244 2.3281345 111.02654 5.05946 1.8624171 2.0840929 1.7697555 0.07298424 -2.4477968
0 5 0.10373378 29.633766 1.7348168 48.49131 4.31178 1.5430131 1.8463669 3.5074337 -0.032153506 0.027134683
0 5 0.102030054 40.858932 0.33205128 48.127083 4.259199 1.6616535 1.8510498 5.7868495 0.08365487 5.328947
0 5 0.10004493 27.204811 1.6124768 44.576504 4.5459347 1.5228761 1.908759 3.5588233 0.025285928 0.009960715
0 5 0.09411661 27.020554 1.5428485 44.45715 4.5419307 1.5678619 1.9232066 3.49091 0.011079799 0.018226631
0 5 0.089350715 29.43929 1.7713964 48.082664 4.2775135 1.5501038 1.8405838 3.556185 -0.07902368 0.055572048
0 5 0.08760503 41.784138 0.3014657 48.92294 4.2725205 1.6613867 1.8484945 5.8074317 0.055305697 5.2335815
0 5 0.086469784 0.00428918 2.1577954 111.510895 4.982838 1.8692605 2.0716157 1.7280377 0.023711154 -2.9180088
0 5 0.08017999 28.566517 1.6923378 47.348114 4.3999157 1.539277 1.8787497 3.5115383 -0.048210368 -0.022319466
0 5 0.07858329 43.00539 0.2836992 50.972305 4.6101246 1.6750168 1.9603229 5.860046 -0.016693288 2.7874348
0 5 0.07683163 -8.211324 2.604314 86.66812 4.7793427 1.4878334 1.9653932 2.123152 -0.008956778 -4.9225817
0 5 0.07502146 -4.6936193 2.572009 92.80459 4.6778316 1.5345116 1.9644225 1.8235027 -0.08627741 -5.8520103
0 5 0.07308685 28.216066 1.7314392 46.655823 4.3827295 1.5605497 1.8796973 3.5766237 -0.007901079 -0.0029760078
0 5 0.07262182 -4.5486703 2.5461974 93.37169 4.765177 1.5706259 1.9754887 1.7752405 -0.07808379 -4.4592056
0 5 0.07171554 -1.8738585 2.0273514 104.699554 5.514666 2.0154016 2.1404717 1.6478587 -0.037522398 -2.579698
0 5 0.07137716 -3.142717 2.3435256 96.63117 5.009096 1.7217807 2.0344403 1.6581548 -0.055409588 -3.0192947
0 5 0.07039435 43.471764 0.25944936 50.57493 4.637264 1.677069 1.9483386 5.8849945 -0.0078012208 4.38343
0 5 0.06904643 -8.302071 2.6355526 86.133286 4.691271 1.4981161 1.9332618 2.0890877 -0.035834506 -4.67081
0 5 0.06806501 42.567665 0.08182764 50.729954 4.6662397 1.6648535 1.9682124 5.8613734 -0.018193254 2.593736
0 5 0.066780835 -21.1028 1.9061059 68.98273 4.5485573 1.6807077 1.9268794 4.436623 -0.038278006 10.007589
0 5 0.06300028 0.6129142 2.3441823 109.560394 4.942189 1.8097404 2.063529 1.7320658 0.08246409 -1.7404577
0 5 0.06273732 -7.5741434 2.5893779 88.07939 4.770087 1.4728415 1.957209 2.080926 -0.020029971 -5.992157
0 5 0.062249415 -20.886353 1.8996358 68.838806 4.494549 1.6644813 1.9133335 4.4741216 -0.0046220273 11.057895
0 5 0.06054061 43.838852 0.044169307 51.15001 4.695662 1.6815112 1.9605798 5.868994 0.004388865 4.6702366
0 5 0.060379304 40.345413 0.3412964 47.850708 4.293421 1.6399512 1.8440548 5.726719 0.08446172 5.2734823
0 5 0.059342816 0.12186881 2.2675297 111.12304 4.8959 1.7641109 2.049613 1.762497 -0.031819448 -1.8991679
0 5 0.057154033 43.374058 0.25323343 50.22724 4.26283 1.6586918 1.8432037 5.833349 0.01893012 5.003509
0 5 0.057144955 44.31921 0.320567 52.197083 4.599063 1.6868312 1.9708349 5.8929715 -0.0008679386 3.135403
0 5 0.057073772 -8.16034 2.5667064 87.01497 4.790619 1.4781624 1.9780865 2.1729605 0.0035485607 -5.3278794
0 5 0.055765495 30.209854 1.5459261 48.566746 4.4512043 1.6189872 1.9021205 6.5698285 -0.028239619 0.61068
0 5 0.055607922 30.133467 1.5614166 49.20732 4.360551 1.5246912 1.8517283 3.5685694 -0.021302557 -0.0071441922
0 5 0.055128787 -20.727362 1.9409657 68.21327 4.5281553 1.683 1.9235457 4.464979 -0.038618974 9.480231
0 5 0.055094022 42.04782 0.2898726 49.234486 4.31399 1.6497868 1.8588593 5.7951355 0.062410712 5.015921
0 5 0.054219034 44.69713 0.28787535 53.61871 4.5577264 1.6961594 1.9544392 5.919651 -6.6019595e-05 3.261259
1 5 0.05205236 -1.8738585 2.0273514 104.699554 5.514666 2.0154016 2.1404717 1.6478587 -0.037522398 -2.579698
3 5 0.11175066 24.01265 1.2599261 136.02803 12.639416 3.0616887 3.0239727 4.826423 -0.012655164 3.6663058
3 5 0.0973825 24.252335 1.2676086 137.63252 12.545613 2.9887455 3.078274 4.8123913 -0.026602216 3.6635387
7 3 0.42779756 -7.4891725 2.1098857 17.993399 0.71275455 1.7058252 0.68294704 6.0419593 0.3619485 -0.024959413
7 3 0.26221848 -7.4034433 2.1147416 17.744781 0.7023379 1.7055155 0.6558741 6.0700073 0.28284135 -0.0387052
7 3 0.2300659 -7.5502734 2.1506515 18.037754 0.71124554 1.7044563 0.6414386 6.158546 0.33344358 0.038015045
7 3 0.13338175 -7.4347663 2.0954 17.852938 0.7036611 1.7083942 0.6317909 6.0428176 0.34801966 0.05224651
7 3 0.12803324 -7.531954 2.1166306 18.13364 0.67990845 1.6986141 0.68334526 6.0425134 0.2687262 -0.0036921762
7 3 0.11763885 -7.873453 2.204758 19.026464 0.7946175 1.6686667 0.68671006 6.0976176 0.20041564 -0.05167371
7 3 0.09291344 -8.087554 2.2400117 19.5357 0.76479506 1.6628909 0.6710305 6.1589456 0.16127835 -0.040652633
7 3 0.07557285 -8.034227 2.1463852 19.305695 0.83128506 1.6732633 0.6767423 6.0753546 0.23305945 0.07864493
7 3 0.063537024 -7.3604536 2.1282144 17.668612 0.7321415 1.6974654 0.62344253 5.9711375 0.21901183 0.0077608936
7 3 0.06339075 -7.269104 2.0281262 17.466543 0.665594 1.7786683 0.6412662 5.951179 0.14891376 -0.011837383
7 3 0.058920823 -7.8595433 2.1747968 18.86656 0.8123098 1.6720077 0.7149305 6.0141273 0.15863745 -0.014270585
7 3 0.058014832 -7.326887 2.124785 17.525282 0.71498615 1.7008123 0.64024687 5.974927 0.22508837 0.030102093
7 3 0.055413987 -7.671014 2.2135966 18.122433 0.6087507 1.7605304 0.59425986 5.807743 0.20277922 0.26081878
8 8 0.073991984 22.51291 1.8116765 29.57573 0.3961204 0.6447435 0.4194397 5.8024373 -0.06686292 -0.033572525
8 8 0.06760522 22.382446 1.8031435 29.35517 0.40597084 0.64466083 0.45986378 5.721392 -0.03771448 -0.037177783
8 8 0.067244194 22.464592 1.762036 29.550327 0.40320635 0.64379007 0.3908539 5.6851025 -0.07445258 -0.022531124
8 8 0.06669817 22.33667 1.745739 29.32681 0.41538304 0.63840926 0.41715422 5.6228504 -0.031664483 -0.01628996
