0 5 0.38149795 27.291248 1.6400292 44.933094 4.530581 1.5576533 1.9138969 3.5430443 -0.004607152 -0.004706273
0 5 0.21299914 26.905838 1.6104586 44.345013 4.498746 1.5369412 1.9090341 3.5349398 0.018729651 -6.979704e-05
0 5 0.1611075 -8.003091 2.587548 84.90452 4.7379103 1.4708267 1.9349729 2.1382914 -0.039659478 -5.516335
0 5 0.14906274 28.023907 1.591176 46.07587 4.5547533 1.5539526 1.9265641 3.5237 0.034181066 -0.0015325546
0 5 0.13290142 26.751879 1.595643 44.14204 4.520633 1.541944 1.9141095 3.4858003 -0.037116766 -0.3420466
0 5 0.119864665 -4.6298084 2.5646005 94.38646 4.7329216 1.5486337 1.9719034 1.8039101 -0.044076122 -5.673105
0 5 0.10326633 30.25838 1.7546122 49.532364 4.3105927 1.5361373 1.8455621 3.493576 -0.035837747 0.023019623
0 5 0.100377716 41.100224 0.31878072 48.4382 4.255613 1.6676828 1.8500161 5.7930813 0.083008304 5.102573
0 5 0.0960852 27.763203 1.6334836 45.572586 4.5581417 1.5271915 1.912138 3.5331974 0.02419546 0.011734888
0 5 0.09162968 30.03716 1.7876692 49.0682 4.2813826 1.5508991 1.8397176 3.534736 -0.08932678 0.015294008
0 5 0.086276844 0.5840655 2.2984016 115.35914 4.998198 1.8517786 2.0821161 1.7968105 0.0662156 -1.6759607
0 5 0.08273818 42.082546 0.2866509 49.304695 4.270174 1.6678122 1.8482393 5.814415 0.051335983 4.877277
0 5 0.078410916 -8.077607 2.5644178 85.737686 4.780598 1.479853 1.9599411 2.1092708 -0.010844748 -5.148434
0 5 0.07730601 -3.1684303 2.3470027 97.15186 4.9563055 1.7104048 2.0258577 1.6334798 -0.058195367 -2.8503852
0 5 0.07700293 43.589214 0.26732242 51.735546 4.6030273 1.6773458 1.9613287 5.8755636 -0.014613446 2.4678586
0 5 0.07637176 -4.6461806 2.5659323 92.99734 4.6827593 1.5350466 1.9632436 1.8092613 -0.0858844 -5.779834
0 5 0.07505821 -0.14147757 2.144041 114.77052 5.1549897 1.9458967 2.1231923 1.701413 0.015764738 -2.087106
0 5 0.074534714 -4.4841065 2.545714 93.73093 4.772351 1.574482 1.974464 1.7514461 -0.07731863 -4.294875
0 5 0.07339052 29.081295 1.7068527 48.33862 4.3951473 1.5347362 1.8826901 3.4920201 -0.049514823 -0.013277479
0 5 0.069463365 28.706783 1.7664337 47.580055 4.362744 1.5548962 1.8763288 3.5473232 -0.018159052 0.0026467144
0 5 0.069148436 -2.1743927 2.0324624 105.13931 5.3026676 1.9424317 2.112429 1.5999569 -0.037445914 -2.355095
0 5 0.06683717 43.15013 0.063352644 51.503067 4.6547213 1.6701577 1.9674953 5.876302 -0.012988295 2.1290133
0 5 0.06547452 43.812393 0.23326755 50.970863 4.644327 1.6871845 1.9536425 5.904925 -0.005856827 3.9242473
0 5 0.06444622 1.1722628 2.4144723 114.1325 4.871976 1.7890898 2.0650969 1.7796036 0.08017118 -1.3537242
0 5 0.06352322 -20.930834 1.8251083 68.96053 4.534009 1.6639205 1.9210119 4.436186 -0.04447622 9.441613
0 5 0.06284137 -8.153258 2.6038947 85.34729 4.7000732 1.4936031 1.9327306 2.0703268 -0.036974117 -4.8251433
0 5 0.06268197 -7.6239367 2.5644546 86.97601 4.780771 1.4705278 1.9513956 2.0670736 -0.013984612 -6.0782866
0 5 0.060578495 44.84358 0.3152727 52.99146 4.5983005 1.687894 1.9733287 5.9074426 -0.0046836277 2.676422
0 5 0.05953024 -20.776169 1.8173003 69.438065 4.4756794 1.6449401 1.9026753 4.4821634 -0.004232129 10.072565
0 5 0.058223207 45.184273 0.28287053 54.255898 4.555831 1.6946104 1.9577554 5.9368653 -0.0049145026 2.6886926
0 5 0.057958446 40.61219 0.32650313 48.197063 4.292699 1.6432791 1.8452916 5.7297273 0.08357495 5.04574
0 5 0.05778644 44.28745 0.023284316 51.665283 4.714353 1.6993517 1.9678222 5.8853135 0.0111960545 4.228979
0 5 0.05483013 30.82767 1.5760694 50.31387 4.3599977 1.5196192 1.8525131 3.555303 -0.005795434 -0.00093188323
0 5 0.05373239 43.783916 0.24410534 50.696762 4.25769 1.6617707 1.8427123 5.8378506 0.016842665 4.678713
0 5 0.053499795 -19.246695 2.195878 76.5574 4.520112 1.7023442 1.9438349 4.4298496 0.017699098 7.107027
0 5 0.053034205 -3.4599793 2.4411623 96.22343 4.9417686 1.6771214 2.0107093 1.6640217 -0.017833047 -3.8464475
0 5 0.052891284 30.90673 1.5791872 49.698765 4.445418 1.6120929 1.8998363 3.4172287 -0.025428545 0.20288974
0 5 0.052677006 42.351105 0.2789123 49.6173 4.307535 1.6531285 1.858341 5.80268 0.05471447 4.6389832
1 5 0.050762992 -2.1743927 2.0324624 105.13931 5.3026676 1.9424317 2.112429 1.5999569 -0.037445914 -2.355095
3 5 0.08709228 24.256922 1.1567613 139.13197 12.286306 2.9217951 3.054763 4.798323 -0.025218887 3.4242196
3 5 0.08635626 23.799314 1.197037 135.58508 12.467047 2.997364 3.0155182 4.8124466 0.0037209056 3.1370556
3 5 0.052001648 23.201738 1.0177445 142.95503 11.996624 2.8101625 3.0439758 4.7981405 -0.036168884 4.325456
7 3 0.4422985 -7.3444877 2.0810654 17.652073 0.710372 1.7107104 0.6779356 6.0354395 0.344917 -0.041946575
7 3 0.3032908 -7.3857956 2.100731 17.71022 0.6821424 1.7088104 0.6209951 6.1203604 0.25941634 -0.029162098
7 3 0.26836154 -7.272312 2.0890915 17.43477 0.7016065 1.7128284 0.65609527 6.064114 0.2700095 -0.043889917
7 3 0.23386739 -7.432203 2.1254737 17.764042 0.706994 1.7076854 0.6400667 6.1515117 0.3117236 -0.008773068
7 3 0.1361695 -7.3003116 2.0630763 17.53852 0.69132614 1.7051421 0.62561214 6.0449586 0.32256296 0.011460748
7 3 0.13191271 -7.4096646 2.0835717 17.839705 0.6719768 1.7018175 0.6785683 6.0424647 0.25911033 -0.011913023
7 3 0.090652764 -7.743551 2.1753843 18.723896 0.77290803 1.6594101 0.66869223 6.1128144 0.16879441 -0.05523833
7 3 0.08469818 -7.7097583 2.0526052 18.527342 0.7721562 1.6428221 0.6591303 6.010906 0.0918249 -0.049270667
7 3 0.07666089 -7.975539 2.2153723 19.296274 0.75810593 1.6526991 0.65926176 6.162283 0.1325226 -0.04322634
7 3 0.07193644 -7.869084 2.1067853 18.92398 0.8179485 1.6668165 0.66382486 6.0521717 0.13589236 -0.037509196
7 3 0.071803354 -7.3074512 2.0383217 17.491947 0.62803197 1.7725481 0.6074941 5.933564 0.21921512 -0.046238307
7 3 0.06460435 -7.617547 2.2132103 17.98855 0.6067332 1.7576641 0.58907443 5.7891226 0.18822104 0.24164256
7 3 0.06389041 -7.184352 2.0154352 17.233303 0.63726705 1.7834787 0.61892277 5.9251966 0.15430042 -0.011834055
7 3 0.061365586 -7.2170477 2.1099834 17.333672 0.7307727 1.7088909 0.6227104 5.9701734 0.21022941 -0.007049544
7 3 0.056562565 -7.183858 2.1039796 17.180275 0.7162917 1.7081903 0.6426225 5.9590445 0.22506534 0.026743494
7 3 0.053331953 -7.4740677 2.0724204 17.939695 0.72197616 1.726479 0.65323305 5.9468126 0.31405923 -0.060280684
8 8 0.06839168 22.42768 1.8097274 29.473806 0.3832 0.6546944 0.40396002 5.9283977 -0.06613963 -0.026166815
8 8 0.062046908 22.344753 1.7396584 29.341293 0.40526924 0.64449966 0.4050968 5.71322 -0.037774656 -0.01439495
8 8 0.061243266 22.496967 1.7539277 29.596764 0.39142644 0.6479284 0.38090053 5.7373853 -0.0725972 -0.0172126
8 8 0.06120138 22.325127 1.8059362 29.297068 0.39233467 0.651154 0.4378517 5.8735404 -0.04184579 -0.029546503
