0 5 0.39023092 27.7694 1.6227207 45.35864 4.529654 1.5704302 1.913403 3.5239847 -0.012562018 0.0031228643
0 5 0.22115196 27.312498 1.6003233 44.597538 4.5074186 1.5341884 1.9110556 3.543964 0.005921133 0.0039058533
0 5 0.15123415 28.27843 1.5853009 46.158684 4.5348926 1.5632665 1.9219358 3.5154874 0.023231013 0.0043266844
0 5 0.14405824 -8.0669365 2.6187842 85.97059 4.727102 1.4817042 1.9354073 2.233647 -0.040410418 -5.126235
0 5 0.11708088 -4.618323 2.5725303 93.83377 4.722357 1.568316 1.9743049 1.8533627 -0.04765583 -5.5630345
0 5 0.11322279 27.948906 1.6118368 45.567677 4.535828 1.530467 1.9093783 3.5474377 0.01460308 0.0030524358
0 5 0.09907066 27.122122 1.6171002 44.363846 4.523449 1.5395793 1.9118168 3.4790611 -0.037261225 -0.27876216
0 5 0.099015504 41.423325 0.3242411 48.83528 4.2701325 1.6679462 1.8533782 5.782517 0.07416153 5.628544
0 5 0.09388987 0.33795202 2.3042357 111.157425 5.0654716 1.8827759 2.077032 1.7502877 0.055762984 -1.6492469
0 5 0.09309178 30.72965 1.7822044 50.103046 4.296111 1.5289336 1.8472439 3.4777613 -0.026923236 0.023879033
0 5 0.086609066 -0.07693216 2.1511354 111.171745 4.97915 1.8771873 2.066191 1.6849073 0.010171864 -2.2667556
0 5 0.08147392 42.474354 0.29758233 49.795418 4.2878995 1.6704484 1.8531485 5.8025484 0.0504293 5.6191106
0 5 0.08025753 30.316767 1.8224998 49.37914 4.2593904 1.5373049 1.8342361 3.5064728 -0.08159554 0.01445492
0 5 0.07556158 -1.9589266 2.0595298 103.55687 5.212721 1.9202455 2.0855188 1.5991294 -0.035577897 -2.435379
0 5 0.07502029 -4.62268 2.5804472 92.25955 4.660122 1.5518237 1.964731 1.8614625 -0.08945964 -5.9113374
0 5 0.074558586 -3.2144969 2.4070897 95.76633 4.9614058 1.7045045 2.0183277 1.6604494 -0.05495385 -3.0125544
0 5 0.074113265 44.050476 0.26366407 52.424744 4.6028447 1.678087 1.9620017 5.8728237 -0.014374032 2.0209303
0 5 0.071766034 -4.510369 2.5535266 92.81481 4.748375 1.5846744 1.9764568 1.8128539 -0.08009401 -4.4300656
0 5 0.069515795 -8.167389 2.6107278 87.16226 4.773207 1.4921356 1.9626019 2.1694882 -0.010571271 -4.873477
0 5 0.06276799 29.201046 1.8057463 48.12994 4.360687 1.580597 1.887619 3.5229857 -0.020593546 -0.0016836692
0 5 0.062615626 0.8132895 2.3258867 109.87289 4.959355 1.8281572 2.0639763 1.74193 0.06977322 -1.2842486
0 5 0.06253498 43.55539 0.067055464 52.049114 4.6499667 1.6681224 1.969704 5.8843803 -0.01780644 1.865528
0 5 0.060971644 -7.559643 2.6026936 87.91105 4.7673464 1.4868848 1.9592882 2.150747 -0.019530986 -5.9161835
0 5 0.060399998 -8.208748 2.6355553 86.51197 4.6864657 1.5021414 1.9307123 2.1558874 -0.03916727 -4.3982863
0 5 0.059380565 40.964462 0.33396414 48.61144 4.3030596 1.6433128 1.8479835 5.724562 0.07533606 5.4809475
0 5 0.058172617 -32.22291 3.316874 40.758102 4.2781596 1.5401208 1.8634351 1.7746211 0.0062521566 0.14351326
0 5 0.057955734 44.46716 0.21535093 51.81817 4.6377373 1.678587 1.9526305 5.9042196 -0.005004854 3.4912548
0 5 0.056175202 45.15063 0.3020059 53.336765 4.5977716 1.684283 1.9727713 5.910252 -0.010474462 2.3204968
0 5 0.05486811 -31.814957 3.2064013 41.536922 4.2548075 1.5197272 1.8474318 4.97772 -0.00452735 0.15605664
0 5 0.054500196 -22.42131 1.9823945 73.15717 4.5176907 1.6859392 1.9322214 4.4452696 -0.016863186 10.522771
0 5 0.054207154 42.834087 0.2948299 50.237637 4.3317604 1.6565218 1.8660665 5.7885165 0.05767131 5.275108
0 5 0.05340462 -3.5624554 2.4702158 95.5904 4.906071 1.67589 2.0070543 1.6889862 -0.016359448 -3.942615
0 5 0.053058915 30.458704 1.7088165 49.03674 4.3798695 1.5728055 1.8874658 3.4278703 -0.013622559 -0.00060624443
0 5 0.052795388 45.298916 0.27084386 54.371967 4.5521584 1.6903683 1.9559677 5.931958 -0.017381288 2.5302498
0 5 0.052791797 44.425034 0.25418675 51.447876 4.2800035 1.6650804 1.8465704 5.82784 0.015022816 5.3192554
0 5 0.051635794 44.888775 0.016272962 52.4569 4.6936817 1.6907494 1.9620672 5.889834 0.01789231 3.7961981
0 5 0.05134941 -31.882067 3.5771224 39.484715 4.2715635 1.5747633 1.8685949 4.7012935 0.052581698 0.17479965
0 5 0.05087386 -30.720215 3.1699932 41.493008 4.3183603 1.5440665 1.84763 4.8815875 0.0052072853 0.124363266
0 5 0.05064053 -29.65505 3.1698275 41.73318 4.34215 1.5624354 1.8468841 1.5673618 -0.01135277 0.101707526
3 5 0.10123562 24.421564 1.2552732 136.60887 12.550375 3.0290208 3.0407152 4.8267245 0.0046780724 3.0139723
3 5 0.08884572 24.791891 1.2215604 140.90182 12.401191 2.9541633 3.0709484 4.835492 -0.030083144 3.50729
3 5 0.0781002 -16.582172 2.389096 19.409212 10.890496 3.623578 2.8924074 4.764059 -0.055024363 0.4459176
3 5 0.06892843 -15.662094 1.908131 18.325718 11.094876 3.412875 2.8812113 4.6002626 -0.028332982 2.1009033
3 5 0.06514394 -15.854855 2.0805595 19.909863 11.0829315 3.4074936 2.844026 4.660678 -0.040312685 3.660786
7 3 0.4172705 -7.3156743 2.093444 17.630568 0.7146208 1.7263044 0.68614304 6.078784 0.35848537 -0.049177725
7 3 0.2971765 -7.3536577 2.1103494 17.688553 0.6919255 1.7167085 0.6361803 6.144323 0.2500336 0.008114185
7 3 0.23189768 -7.2745543 2.1058865 17.48665 0.70238996 1.7255906 0.6564856 6.1256843 0.25941226 -0.040808626
7 3 0.20348449 -7.4300766 2.13734 17.798006 0.7158455 1.717106 0.6601988 6.172901 0.27605385 0.004434578
7 3 0.14516027 -7.395134 2.0990226 17.851873 0.67510664 1.7239882 0.69071436 6.0355854 0.27681988 -0.016001856
7 3 0.10294719 -7.7702723 2.176323 18.781282 0.8218661 1.664238 0.69302666 6.07345 0.15568404 -0.04886976
7 3 0.083172634 -7.9840784 2.2172322 19.313627 0.8180045 1.6661727 0.6845703 6.160254 0.122175105 -0.04252154
7 3 0.07469049 -7.2811875 2.0668797 17.61463 0.6242752 1.7318646 0.5976891 5.9357624 0.19205105 -0.057577245
7 3 0.072289914 -7.8286643 2.0650399 18.84287 0.87025565 1.6503177 0.6765449 6.1116385 0.111658834 -0.004948085
7 3 0.067052275 -7.9712877 2.1099262 19.187063 0.9580235 1.6766622 0.694328 6.1636443 0.15153044 0.040400483
7 3 0.0647817 -7.5531588 2.2214456 17.965565 0.5985716 1.7558036 0.5834366 5.6843767 0.229968 0.24139327
7 3 0.061949328 -7.254755 2.0569134 17.507292 0.6248412 1.7655201 0.60096234 5.9356904 0.16949703 0.007255206
7 3 0.058256708 -7.175186 2.1111307 17.29894 0.7390809 1.7074311 0.64076066 6.021696 0.19624044 -0.00086483546
7 3 0.05424599 -7.374668 2.0595918 17.582394 0.7088122 1.7215531 0.65710443 5.9729114 0.26606846 -0.010676936
7 3 0.052267462 -7.163072 2.1152077 17.185408 0.71734315 1.715342 0.6565074 6.014465 0.19140075 0.028830517
8 8 0.05414501 22.807438 1.8378149 29.929567 0.38134453 0.65971875 0.3963526 6.013913 -0.057406493 -0.028488837
8 8 0.052511472 22.625874 1.8298978 29.65797 0.38412812 0.6552079 0.4238408 5.9674478 -0.036625475 -0.03037975
