0 5 0.34580877 30.959978 1.6445336 47.05646 4.439676 1.5441587 1.8999856 3.491908 -0.007625399 0.00293025
0 5 0.19374342 30.59472 1.6063313 46.518616 4.4704185 1.5074729 1.8942335 3.474883 -0.04758411 -0.41192886
0 5 0.13227288 31.376013 1.6326814 47.55519 4.4640455 1.551079 1.9051415 3.4517741 -0.020240195 -0.026602803
0 5 0.12984693 -8.103328 2.5855598 85.50505 4.7480373 1.4941027 1.9335055 2.1657302 -0.036871724 -5.2663035
0 5 0.11821791 30.270895 1.5684154 46.08058 4.4187818 1.5223635 1.8919752 3.4541488 0.0056041535 0.015635181
0 5 0.10009471 -4.6092453 2.5314426 93.812035 4.7440944 1.5646585 1.976869 1.7883279 -0.048785277 -5.624569
0 5 0.09878432 0.34229824 2.3537974 111.8896 5.1357775 1.897273 2.0831063 1.7555101 0.08197577 -0.4847144
0 5 0.085721835 34.15988 1.7182791 51.781425 4.285787 1.5157195 1.8552611 3.4630225 -0.047449633 0.041831024
0 5 0.082157195 0.058052804 2.1931763 112.254 4.9835677 1.874329 2.0543158 1.7045832 0.025775367 -1.1205423
0 5 0.07613622 -8.160938 2.547353 85.831566 4.777835 1.4765514 1.9510715 2.1553726 -0.019801943 -6.0619164
0 5 0.0751546 43.46168 0.3513277 51.370018 4.3345313 1.6634605 1.8826882 5.7155466 0.05069661 4.850285
0 5 0.07503175 -3.129505 2.332088 96.352715 4.9564486 1.715933 2.0229309 1.6444747 -0.05663257 -2.888861
0 5 0.072003 -2.0761971 2.0511498 104.12605 5.423395 1.9829974 2.1097455 1.6219019 -0.03269166 -2.379135
0 5 0.071807265 33.22876 1.7575082 50.44535 4.246209 1.5440706 1.8404653 3.465502 -0.043218203 0.031226907
0 5 0.071543425 43.444668 0.36013705 51.66897 4.3442698 1.6583368 1.8863658 5.678116 0.065676935 4.2196608
0 5 0.06728867 -4.498086 2.5198421 92.4994 4.7729588 1.5805831 1.9757382 1.7587866 -0.07938682 -4.3678393
0 5 0.065751486 44.518745 0.31228566 52.207138 4.340753 1.6766295 1.8817664 5.7558613 0.023899877 5.030985
0 5 0.06405229 45.221825 0.31147134 54.98519 4.603655 1.6642646 1.9662033 2.6856992 -0.018513404 0.50119936
0 5 0.06386702 31.77649 1.8010945 49.05428 4.3047385 1.5780615 1.8713629 3.4025998 -0.018823745 0.047563627
0 5 0.06194802 32.152424 1.7689629 49.57835 4.3223777 1.5401189 1.8935449 3.3980129 -0.009621191 0.016201437
0 5 0.06105365 -8.204469 2.5672283 86.57366 4.7952113 1.5080332 1.9628676 2.099054 -0.018497536 -4.975737
0 5 0.0595824 43.36396 0.3614865 54.096184 4.6448174 1.6616184 1.9604837 2.919911 -0.0018372154 0.0139521025
0 6 0.058916945 -28.584633 2.7898245 35.254173 4.4177885 1.6556798 1.9149184 4.6122403 0.16280064 0.2962531
0 5 0.057464093 0.6249276 2.3736575 110.414635 4.961585 1.84085 2.0696998 1.7405009 0.09417228 0.18085527
0 5 0.057191234 43.925484 0.31730157 52.9096 4.3615823 1.6564442 1.8892317 5.673763 0.04773611 4.3823977
0 5 0.05601616 43.59924 0.35323942 52.481133 4.3751006 1.6509635 1.8909239 5.633177 0.05167374 4.71856
0 5 0.05601493 30.831467 1.5888932 46.840977 4.45005 1.5608119 1.9009545 3.4144664 -0.0001415126 0.0021596253
0 6 0.055024143 -28.514093 2.797737 35.802475 4.4001822 1.6443261 1.9128487 4.654506 0.14539237 0.21915394
0 5 0.053067453 33.20448 1.8516655 49.97888 4.268744 1.536529 1.8662534 3.3789504 -0.016764093 0.026961032
0 5 0.051604837 44.175396 0.28667372 53.865746 4.3610654 1.663661 1.8931628 5.671282 0.053502128 4.8457646
0 5 0.051326234 5.316393 2.0128663 123.03285 4.851505 1.7217402 2.0754013 4.707485 0.035030484 5.458325
0 5 0.05129177 -7.3384757 2.5790713 88.5044 4.790201 1.4961827 1.9591155 1.9965886 -0.018409753 -5.9926023
0 5 0.050764613 -11.203564 2.169455 26.446463 6.1534534 2.3156657 2.1853397 5.164281 0.057538368 0.23948729
0 5 0.050281987 46.278084 0.25631887 53.498993 4.3334036 1.6777034 1.8743086 5.806103 -0.027626608 4.201663
1 5 0.05051318 -2.0761971 2.0511498 104.12605 5.423395 1.9829974 2.1097455 1.6219019 -0.03269166 -2.379135
3 5 0.28784916 -13.655654 2.0676062 24.785652 11.619522 3.451406 2.9634523 1.9907923 -0.029699497 0.62471235
3 5 0.20861624 -13.713915 2.2030413 24.632248 11.665875 3.5919898 2.907273 2.0943322 -0.023882747 1.4001658
3 5 0.14617871 -13.988606 1.9073033 25.239164 11.622558 3.5058725 2.853794 2.049123 0.0013550501 1.4163122
3 7 0.10363117 -12.458351 3.565797 22.805285 12.23153 3.1278791 2.879763 5.129712 0.06644237 -0.05615664
3 5 0.10325331 25.148935 1.2410059 137.83159 12.577278 3.0285223 3.0382252 4.8288403 0.008636236 3.7215807
3 5 0.08107191 -13.480748 1.8833419 24.052828 11.646783 3.1741369 2.9423852 2.0013223 -0.0006859023 0.84924227
3 5 0.071663655 25.43694 1.2034035 142.23042 12.458086 2.9804647 3.0613387 4.854633 -0.030923406 4.4655175
3 5 0.071634345 -15.3784895 0.7491741 53.2898 11.921804 4.5042977 2.806853 1.2716484 0.019629972 -2.5129695
3 5 0.070665196 -17.977728 1.8346186 35.36528 12.42181 3.1940882 2.879759 1.6263704 -0.040549964 2.2445414
3 5 0.07000662 -15.119423 1.1512449 51.93485 12.155619 4.501749 2.8071127 1.2335559 0.022941133 -2.2845778
3 5 0.06927092 -6.391301 1.7313616 15.514403 0.8916649 1.7554291 0.73113036 4.722119 0.20333372 0.22173086
3 5 0.06856487 -11.203564 2.169455 26.446463 6.1534534 2.3156657 2.1853397 5.164281 0.057538368 0.23948729
3 5 0.058116414 24.37421 1.2870808 132.5186 12.562928 3.0802503 2.984255 4.8399897 0.018746624 3.6971996
3 5 0.05732937 -12.031425 1.494658 28.967693 7.4406962 3.1718185 2.0903811 4.6479025 -0.012330246 2.0502887
3 5 0.057281516 -15.510288 0.2451663 55.58386 11.79198 4.5434256 2.7133367 1.1884676 0.029481342 -2.7328475
3 5 0.05390707 -14.603067 1.4851576 46.897106 11.605202 3.848587 2.9534228 4.754208 0.015640082 0.07691266
3 5 0.05289678 -14.034433 1.5702296 31.534231 7.674115 3.165589 2.1079905 4.6330943 -0.020012889 2.5834336
3 7 0.05222964 -13.933329 3.410274 23.226833 12.859289 2.9864933 3.087734 5.0204897 0.074633315 -0.10373786
3 5 0.05151932 -9.068814 1.9368348 21.500135 3.1349745 2.2010841 1.5353315 4.641247 0.10672754 1.5682794
3 5 0.050684873 -14.888397 1.578519 49.349197 11.829682 4.0255904 2.831326 1.207521 0.02124632 0.98819745
7 3 0.38926396 -6.744441 1.9768109 16.315155 0.71021545 1.7063462 0.6665627 6.590068 0.21069635 0.11489152
7 3 0.23675627 -6.983438 2.0402613 16.956089 0.69226635 1.6814386 0.6248578 6.6140866 0.05970926 0.20928523
7 3 0.18008186 -6.7783566 1.9797868 16.45991 0.66379476 1.7111835 0.67331785 6.6064014 0.087206714 0.0796209
7 3 0.15590914 -6.636227 1.9894512 16.06273 0.7598488 1.7359389 0.671309 3.6768637 0.08928037 0.018925443
7 3 0.14025179 -6.9615335 2.0292056 16.87217 0.6638502 1.6819131 0.6276641 6.5116673 0.037821338 0.1204449
7 3 0.10458774 -6.87456 2.0401297 16.671906 0.70918196 1.6938677 0.63531566 6.66519 0.14393657 0.22429466
7 5 0.08881602 -6.391301 1.7313616 15.514403 0.8916649 1.7554291 0.73113036 4.722119 0.20333372 0.22173086
7 3 0.071318485 -7.530657 2.1062298 18.197227 0.65757066 1.5993015 0.6472047 4.0341887 -0.086117946 0.17096627
7 3 0.0708716 -7.6878176 2.1504283 18.708834 0.6915367 1.6158531 0.65719163 3.8881743 -0.08388853 0.10602907
7 3 0.062027134 -6.65142 1.9435301 16.073147 0.7136202 1.7519287 0.65219927 4.5919347 0.1815278 0.08537217
7 3 0.05990987 -5.61508 1.646142 13.437156 0.5631027 1.6299301 0.5982382 4.5623145 0.089352764 0.23083371
7 3 0.053079214 -6.722431 1.9670131 16.321497 0.7098974 1.7584116 0.670202 4.530041 0.019818617 0.095390834
