0 5 0.38191718 26.865416 1.6237056 44.19289 4.522849 1.5558282 1.912968 3.5449398 -0.0042489953 0.0046797693
0 5 0.21118088 26.4361 1.588382 43.533894 4.495357 1.5331122 1.9081244 3.5357556 0.013897667 -0.00018796138
0 5 0.15652737 -8.074803 2.5882232 85.20887 4.7196164 1.4753687 1.9339807 2.1585712 -0.036257163 -5.413278
0 5 0.1492366 27.67534 1.571917 45.46167 4.549619 1.5530332 1.926861 3.5367777 0.032017067 -0.0026496612
0 5 0.12838341 26.235928 1.5718584 43.27058 4.507785 1.5400536 1.9112356 3.4859424 -0.042494766 0.10687459
0 5 0.11473116 -4.5908747 2.559001 93.76503 4.729518 1.5523359 1.9707718 1.8187176 -0.045776263 -5.7352695
0 5 0.1075644 29.717508 1.7288342 48.629074 4.294915 1.5379343 1.8411378 3.5004773 -0.038568005 0.022735685
0 5 0.09856203 41.22711 0.31242263 48.571007 4.2497005 1.6676707 1.8510071 5.78421 0.08719568 4.9273877
0 5 0.09824261 27.406092 1.6145755 44.945145 4.5535913 1.5244694 1.9127551 3.561399 0.02212877 0.0098696835
0 5 0.09567325 0.50217104 2.2756205 114.51584 5.1276617 1.9022341 2.1156552 1.7772914 0.06682318 -2.093211
0 5 0.09291734 29.559084 1.7607859 48.268703 4.268723 1.5521127 1.8362529 3.544749 -0.087634 0.016472872
0 5 0.083868444 28.659426 1.6688261 47.627777 4.4006042 1.5430112 1.883552 3.5080938 -0.050582558 -0.016595362
0 5 0.08315961 42.04904 0.28339213 49.25745 4.2624493 1.6691186 1.848118 5.803428 0.059530884 4.8731875
0 5 0.07933249 -0.06505154 2.1425154 114.019516 5.293585 1.9989381 2.1551478 1.7137947 0.017756375 -2.3260787
0 5 0.07711834 28.335436 1.7213647 46.90578 4.3578315 1.5596374 1.874517 3.5664718 -0.019006994 0.0013106056
0 5 0.07639928 41.17345 0.3134398 48.801994 4.259283 1.6596861 1.851323 5.7539315 0.110404335 4.3884935
0 5 0.07425445 -4.6129785 2.565066 92.34581 4.6752806 1.5366901 1.9607002 1.8237535 -0.08838386 -5.976445
0 5 0.07382523 -8.13726 2.564013 85.947266 4.774027 1.4856174 1.9622304 2.1274617 -0.008359524 -5.135511
0 5 0.07234 43.682693 0.26470733 51.973038 4.599204 1.6758635 1.9582847 5.8484883 -0.017353756 2.643489
0 5 0.07198908 -4.491445 2.543457 93.06294 4.7709503 1.5741721 1.9741448 1.7786516 -0.08070016 -4.4704943
0 5 0.070791036 -3.1900795 2.360001 96.58644 4.9643645 1.6998332 2.0248187 1.6541336 -0.057094015 -2.9645429
0 5 0.06727626 -1.9867052 2.0279484 105.44251 5.4853044 1.9965292 2.1432884 1.6252446 -0.039993525 -2.3974147
0 5 0.0664489 -8.242789 2.6034904 85.58211 4.6807914 1.4988985 1.9277738 2.0943635 -0.030629277 -4.844534
0 5 0.06450485 0.9446702 2.3431284 113.43968 4.9937215 1.8133863 2.0897455 1.6993698 0.076167844 -1.6986921
0 5 0.06276534 -21.211046 1.8196551 69.55587 4.543346 1.6850479 1.92511 4.438308 -0.030266954 9.650792
0 5 0.062154647 43.28654 0.05181378 51.743168 4.648459 1.6669954 1.9636428 5.85273 -0.01382475 2.3725002
0 5 0.061311346 -7.575308 2.5688267 87.43197 4.7664223 1.4744923 1.9547713 2.0768304 -0.017807787 -6.118708
0 5 0.060343485 43.96066 0.22659588 51.19907 4.6416435 1.6843536 1.9528881 5.8870907 -0.0056278696 3.8482766
0 5 0.05852788 44.825714 0.31289244 53.062744 4.600744 1.6891338 1.9724859 5.8897367 -0.003833144 2.7492745
0 5 0.05786662 45.147064 0.28415 54.209503 4.5575557 1.6953073 1.9556072 5.9255834 -0.004496976 2.9468799
0 5 0.05755081 30.209667 1.5689154 49.305634 4.3458805 1.5223092 1.848823 3.5641308 -0.010954823 -0.0010430701
0 5 0.055986706 40.840168 0.30980855 48.452003 4.2898245 1.6431694 1.847599 5.725568 0.087358005 4.716044
0 5 0.055863626 -8.091643 2.5252552 86.335884 4.78471 1.4777598 1.9751226 2.184729 0.0069224983 -5.4346433
0 5 0.05574633 -20.991457 1.8134553 69.652054 4.4805794 1.6644189 1.9078281 4.4821234 0.0067170467 10.307873
0 5 0.054068133 42.046234 0.2543823 49.455227 4.2736835 1.6733885 1.8590828 5.7879124 0.051100373 5.459556
0 5 0.053392902 44.526608 -0.012907088 51.968056 4.7265224 1.6997734 1.9696337 5.8674617 0.015123466 4.0872927
0 5 0.053030808 -20.909122 1.8943124 69.18179 4.5191097 1.681385 1.9172292 4.4733343 -0.02462861 9.010581
0 5 0.052873123 30.405436 1.5598695 48.892822 4.4417095 1.6120144 1.8984889 3.433356 -0.029857881 0.3802833
0 5 0.05270016 43.731922 0.23996621 50.65054 4.2533765 1.6642039 1.841609 5.825614 0.015631096 4.327786
0 5 0.051376525 0.21014616 2.2412868 114.90085 4.910661 1.7585933 2.061869 1.765815 -0.029429104 -1.1317073
0 5 0.050556313 2.4462564 2.4199262 115.04476 4.832829 1.6869769 2.0497913 1.5504568 0.039138436 -0.5321253
1 5 0.05103563 -1.9867052 2.0279484 105.44251 5.4853044 1.9965292 2.1432884 1.6252446 -0.039993525 -2.3974147
3 5 0.11257774 23.63677 1.1892208 136.4942 12.371921 2.9414923 3.038449 4.7951436 -0.016205797 3.2615538
3 5 0.10086519 23.308336 1.2232733 133.58713 12.552192 3.0232155 3.002717 4.813567 0.0037795845 3.2025778
3 5 0.08092598 22.198685 1.0322115 140.16055 12.014947 2.813297 3.020979 4.781073 -0.022209655 4.040743
3 5 0.065162785 20.6635 0.9029001 140.35316 11.943263 2.759226 3.0136487 4.8266997 0.009267144 4.2020802
7 3 0.43443868 -7.3721533 2.090139 17.722406 0.72057277 1.7154559 0.68912756 6.0466537 0.33684495 -0.038530312
7 3 0.3011075 -7.412579 2.1084383 17.777401 0.6863511 1.7115525 0.62624973 6.137244 0.25321636 -0.0061278325
7 3 0.26393652 -7.302714 2.097777 17.509487 0.71019936 1.7185318 0.66672426 6.072387 0.25732672 -0.03893558
7 3 0.22974968 -7.4574 2.1329484 17.82538 0.7112168 1.7116468 0.64754605 6.1601973 0.304843 0.010861121
7 3 0.13627987 -7.3204846 2.0681868 17.59105 0.7012094 1.7075257 0.63437176 6.0542946 0.31256223 0.022910297
7 3 0.13245523 -7.4227924 2.089477 17.87774 0.6801087 1.7047852 0.6889346 6.0574703 0.25294134 -0.0058857407
7 3 0.09582741 -7.7424903 2.1740494 18.716026 0.77909726 1.6634326 0.6813114 6.106748 0.17565452 -0.04759608
7 3 0.083216995 -7.7107525 2.0567956 18.528683 0.78443277 1.6415269 0.65979016 5.9985685 0.120982654 -0.03331472
7 3 0.078034095 -7.986253 2.215622 19.311108 0.760009 1.6540034 0.66801775 6.1702743 0.14596333 -0.037540447
7 3 0.070453726 -7.9041767 2.1166527 19.008446 0.83457696 1.6666312 0.6694946 6.0320745 0.1781087 0.010104641
7 3 0.0649375 -7.1864796 2.0173326 17.26935 0.6637819 1.7807484 0.6374109 5.9622135 0.15016687 -0.0103586875
7 3 0.059519563 -7.603506 2.2076392 17.968716 0.61028975 1.7566286 0.5955122 5.7936068 0.19360977 0.26459062
7 3 0.058513038 -7.2399592 2.114689 17.394156 0.7345449 1.7083606 0.6287297 5.9870615 0.2211218 0.0058614556
8 8 0.075774506 22.303335 1.8055508 29.305717 0.40866697 0.6296042 0.4305986 5.953974 -0.06493214 -0.032490294
8 8 0.07408855 22.219637 1.7580907 29.230408 0.42143562 0.6338437 0.40428656 5.8277335 -0.07489164 -0.022613553
8 8 0.07332985 22.029955 1.7335706 28.923199 0.4270972 0.63193357 0.42743382 5.7661357 -0.030772699 -0.014330955
8 8 0.068149984 22.218397 1.7958927 29.134346 0.41380975 0.63278794 0.46531808 5.864949 -0.030755151 -0.032060523
