0 5 0.3835527 27.19988 1.6324383 44.69679 4.5459747 1.5591992 1.919092 3.5246003 -0.0045852615 0.00072458014
0 5 0.21249263 26.73341 1.6023657 43.97375 4.515616 1.5370555 1.9147733 3.5367885 0.007693829 0.0026136618
0 5 0.16709326 27.046463 1.5963268 44.559082 4.5614696 1.5632358 1.9307536 3.4716992 -0.041821036 -0.6529732
0 5 0.16086571 -8.032614 2.6095648 84.99015 4.716571 1.4834058 1.9379611 2.2134764 -0.037237905 -5.146253
0 5 0.14594156 27.868156 1.5974884 45.755077 4.559895 1.5570893 1.9297142 3.5071464 0.036310993 0.0011731666
0 5 0.124748364 26.54648 1.5867506 43.70608 4.5272655 1.5428511 1.9175751 3.4813461 -0.040874735 -0.038041517
0 5 0.11542595 -4.607824 2.5720654 94.17692 4.7181854 1.5631765 1.9775732 1.8788704 -0.04508788 -5.2471366
0 5 0.1022928 30.051374 1.7557008 49.165688 4.321408 1.5395558 1.8556921 3.4838836 -0.038091533 0.019448765
0 5 0.10071232 41.736107 0.32663608 49.20712 4.2663946 1.674109 1.8591225 5.786712 0.08719741 5.628567
0 5 0.09701239 27.61794 1.6309226 45.271183 4.562214 1.5268748 1.9144971 3.5168715 0.024432575 0.010065559
0 5 0.09236398 27.395536 1.5648255 45.097267 4.563327 1.5697931 1.9307314 3.4555368 0.013096314 0.018581752
0 5 0.088388875 29.863894 1.7867477 48.791206 4.2913575 1.548397 1.8493675 3.5188937 -0.078317076 0.01764613
0 5 0.08793006 0.4585645 2.3556852 111.01849 4.9373617 1.8510854 2.056995 1.8052338 0.05549203 -2.1381707
0 5 0.08425078 42.70723 0.2966528 50.047802 4.280435 1.676192 1.8574742 5.8076053 0.05804248 5.49585
0 5 0.083055586 -2.9850008 2.3251195 96.60547 5.064284 1.7715685 2.0532649 1.6779684 -0.05767192 -2.7034626
0 5 0.079985715 -0.2038288 2.1754587 111.61681 4.905371 1.855131 2.0686843 1.7292043 0.0030470192 -2.5589
0 5 0.07985132 -2.1624932 2.049096 103.927986 5.313728 1.9808916 2.1293566 1.636044 -0.0356761 -2.3885431
0 5 0.07872273 -8.11183 2.591928 85.91621 4.766009 1.4918752 1.9665569 2.1732082 -0.008046059 -4.983161
0 5 0.07679126 41.67762 0.33212143 49.401215 4.2753158 1.6655482 1.8602481 5.7543273 0.10783286 5.2795386
0 5 0.07356772 -4.443573 2.5461817 93.36217 4.754269 1.589901 1.9827898 1.8212713 -0.07673885 -4.074594
0 5 0.07325567 -4.6022153 2.5699372 92.80437 4.6663327 1.547332 1.9694304 1.8777472 -0.08835819 -5.4409776
0 5 0.0725833 44.634377 0.27959627 53.130413 4.610621 1.6877602 1.96591 5.8718786 -0.011593863 2.2834997
0 5 0.0706345 28.961563 1.7106359 48.105434 4.4048524 1.5366738 1.885831 3.46405 -0.04856577 -0.015799655
0 5 0.0690894 28.607773 1.771329 47.364292 4.3944902 1.5614258 1.8901906 3.5206118 -0.012373524 -0.0032405816
0 5 0.0654796 -8.154057 2.6210458 85.29326 4.6816063 1.5043976 1.9348266 2.1380825 -0.03644377 -4.585306
0 5 0.06470242 0.98050463 2.395494 109.3547 4.8575015 1.8069009 2.0463734 1.8279544 0.07478762 -1.9222004
0 5 0.06009058 -7.605954 2.5924127 87.37716 4.753251 1.4797102 1.959394 2.1721425 -0.018394904 -5.7559037
0 5 0.059371643 41.345856 0.33737114 49.055916 4.3052397 1.6490469 1.8561475 5.726017 0.08635053 5.5600543
0 5 0.057948675 44.856922 0.23286396 52.265797 4.659916 1.6961787 1.9619565 5.9018316 -0.004475034 3.8531876
0 5 0.057322696 -8.108931 2.5540419 86.35334 4.7745414 1.4826349 1.9788396 2.2295227 0.005753396 -5.2403927
0 5 0.057208102 45.65791 0.32433558 54.207783 4.6161456 1.6932749 1.9798194 5.9143324 -0.016772762 2.3445342
0 5 0.05716547 46.04699 0.28783214 55.29916 4.5719686 1.7041826 1.9658177 5.958187 -0.01737642 2.3208876
0 5 0.0569323 -21.062853 1.8811536 69.74285 4.4628415 1.6640741 1.9118721 4.448636 -0.016960477 9.2538595
0 5 0.056611355 -3.328282 2.4426353 96.116394 4.95 1.7091951 2.0223203 1.7070128 -0.01676865 -3.649363
0 5 0.05539806 -21.345858 1.8217087 69.961685 4.467941 1.6523944 1.9121994 4.4084907 -0.017617146 9.631612
0 5 0.055058297 43.089226 0.2911225 50.50551 4.322672 1.6611185 1.868613 5.7975326 0.063651174 5.2820015
0 5 0.05434673 30.352537 1.5929286 49.56843 4.372813 1.5243134 1.8578882 3.5445576 -0.018195663 -0.009382992
0 5 0.053293813 30.69076 1.5935102 49.32582 4.4538736 1.6121082 1.9084848 3.3990245 -0.0303577 0.38204098
0 5 0.0532745 44.329712 0.25588518 51.35801 4.274196 1.6724359 1.851867 5.832888 0.020190286 5.257021
0 5 0.05093535 45.48509 0.008949339 53.11187 4.7459793 1.7143412 1.9801089 5.881528 0.016661512 4.121201
0 5 0.050586645 0.20442188 2.2764566 111.17753 4.867613 1.7518582 2.046117 1.772964 -0.03731041 -1.7540014
1 5 0.053972945 -2.1624932 2.049096 103.927986 5.313728 1.9808916 2.1293566 1.636044 -0.0356761 -2.3885431
3 5 0.106583364 24.05862 1.2253815 138.1886 12.417566 2.8794243 3.0900052 4.8164296 -0.03132172 3.511457
3 5 0.105907544 23.85691 1.2467003 134.6391 12.540317 2.959721 3.0584235 4.8141513 -0.0023924606 3.197896
3 5 0.056102283 23.626068 1.0916647 141.77222 12.130003 2.7619812 3.0613196 4.8237057 -0.054705255 4.6390476
7 3 0.4471176 -7.2745996 2.0691862 17.507263 0.7060715 1.7087989 0.6783593 6.093345 0.29893133 -0.045610614
7 3 0.25964376 -7.2302527 2.0805025 17.35324 0.69052166 1.7108314 0.6531621 6.1201015 0.22466204 -0.043793224
7 3 0.22913088 -7.371698 2.1089444 17.633934 0.70445573 1.7093822 0.64631695 6.1921554 0.26963875 -0.0016368944
7 3 0.14110364 -7.335045 2.0701132 17.707684 0.6682464 1.7023976 0.68620735 6.0913563 0.23967241 -0.005674865
7 3 0.113699615 -7.6996584 2.1659563 18.621813 0.7642778 1.6677033 0.6693338 6.147234 0.1435715 -0.04738044
7 3 0.095200494 -7.894527 2.2013102 19.10781 0.7479367 1.6628075 0.65551156 6.221458 0.11262668 -0.040157087
7 3 0.08541944 -7.6678114 2.0387583 18.439999 0.7479426 1.6422983 0.64005464 6.0368314 0.07805721 -0.059101548
7 3 0.07488056 -7.803369 2.0834267 18.785175 0.8034532 1.6658024 0.65675795 6.102936 0.11439224 -0.052459795
7 3 0.07022173 -7.2880583 2.0370436 17.44747 0.6318556 1.7642189 0.6124969 5.9231853 0.197856 -0.04977309
7 3 0.05911156 -7.588074 2.2243874 17.907866 0.59738123 1.761081 0.58726287 5.7575655 0.18040767 0.22017992
7 3 0.058590427 -7.1180487 2.094298 17.124111 0.72901547 1.7119598 0.6297349 6.0242696 0.17295599 -0.0017044265
7 3 0.054900058 -7.0735664 2.0893917 16.946793 0.70936173 1.7114674 0.6479434 5.997735 0.19061746 0.029066328
7 3 0.05390852 -7.4716 2.0711865 17.952822 0.7088686 1.7264211 0.65504664 5.9746785 0.27981272 -0.055665303
8 8 0.06904991 22.89871 1.8419453 30.043957 0.39652306 0.6420923 0.41946778 5.820544 -0.06959427 -0.03387438
8 8 0.0689121 22.511177 1.7685424 29.53483 0.41267028 0.64240265 0.41602784 5.6540165 -0.034168907 -0.015097348
8 8 0.06586805 22.7394 1.7914145 29.873163 0.40867883 0.64550865 0.39194268 5.72586 -0.07789197 -0.024480531
8 8 0.06421888 22.752771 1.8356605 29.812393 0.40317667 0.6450603 0.4605187 5.75949 -0.03634142 -0.033290107
