0 5 0.30394885 27.369984 1.4972119 44.348938 4.5599837 1.570118 1.9274976 3.526851 -0.0453396 0.005661236
0 5 0.24754594 27.125055 1.5257523 43.897022 4.55087 1.5385711 1.9147056 3.5417547 0.0024576113 -0.30045152
0 5 0.16636936 26.857458 1.4479427 43.424942 4.5249386 1.5184581 1.9186758 3.5534256 -0.026485663 0.019379571
0 5 0.14997551 -8.176623 2.63399 86.35882 4.7373376 1.4807769 1.9392388 2.2781873 -0.037108097 -4.9764276
0 5 0.14875208 28.045439 1.4946959 45.367283 4.57352 1.5845689 1.9331868 3.5153503 -0.012535711 -0.0074330512
0 5 0.14375219 26.601805 1.4519513 43.079388 4.521507 1.508618 1.9117686 3.5234723 0.025320152 -0.0057069883
0 5 0.14365098 27.861422 1.5147319 45.044872 4.563729 1.5522193 1.925979 3.5476573 0.011496082 -0.014506846
0 5 0.10354327 -4.6084194 2.582459 95.61397 4.763946 1.5618029 1.9832417 1.8753088 -0.04914417 -5.7891617
0 5 0.10090386 41.013554 0.30013704 48.32129 4.2352395 1.6830467 1.8537145 5.775551 0.08049722 4.608554
0 5 0.09816421 30.041794 1.4804766 47.59824 4.4808702 1.6117797 1.9148706 3.4679909 -0.06713619 0.010757029
0 5 0.09257124 0.296138 2.348626 113.59103 5.1037154 1.8995302 2.0964453 1.7598387 0.07512024 -2.0140333
0 5 0.08553895 -0.03641625 2.2045054 113.60403 4.9968495 1.8966589 2.0960443 1.7139033 0.020065429 -2.3890035
0 5 0.08361368 29.629696 1.5103341 47.585293 4.347619 1.5580754 1.8623247 3.5061045 -0.0044680433 0.00865759
0 5 0.08223682 42.130535 0.2598819 49.325302 4.249708 1.6789534 1.8506749 5.802461 0.0490826 4.3947825
0 5 0.07860395 -2.1574316 2.0640566 105.06199 5.2818947 1.9749581 2.1390157 1.6394626 -0.030547444 -2.7286215
0 5 0.07765659 -3.0956616 2.3686955 97.5917 5.044962 1.7504271 2.0562692 1.6882708 -0.056147754 -3.1604755
0 5 0.07464406 -8.251548 2.6099598 87.41038 4.8074093 1.4891361 1.9677294 2.1904109 -0.012109484 -4.7735043
0 5 0.07388918 43.266987 0.24723643 51.33503 4.5706553 1.6713041 1.951506 5.8694954 -0.010527891 1.9902724
0 6 0.0700636 -31.03132 3.160375 39.69972 4.4159923 1.6336963 1.9255941 4.8127956 0.039746173 0.14301348
0 6 0.06986186 -30.54222 3.0459104 39.67763 4.440241 1.6387652 1.9354287 4.782035 0.034479327 0.0808164
0 5 0.069536164 -4.502613 2.560594 94.117836 4.7908106 1.5840545 1.9942924 1.8330027 -0.07583613 -4.5362277
0 5 0.06816282 30.18533 1.590852 47.75383 4.4646597 1.6221792 1.8935367 3.5301886 -0.061647438 0.018759694
0 5 0.06430217 42.559242 0.074392736 50.78644 4.603753 1.6698521 1.9614449 5.869423 -0.012099771 1.5994847
0 5 0.06408909 43.907963 0.22198558 51.07325 4.6056128 1.680895 1.9472425 5.9029317 -0.0014069509 3.3815582
0 6 0.06368135 -31.433544 3.21271 39.225193 4.464748 1.6478221 1.9284971 4.72995 0.0067359507 0.10319289
0 5 0.062279638 -8.270129 2.6486793 86.64478 4.6953797 1.5013709 1.927803 2.1891532 -0.03380106 -4.3486643
0 6 0.061995957 -30.25065 2.9758801 40.173096 4.4895015 1.6573863 1.9488221 4.8089614 -0.02599198 0.0126114
0 5 0.06042099 29.022142 1.5113654 46.602215 4.392698 1.5624353 1.8581517 3.5559006 -0.019990342 0.010916263
0 5 0.059984904 30.721134 1.560322 49.795834 4.3865266 1.5387975 1.8716851 3.4929574 -0.03934832 0.037947807
0 5 0.05883344 29.908337 1.4653955 48.32675 4.298978 1.5382622 1.8392496 3.4314876 -0.014199781 0.009488929
0 5 0.057331007 43.821632 0.21119153 50.71451 4.252552 1.6739551 1.848092 5.823649 0.010862134 4.28736
0 5 0.056741517 40.385925 0.3220088 47.909916 4.273914 1.6581084 1.8506361 5.715342 0.07678817 4.674552
0 5 0.05526025 44.128475 0.027685463 51.471184 4.6539745 1.6928917 1.9573287 5.885855 0.0034161117 3.6640203
0 5 0.054773733 42.11284 0.25207758 49.53195 4.2657795 1.6854004 1.8630528 5.7768254 0.040937215 5.441737
0 6 0.054754272 -30.214643 2.9009144 41.862423 4.491286 1.6631151 1.9479294 5.0255766 -0.061211884 -0.014780611
0 5 0.05420985 28.47781 1.6407968 46.426678 4.4439645 1.5693907 1.89214 3.5182698 -0.036707655 0.0086672865
0 5 0.054104485 -7.6582613 2.6056678 88.716385 4.791801 1.4777437 1.9627204 2.1356409 -0.016218966 -5.9102583
0 5 0.05381447 0.05624594 2.2658882 114.45496 4.8980126 1.7779038 2.061827 1.738898 -0.018352138 -1.1727939
0 5 0.05272611 44.3829 0.28516948 52.26221 4.5636153 1.689708 1.963787 5.896368 -0.0025944188 2.3443048
0 5 0.052506465 30.742222 1.4984263 48.0634 4.501812 1.6023728 1.8972359 3.503364 -0.0370166 -0.02016114
0 5 0.051013418 -3.4108875 2.4581463 97.36589 4.9589696 1.6914349 2.027334 1.7061487 -0.017387448 -4.1803303
0 5 0.050628345 0.54251415 2.35717 112.04287 4.9338818 1.8393033 2.0733433 1.7209637 0.088664144 -1.2864742
0 5 0.05040101 28.082975 1.6493615 46.00091 4.475703 1.6020868 1.8933506 3.5600996 -0.03562341 0.0104254335
0 5 0.050379697 30.098083 1.6093178 48.835712 4.3222995 1.5348988 1.8525822 3.5162015 -0.058992922 0.027383603
1 5 0.05845352 -2.1574316 2.0640566 105.06199 5.2818947 1.9749581 2.1390157 1.6394626 -0.030547444 -2.7286215
1 5 0.05101322 -0.03641625 2.2045054 113.60403 4.9968495 1.8966589 2.0960443 1.7139033 0.020065429 -2.3890035
3 5 0.29116744 -15.162468 2.3287973 18.779411 12.005621 3.4294243 2.930518 1.6335962 -0.13612916 1.3690314
3 5 0.16644247 -14.868621 2.0316265 18.325058 11.969609 3.2757816 2.913565 1.540739 0.0016114302 2.3191736
3 5 0.086847536 -14.448033 2.0192385 18.37936 11.912039 3.2480114 2.9334383 1.5542407 -0.005074936 1.0350664
3 5 0.079138756 24.332848 1.1908095 136.79784 12.640133 3.084511 3.0092027 4.8176894 0.0055042263 3.5061321
3 7 0.0714763 -15.241573 2.9894025 19.006266 12.129202 3.0703967 2.953615 4.8791275 0.1280165 0.17120013
3 5 0.07068526 25.042532 1.1659703 140.70596 12.454187 3.0165508 3.047992 4.8195286 -0.032090582 4.035404
3 5 0.061280567 -16.175222 1.8760538 26.349068 9.933366 2.899296 2.5523033 4.751396 -0.021864673 0.07569948
3 5 0.05143489 -16.252634 1.8755256 25.32207 9.027407 2.8065171 2.4643435 4.7547708 0.038357988 0.2082622
7 3 0.43160012 -7.0578747 2.0385132 17.022583 0.6944189 1.725624 0.65322983 6.306141 0.1843076 -0.011704334
7 3 0.29740015 -7.0950627 2.0394588 17.12374 0.68635434 1.6980964 0.63054484 6.3799176 0.06402464 -0.008810378
7 3 0.20928031 -7.0392056 2.044858 16.932072 0.7221558 1.7286205 0.66871357 6.215332 0.09212551 -0.010710135
7 3 0.1521131 -7.1393614 2.0591764 17.166199 0.7084767 1.7108363 0.6557162 6.404211 0.14486974 0.054533854
7 3 0.14864731 -7.155492 2.0568163 17.287653 0.65360695 1.727369 0.671715 6.1573544 0.16255337 0.0034589078
7 3 0.093578495 -7.083006 1.9894981 17.092674 0.59879637 1.7729626 0.59602207 6.1760426 0.18541965 -0.00375654
7 3 0.08148761 -7.013199 1.9650103 16.831806 0.5801154 1.8107879 0.58740044 6.1373672 0.12961647 -0.010096719
7 3 0.07730596 -7.543848 2.121569 18.185772 0.6859869 1.632891 0.64622086 6.1645527 0.042482972 0.023224682
7 3 0.06716209 -7.794773 2.169187 18.807596 0.6878492 1.6403601 0.63864833 6.2389917 0.02442312 0.024515092
7 3 0.057672277 -7.295895 2.1559768 17.42171 0.6057687 1.7303507 0.5883627 5.70689 0.18317376 0.3100621
8 8 0.061311476 21.83949 1.761375 28.66455 0.35221976 0.6637095 0.36819237 5.744242 -0.06971957 -0.03231973
8 8 0.06013411 21.367777 1.7319143 28.029217 0.3514954 0.6494657 0.3935618 5.7194366 -0.045411147 -0.032436386
8 8 0.050880615 21.465752 1.6646882 28.166674 0.3696726 0.6481104 0.37236735 5.5472946 -0.019165492 -0.023098657
