0 5 0.3911525 27.08636 1.6208268 44.512577 4.5218306 1.5587556 1.9093679 3.5366437 -0.009188551 -0.07086589
0 5 0.20961273 26.657188 1.5906684 43.858326 4.4895377 1.535611 1.9076098 3.5346165 0.013700439 0.006037958
0 5 0.16351993 26.92428 1.600503 44.187927 4.538995 1.5352986 1.9026484 3.552899 0.0057596676 -0.010330959
0 5 0.16062546 -7.9985003 2.60275 84.73792 4.7060785 1.4759684 1.9352081 2.2212749 -0.03693142 -5.2277527
0 5 0.15119807 27.763752 1.579783 45.57124 4.540272 1.5586369 1.9227481 3.518921 0.038890168 0.00045255013
0 5 0.12459466 -4.618711 2.560877 93.41395 4.7257986 1.556924 1.9746243 1.8924335 -0.045947716 -5.4275537
0 5 0.12415241 26.521332 1.5758882 43.646164 4.501572 1.5442216 1.9087543 3.4804614 -0.042446 -0.10378552
0 5 0.100467816 29.935383 1.7420092 48.99358 4.3262777 1.5467459 1.8529757 3.484592 -0.042281788 0.022355862
0 5 0.10014858 27.54143 1.6203856 45.155483 4.545837 1.5266217 1.90752 3.5335202 0.02370249 0.007104842
0 5 0.09966148 40.69882 0.30818933 47.973797 4.26689 1.671647 1.8533314 5.7807326 0.07704066 5.691063
0 5 0.099413686 0.36682016 2.3354335 109.60852 5.0033426 1.8552256 2.062261 1.8195965 0.056325257 -1.6804974
0 5 0.09524781 27.277014 1.5445379 44.87721 4.541089 1.5761313 1.9261304 3.4697778 0.013016997 -0.052911174
0 5 0.08732916 29.763258 1.7783351 48.617447 4.299179 1.5589393 1.8458062 3.5291202 -0.08362231 0.017829392
0 5 0.08593803 -0.13502094 2.170192 110.479675 4.8992696 1.8216914 2.0517046 1.7590988 0.006979855 -2.5155258
0 5 0.08137433 41.68364 0.2734508 48.842964 4.2814727 1.6716015 1.8512845 5.8022213 0.04572583 5.6023436
0 5 0.07908203 -8.076282 2.5742884 85.62741 4.761448 1.4834139 1.9640224 2.1912735 -0.0054674568 -4.9054985
0 5 0.07865093 -1.9323465 2.0129852 103.70656 5.257751 1.9361683 2.105846 1.6614114 -0.041797344 -2.7352386
0 5 0.07768304 -4.631511 2.5607483 91.95808 4.6692386 1.5404853 1.9655054 1.8905385 -0.091417305 -5.641272
0 5 0.076941475 40.628754 0.31019217 48.15957 4.274173 1.6629363 1.8532094 5.7473454 0.104934074 5.253205
0 5 0.076709636 -2.9984026 2.3117769 95.90515 5.0443354 1.7458481 2.0432332 1.6760688 -0.057472847 -3.0729756
0 5 0.073806524 42.852783 0.26265883 50.911983 4.6051226 1.6779993 1.9618572 5.8496494 -0.016667351 2.8141038
0 5 0.07378906 -4.481134 2.5343149 92.54246 4.7581925 1.5722338 1.9761803 1.8334088 -0.07993759 -4.36702
0 5 0.07378111 -4.6546884 2.5514762 92.97924 4.7192526 1.5426526 1.9623389 1.943801 -0.049330726 -5.681633
0 5 0.07194734 29.060526 1.7103183 48.2309 4.363241 1.5252507 1.8649215 3.4567068 -0.050694793 -0.013366863
0 5 0.067852266 28.476814 1.7527874 47.13611 4.383257 1.5630046 1.8778317 3.531799 -0.019856902 0.0036185924
0 5 0.064923964 -8.131283 2.615652 84.91966 4.665721 1.4968041 1.9273918 2.1410935 -0.034595408 -4.728472
0 5 0.064703 42.435234 0.06236303 50.667435 4.658489 1.6689925 1.968467 5.8539653 -0.015582464 2.2924387
0 5 0.06313667 0.76152104 2.3419352 108.440384 4.8938093 1.8043015 2.043337 1.8051908 0.07538423 -1.3886749
0 5 0.06302495 43.335934 0.2230953 50.461857 4.6374993 1.6843786 1.9529058 5.8822784 -0.004473809 4.215227
0 5 0.062312663 -7.4882884 2.58349 86.97216 4.7591367 1.4721988 1.9564888 2.1519172 -0.017736955 -5.8870926
0 5 0.061282467 -20.900759 1.8820486 68.720024 4.5222917 1.6689603 1.921866 4.425323 -0.049669445 8.731243
0 5 0.058563367 -8.059855 2.5379071 86.01902 4.774464 1.4713023 1.9771512 2.2494113 0.009487454 -5.285877
0 5 0.05713059 30.486115 1.5319582 48.992237 4.4764757 1.638042 1.904357 3.3777747 -0.027985066 0.32491443
0 5 0.057039272 44.068687 0.30224425 52.00032 4.6015654 1.6865423 1.9738766 5.882636 -0.0023663742 3.0367944
0 5 0.056917585 40.32468 0.31650198 47.851868 4.30423 1.6480432 1.8500829 5.722202 0.077335626 5.5593553
0 5 0.056156196 43.688606 0.011155903 51.008976 4.7010365 1.6907263 1.964359 5.865906 0.013123089 4.570136
0 5 0.055000693 44.400112 0.27602643 53.26804 4.5596504 1.6952878 1.957339 5.9020023 -0.008130259 3.0962696
0 5 0.05472427 30.43244 1.5395819 49.733246 4.362423 1.5159234 1.8499243 3.5447812 -0.009454751 0.0023582354
0 5 0.054447252 0.14356863 2.2414193 109.64888 4.892347 1.7563593 2.0443196 1.8035486 -0.038507853 -1.2920696
0 5 0.052959353 43.46369 0.2276429 50.30586 4.273113 1.6624645 1.8456371 5.829986 0.0048411433 5.064697
0 5 0.052429453 -20.630713 1.938288 68.17239 4.4943023 1.6768042 1.9166358 4.458815 -0.041246973 8.339738
0 5 0.052233834 41.98711 0.2760691 49.20164 4.3240857 1.6568925 1.8632628 5.793308 0.049701013 5.1853156
0 5 0.051804353 -3.4069314 2.4231396 95.363174 4.946766 1.679128 2.012795 1.7170914 -0.016706483 -3.9510083
1 5 0.05369403 -1.9323465 2.0129852 103.70656 5.257751 1.9361683 2.105846 1.6614114 -0.041797344 -2.7352386
3 5 0.087944254 24.741133 1.1665795 138.75327 12.545591 3.0874515 3.0327017 4.8345366 -0.0027892273 3.4651508
3 5 0.0683656 25.25522 1.1751359 141.61 12.4473505 3.0146613 3.0780842 4.837711 -0.04846327 4.1598215
7 3 0.43960226 -7.3216105 2.0812976 17.606503 0.70870066 1.7118037 0.682198 6.0358458 0.36200348 -0.044129513
7 3 0.2622627 -7.268909 2.09135 17.439386 0.6980467 1.7162971 0.6612679 6.0683017 0.25318176 -0.03924516
7 3 0.22560762 -7.4081764 2.1217482 17.720226 0.70948833 1.7087965 0.6453794 6.149601 0.3092048 -0.00063454546
7 3 0.13681525 -7.3839655 2.0877345 17.792084 0.67197007 1.7043403 0.68247896 6.0398226 0.27691448 -0.0033784695
7 3 0.1055645 -7.8130436 2.1910925 18.890657 0.77076036 1.662075 0.6784311 6.0742383 0.18141867 -0.045998625
7 3 0.08685103 -8.0237 2.2312698 19.40627 0.75483817 1.6598641 0.6685152 6.1470838 0.15827668 -0.039242446
7 3 0.08087942 -7.7604265 2.063242 18.654846 0.74044275 1.6400845 0.6599916 5.9731708 0.13076687 -0.035569515
7 3 0.072752096 -7.925378 2.1167605 19.066038 0.78557324 1.6660622 0.67085886 6.039406 0.19030154 0.0017546862
7 3 0.0680914 -7.32142 2.0407357 17.545912 0.6219446 1.761647 0.60361326 5.893254 0.22483966 -0.04445261
7 3 0.06554324 -7.1989126 2.1062984 17.304317 0.7329594 1.7046959 0.6275784 5.96532 0.2137356 -0.0013036262
7 3 0.05707002 -7.6201425 2.2146084 17.995842 0.6041618 1.7578111 0.58953446 5.7352667 0.2159676 0.2524682
7 3 0.05691902 -7.166463 2.1000648 17.175594 0.71572477 1.7057188 0.6461737 5.9533715 0.22609358 0.03111754
8 8 0.07734958 22.437227 1.811528 29.486738 0.40518567 0.6371666 0.42609188 5.930664 -0.064862825 -0.038576845
8 8 0.07065179 22.452038 1.7625799 29.544796 0.41518426 0.638968 0.4016098 5.7736754 -0.074095555 -0.02405509
8 8 0.0683989 22.29529 1.7422765 29.275066 0.4244615 0.6364717 0.42635927 5.7097974 -0.032187983 -0.015789576
8 8 0.06824887 22.335604 1.8023341 29.297869 0.4117591 0.64038736 0.45999023 5.842514 -0.03071693 -0.039386474
