0 5 0.38043445 28.939816 1.5992622 45.778843 4.507256 1.5903478 1.9125504 3.4217646 -0.01372552 -0.030117592
0 5 0.1874047 28.429035 1.5577581 45.025555 4.475347 1.5506492 1.9103591 3.4213104 0.016538242 -0.091895826
0 5 0.15622051 28.699507 1.5954392 45.362045 4.5464983 1.5583491 1.9089499 3.413389 -0.026903786 -0.8895065
0 5 0.15392013 29.353891 1.5732001 46.369694 4.540765 1.5920659 1.9233903 3.3801534 -0.008511296 -0.015132214
0 5 0.13635974 -7.901083 2.550366 84.39629 4.7246904 1.459729 1.9323314 2.2312467 -0.042652745 -4.941794
0 5 0.11397277 -4.6483684 2.5520048 94.30998 4.750745 1.5617778 1.9795485 1.8249053 -0.046556003 -5.7895203
0 5 0.10928376 30.919397 1.7348232 49.21838 4.196324 1.499186 1.8251251 3.3460424 0.002812883 0.03768225
0 5 0.107902296 30.810328 1.5851874 48.470528 4.3857646 1.549734 1.8900914 3.422078 -0.055592373 -0.0029955283
0 5 0.0995734 41.552116 0.3321874 48.99406 4.2615414 1.6787279 1.8601955 5.7723694 0.07894768 4.8630595
0 5 0.09946346 28.232134 1.5515149 44.7852 4.490948 1.5480092 1.9020543 3.388195 0.009305868 -0.019627664
0 5 0.08506519 30.86189 1.6296253 48.94953 4.2969565 1.5430708 1.8419183 3.3647442 -0.03073844 0.01266057
0 5 0.083293244 0.35058483 2.219994 113.19393 5.3738503 2.0289235 2.1539643 1.7745465 0.08531587 -1.7839636
0 5 0.08109166 42.63297 0.29905087 49.959663 4.275288 1.678586 1.8571453 5.7968197 0.05143419 4.648239
0 5 0.079869956 43.82924 0.27928334 52.069187 4.600733 1.6836737 1.9672462 5.8668017 -0.012601074 1.9593183
0 5 0.074242964 -4.668852 2.5518875 92.41083 4.6956205 1.5421259 1.9733377 1.8369079 -0.0879501 -5.9659605
0 5 0.073052175 -3.026275 2.2713284 96.9524 5.196452 1.8043388 2.0815027 1.6266297 -0.053964406 -2.9857538
0 5 0.07111696 -0.17074957 2.1017437 112.7701 5.555979 2.1371193 2.203725 1.7164994 0.025517548 -2.18931
0 5 0.06950419 -4.5170007 2.524858 92.79592 4.7836914 1.5804007 1.989298 1.7600243 -0.07420309 -4.5361285
0 5 0.068969935 -4.694757 2.54704 93.85199 4.746231 1.5394582 1.9669555 1.8711765 -0.05414916 -6.024519
0 5 0.067558415 -7.9519725 2.5327976 85.257645 4.7804155 1.4724395 1.955505 2.1712954 -0.0136339925 -4.680566
0 5 0.066693604 -19.4207 1.7979317 63.798717 4.4223375 1.6802994 1.8808017 4.5223384 -0.048012972 10.56294
0 5 0.066048704 -2.0640461 1.9918206 104.6728 5.9451475 2.2178326 2.2454808 1.6217561 -0.02895496 -2.5148685
0 5 0.06512605 44.533646 0.24093175 51.86899 4.6537085 1.7012944 1.9658097 5.8973074 -0.0121608395 3.2936
0 6 0.06431251 -29.635674 3.273928 37.72549 4.396274 1.6189352 1.9100454 5.405985 0.055917084 0.13219324
0 6 0.063192375 -30.196564 3.173213 37.64789 4.4621315 1.6568054 1.919626 5.06415 0.029040629 0.08949451
0 6 0.06115239 -29.669016 3.2621675 38.401024 4.36722 1.6130197 1.9043093 5.742729 0.05581499 0.091663264
0 5 0.060024835 40.97264 0.3589798 48.63799 4.295158 1.65598 1.8557513 5.7110734 0.07751634 4.9355574
0 5 0.057152014 44.9836 0.3251739 53.01855 4.6033716 1.7016263 1.9805795 5.9008045 -0.007825459 2.464193
0 5 0.05695611 -19.611204 1.7813721 65.068665 4.41652 1.6407468 1.8703989 4.5486026 0.02916853 11.577214
0 5 0.05678989 5.0767326 2.0920405 118.86461 4.931016 1.7329742 2.0730426 4.6756287 -0.025865734 3.8377197
0 5 0.05670567 5.1270914 1.9665463 121.24415 4.8973465 1.7436041 2.0933352 4.7021427 0.02946232 4.8442492
0 5 0.055455536 44.942375 0.047402084 52.48265 4.7167587 1.714163 1.9806207 5.8822956 0.0015624557 3.5298176
0 6 0.055355083 -29.18706 3.171188 38.480175 4.346891 1.605615 1.9084198 5.8683887 0.08700471 0.08010455
0 5 0.055303432 -7.534626 2.5552933 86.83852 4.777255 1.471299 1.9577475 2.1404843 -0.0151578635 -5.778664
0 5 0.054296736 44.360886 0.25688237 51.32957 4.2747993 1.671955 1.85349 5.8234134 0.012763612 4.560841
0 5 0.053340137 42.800285 0.29515457 50.17491 4.3153076 1.6651828 1.868663 5.7807903 0.05624102 4.4920692
0 6 0.05273587 -27.484112 3.0880084 37.489746 4.319943 1.6051775 1.8938824 5.8086767 0.072433494 0.10008809
0 5 0.052506886 -7.967033 2.514832 85.69232 4.798622 1.4683444 1.9724985 2.218852 0.007162934 -5.0343575
0 5 0.052408677 -19.586079 1.6945126 64.4832 4.403161 1.6395957 1.8630136 4.525833 0.01215273 12.634971
0 5 0.052147195 0.7374455 2.2273483 111.80975 5.127629 1.8898503 2.1059804 1.7362049 0.082022056 -1.1732993
0 6 0.051635362 -29.454466 3.244728 37.227783 4.3386903 1.6438211 1.9009912 5.428976 0.049613193 0.030535843
0 6 0.051186115 -29.213654 3.2179933 37.510788 4.3262386 1.6433257 1.9041865 5.6821604 0.05800318 0.026061576
0 5 0.051118597 45.15349 0.28807765 54.13435 4.55684 1.7074339 1.959383 5.917874 -0.019678863 2.5397427
0 5 0.050666183 -19.8287 1.729641 64.16617 4.43666 1.6771173 1.8843204 4.504262 -0.04481067 10.95695
0 5 0.050093435 -7.992147 2.5604627 84.67892 4.685099 1.4820913 1.9212394 2.159727 -0.030771796 -4.117724
1 5 0.056561463 -2.0640461 1.9918206 104.6728 5.9451475 2.2178326 2.2454808 1.6217561 -0.02895496 -2.5148685
3 5 0.29926047 -14.077427 2.249507 20.83311 11.301199 3.5224526 2.9618871 1.994848 -0.10706161 0.21292746
3 5 0.19192378 -13.652174 1.9495564 20.227 11.172698 3.4477532 2.9062219 1.9961107 -0.02469282 0.67174345
3 5 0.1190717 -14.961006 2.1193717 21.250557 11.551824 3.4386759 2.8819036 1.9512222 -0.04646419 0.10274238
3 5 0.11652599 -13.118394 1.8706661 19.300268 11.17436 3.3464947 2.8578806 1.9973192 -0.026161592 0.629443
3 5 0.067013144 -14.486866 1.9370731 21.007938 11.5555935 3.4794793 2.8897529 1.9864006 -0.021334276 0.65358526
3 7 0.059358347 -14.739123 3.6117773 22.743551 12.232784 3.0785036 3.0030546 5.10577 0.085475706 -0.109451145
3 5 0.057846975 25.396782 1.2158366 139.62485 12.654939 3.0189388 3.036324 4.8295727 0.011747003 4.204695
3 7 0.051006325 -13.026808 3.1984444 20.182335 12.351494 3.1075559 2.9677248 5.141544 0.038510658 -0.039218966
7 3 0.46318182 -6.848861 1.9948347 16.649118 0.7213139 1.7274288 0.70391124 3.602293 0.03945735 0.063689545
7 3 0.29550564 -6.9047747 2.002411 16.82479 0.6834595 1.6870223 0.6468135 3.5914223 0.01386009 0.12740809
7 3 0.19139685 -6.798833 1.9800487 16.568542 0.6699446 1.7126769 0.6434077 6.595204 0.035647944 0.0949769
7 3 0.17625959 -6.877698 2.0133135 16.637701 0.7635759 1.7401252 0.70622635 3.8685977 0.032288417 0.006907994
7 3 0.14278634 -7.0421333 2.0364528 17.051033 0.70638376 1.7020922 0.6602833 3.7343514 0.12730171 0.15056232
7 3 0.11442853 -6.883848 1.8604552 16.871923 0.65368104 1.8064401 0.6507505 4.8842387 0.19082496 0.10442903
7 3 0.10803902 -6.656256 1.8421793 16.34485 0.57240826 1.8161837 0.6107549 4.7727423 0.2257194 0.08845786
7 3 0.08709844 -6.86244 1.9829148 16.686996 0.72179484 1.7881553 0.6982195 4.3678303 0.17449047 0.06924167
7 3 0.08002462 -7.580557 2.1334445 18.27913 0.63611144 1.6342946 0.6320498 3.720477 -0.06008608 0.07492505
7 3 0.076946266 -7.7145705 2.1537771 18.703835 0.6539821 1.6274776 0.62930316 3.8339088 -0.059896007 0.065122984
7 3 0.07066188 -6.806088 1.9829872 16.64157 0.73566014 1.7758356 0.7210828 4.5635743 0.16440105 0.23194754
7 3 0.06241958 -6.7314525 1.980232 16.305178 0.7498451 1.7679706 0.695614 4.557322 0.12493845 0.111641176
7 3 0.060775794 -7.46512 1.9965813 17.94421 0.6311117 1.634749 0.62063634 4.175538 -0.052780926 0.06943561
7 3 0.059086833 -7.482147 2.012572 18.03788 0.65437895 1.64605 0.634391 4.3071775 -0.09486869 0.05146335
8 8 0.07694121 22.27636 1.7916534 29.329752 0.39864346 0.65375865 0.39880338 6.244201 -0.039401285 -0.041070372
8 8 0.06250558 22.18674 1.731958 29.238836 0.4189163 0.66923857 0.39072472 6.0489297 -0.035725627 -0.026146797
8 8 0.055769194 21.843071 1.7793587 28.715036 0.41317266 0.65556955 0.4268164 6.1826525 -0.02076566 -0.039096385
