0 5 0.39072657 26.975021 1.6180935 44.357883 4.5215726 1.5603993 1.9125471 3.5469692 -0.0013442263 0.0049330797
0 5 0.21219715 26.539427 1.5862503 43.691257 4.4921494 1.5380973 1.907088 3.5362592 0.016866868 0.0058541093
0 5 0.16101143 26.832174 1.602706 44.061634 4.5393877 1.534759 1.9042623 3.5586774 0.011237323 -0.0048048384
0 5 0.1513325 27.737038 1.5763853 45.55322 4.5465508 1.5566503 1.9244759 3.5349712 0.041372947 0.0031792019
0 5 0.14714283 -8.074279 2.6027634 85.67536 4.707771 1.4733534 1.9351666 2.1651692 -0.038314752 -5.2205105
0 5 0.11706039 -4.5701866 2.5599322 93.49586 4.7272325 1.5507113 1.9702713 1.8218383 -0.044108875 -5.7000136
0 5 0.10379436 29.793493 1.7334943 48.757156 4.3018317 1.5416092 1.844572 3.4997299 -0.037746675 0.023637153
0 5 0.09894008 40.807915 0.31606913 48.065426 4.246693 1.6684098 1.8504502 5.778839 0.08796682 5.1970253
0 5 0.09879504 27.47323 1.6191379 45.06308 4.544296 1.5258682 1.9094478 3.5535626 0.027068207 0.014589082
0 5 0.09674483 0.3366024 2.3709705 111.74445 5.04022 1.863539 2.0772152 1.7751988 0.06653697 -1.5127523
0 5 0.090318695 29.591047 1.762931 48.32394 4.2733097 1.5530087 1.8371624 3.5422597 -0.086334005 0.016146507
0 5 0.086271346 41.680622 0.29123235 48.809834 4.259188 1.6674833 1.8466543 5.7997074 0.06236127 5.1034274
0 5 0.08305787 -0.08093746 2.183265 112.50586 4.9498014 1.8534758 2.0636973 1.7302524 0.01737606 -2.3323855
0 5 0.080848314 28.709618 1.6808172 47.661095 4.390613 1.5402284 1.8770692 3.4991415 -0.053152293 -0.018941857
0 5 0.07657489 -3.1063564 2.3230696 96.656975 5.071727 1.7507151 2.046414 1.6562436 -0.05668754 -2.944496
0 5 0.07513425 40.725143 0.31725442 48.25264 4.256546 1.6618105 1.849796 5.745631 0.10921883 4.7544584
0 5 0.07444689 -4.4453373 2.5359278 92.69854 4.770493 1.5748605 1.9741639 1.7722702 -0.0792259 -4.4314294
0 5 0.0741803 -2.02442 2.0311697 105.01991 5.4635997 2.0026758 2.1318138 1.647483 -0.04002246 -2.4324062
0 5 0.073944695 -4.575783 2.5600305 92.033264 4.673967 1.5356643 1.9610039 1.8187209 -0.086225964 -5.930499
0 5 0.073581256 28.352812 1.7312641 46.912792 4.3644676 1.5618738 1.8746438 3.5631642 -0.019336242 0.00072887726
0 5 0.07173154 -20.81698 1.8749363 68.40065 4.479051 1.6401049 1.9052862 4.4483075 -0.018475767 10.925038
0 5 0.07059588 -8.152233 2.576157 86.60422 4.760076 1.4824328 1.9620252 2.1362295 -0.008780134 -4.93238
0 5 0.06991649 -20.652063 1.9183956 67.87046 4.527442 1.6616209 1.9217364 4.444758 -0.041715305 9.459573
0 5 0.06952827 43.22288 0.2606817 51.321323 4.597004 1.6791326 1.9593122 5.842949 -0.01634885 2.745899
0 5 0.06386966 43.600033 0.2316947 50.706604 4.636546 1.6869111 1.9528669 5.879671 -0.0002782941 4.1280627
0 5 0.06189734 42.750397 0.057724357 51.033096 4.6469445 1.6742251 1.9673971 5.8481855 -0.01652438 2.5411446
0 5 0.0594182 -7.6190796 2.574778 87.16339 4.754579 1.4697043 1.9531221 2.0865374 -0.015620537 -6.0046964
0 5 0.05826907 0.62505096 2.382649 110.00332 4.8993106 1.8071386 2.0557923 1.7616534 0.08523843 -0.9222705
0 5 0.056490347 43.99102 0.011083484 51.309784 4.7068186 1.6964314 1.9664426 5.8608603 0.0118276905 4.432203
0 5 0.056114614 30.344784 1.5418282 49.535435 4.346324 1.5199691 1.8473835 3.5584316 -0.012271441 -0.0004610289
0 5 0.055691417 -20.291462 1.9395995 66.879585 4.505445 1.6676704 1.9166815 4.4773455 -0.041634068 9.125606
0 5 0.0550107 43.228497 0.25571966 50.070553 4.249148 1.663906 1.8402736 5.826271 0.026941957 4.844698
0 5 0.054903954 40.38709 0.31594026 47.89885 4.2850146 1.6444169 1.844416 5.7211804 0.08492883 5.0813046
0 5 0.054878265 41.920574 0.28118992 49.084557 4.2979794 1.6532284 1.8563659 5.7863283 0.064753205 4.831169
0 5 0.054771572 0.13254707 2.275415 111.82665 4.882855 1.7541202 2.0481317 1.7737163 -0.032973886 -1.0614638
0 5 0.053987347 30.390293 1.5530865 48.87445 4.4549994 1.6203316 1.9004728 3.427762 -0.026601106 0.31162593
0 5 0.053568643 44.44879 0.30201828 52.498653 4.588553 1.6948516 1.9732944 5.877282 -0.0020186156 2.9145324
0 5 0.053260032 44.743595 0.28004485 53.69517 4.5452967 1.7022616 1.9571286 5.911139 0.004168285 3.0834677
0 5 0.052477702 -19.007908 2.1619544 74.89283 4.527476 1.6991186 1.9475174 4.3878508 0.010041751 7.3419814
0 5 0.051597096 -18.986921 2.1370246 74.12315 4.489275 1.6714971 1.9223063 4.3703833 -0.010728408 8.287446
0 5 0.051137224 -3.4938893 2.4338021 95.74162 4.962763 1.6832685 2.0129223 1.688079 -0.01186401 -3.981878
1 5 0.05211593 -2.02442 2.0311697 105.01991 5.4635997 2.0026758 2.1318138 1.647483 -0.04002246 -2.4324062
3 5 0.0782376 24.37922 1.1515106 138.13971 12.501592 3.0136402 3.023034 4.829946 -0.004780175 3.3757625
3 5 0.06778922 24.972225 1.1475798 141.2802 12.371169 2.9372585 3.0650144 4.827183 -0.044561554 3.9533794
7 3 0.43196315 -7.45935 2.1038575 17.919184 0.70750713 1.7067727 0.67985094 6.0541205 0.34850237 -0.0369637
7 3 0.26673606 -7.3785286 2.10979 17.679129 0.698856 1.7088181 0.6541636 6.0811825 0.26893586 -0.03595388
7 3 0.23160881 -7.52375 2.1454146 17.971827 0.7049016 1.706814 0.63821095 6.1707416 0.31626436 0.022377912
7 3 0.13094993 -7.399866 2.0870633 17.761398 0.6934207 1.7108549 0.6258394 6.052176 0.32690385 0.026512254
7 3 0.12598996 -7.5147614 2.1091988 18.079174 0.6718245 1.6998996 0.678357 6.0538216 0.2562057 -0.00442777
7 3 0.11468629 -7.8854012 2.2107508 19.048927 0.7864653 1.6748377 0.67959803 6.094809 0.199785 -0.051559918
7 3 0.09919479 -7.986078 2.093976 19.176764 0.7676924 1.645477 0.6765892 6.0578647 0.16796143 -0.047196753
7 3 0.089135915 -8.094778 2.2402163 19.544197 0.75782466 1.6675998 0.666432 6.1504846 0.16081063 -0.038809426
7 3 0.07609289 -8.041953 2.1342478 19.31536 0.8067869 1.667954 0.6657215 6.078606 0.21724837 0.0028317124
7 3 0.06297552 -7.2919526 2.0318289 17.527948 0.64207196 1.7782925 0.6226747 5.9466844 0.14010398 -0.013120807
7 3 0.061405215 -7.335298 2.125518 17.596882 0.7223525 1.705365 0.61690944 5.977217 0.21496661 -0.0012629423
7 3 0.059916373 -7.8458104 2.1721992 18.83575 0.8004907 1.6735693 0.70456743 6.0072474 0.1495475 -0.04375489
7 3 0.05688575 -7.677333 2.2171006 18.142189 0.60557234 1.7566814 0.59269434 5.8092628 0.18688478 0.24848908
7 3 0.0560337 -7.2967596 2.1195178 17.444843 0.71020216 1.7055827 0.637423 5.981129 0.2157671 0.028322961
8 8 0.07294419 22.341269 1.8089229 29.365082 0.4179986 0.63339823 0.44028935 5.921273 -0.06580404 -0.03160738
8 8 0.0694975 22.24084 1.7579994 29.271917 0.42771488 0.6389373 0.41425267 5.7825155 -0.06967813 -0.020833446
8 8 0.067127444 22.078232 1.7349448 29.000536 0.4362209 0.6331014 0.43753427 5.712514 -0.022605704 -0.0152441235
8 8 0.06556459 22.224955 1.7943575 29.160496 0.42155895 0.6327306 0.47163218 5.8365602 -0.027392674 -0.03586933
