0 5 0.40546128 27.365705 1.5471035 44.584995 4.5493107 1.5890405 1.9142991 3.4886928 -0.016581547 -0.0015965048
0 5 0.21841212 26.910616 1.5625776 43.87837 4.559787 1.5578358 1.9015827 3.5116744 -0.016382668 -0.0056924485
0 5 0.2043853 26.787832 1.5016246 43.578316 4.518583 1.5467329 1.9131048 3.5356777 0.004980797 0.006665621
0 5 0.16642854 27.923733 1.527906 45.47228 4.5585117 1.5872985 1.9280683 3.4912345 0.022056693 -0.0016349126
0 5 0.15107685 -8.178559 2.6340127 86.11784 4.7251306 1.4861001 1.938291 2.278845 -0.039471753 -4.8370433
0 5 0.1280279 27.50882 1.5558934 44.74925 4.5530744 1.5564083 1.9161788 3.5296526 0.017171545 -0.010418909
0 5 0.105912976 -4.627136 2.5677872 94.515175 4.740335 1.5678955 1.9796005 1.9110177 -0.049915135 -5.255598
0 5 0.102985926 41.22641 0.2995717 48.601044 4.260022 1.6765001 1.8523811 5.777226 0.078529924 5.566345
0 5 0.09127134 0.32220557 2.291883 110.41511 5.0809364 1.8761132 2.079706 1.7994655 0.056781225 -2.7211368
0 5 0.087854415 -4.562865 2.540549 94.972374 4.73942 1.5753942 1.9857469 1.8807073 -0.02127587 -4.750831
0 5 0.08675121 -0.20994665 2.1463034 110.489426 5.0536175 1.8992828 2.0912037 1.7245257 -0.0003733039 -2.4775977
0 5 0.08055533 30.419333 1.6851333 49.52465 4.3208184 1.5401896 1.8617251 3.4702537 -0.038946882 0.022046987
0 5 0.07993796 42.290558 0.2582426 49.562885 4.2755933 1.6753104 1.850943 5.798239 0.055355594 5.584514
0 5 0.07942439 -2.0546503 2.0557196 103.590805 5.3221297 1.9607447 2.1168985 1.6533328 -0.03534279 -2.4543927
0 5 0.07787191 -3.0839791 2.3660738 96.563965 5.014664 1.7318727 2.037567 1.7033622 -0.054902166 -2.7619877
0 5 0.073424816 43.586037 0.24036801 51.825306 4.603346 1.6872373 1.9660296 5.8472767 -0.021893708 2.6547618
0 5 0.070551075 -8.262695 2.607011 87.264565 4.7785025 1.494232 1.9672492 2.1909378 -0.011075816 -4.635067
0 5 0.069847785 -4.641156 2.5773716 92.93611 4.680644 1.5476524 1.9722197 1.9279586 -0.090371355 -5.5029793
0 5 0.069333814 -4.5152617 2.549323 93.45418 4.7590075 1.5811327 1.9829077 1.8879839 -0.0771434 -4.152537
0 5 0.06889935 29.944136 1.7364278 48.723263 4.290064 1.5480845 1.8489428 3.503688 -0.07043344 0.017791912
0 5 0.06671268 -33.453434 3.3637667 43.70106 4.3539453 1.5804803 1.8903519 4.686094 0.007864354 0.032991823
0 5 0.06660228 -8.278022 2.6312609 86.507355 4.678109 1.5065274 1.9327006 2.1874433 -0.03970094 -4.29002
0 5 0.06457318 42.972298 0.050290525 51.34459 4.649295 1.6769606 1.9728811 5.8592644 -0.012084448 2.2348425
0 5 0.06446919 29.752651 1.6170745 47.85009 4.3856626 1.5777317 1.8871133 6.554449 -0.007313366 0.11290658
0 5 0.06433106 -33.092617 3.2365086 45.21344 4.3231134 1.5697346 1.8814439 4.831574 -0.014660829 0.0477202
0 6 0.06391558 -31.849407 3.001416 49.17794 4.237254 1.6255941 1.8775799 4.296079 0.018522395 0.18899786
0 5 0.06362153 -32.64706 3.510452 41.675907 4.3784475 1.6166056 1.9040742 4.511802 0.037776746 0.49194187
0 5 0.06287904 -32.59091 3.1785665 45.874783 4.35772 1.5877244 1.8920132 4.782054 -0.024738686 0.04083448
0 6 0.061684668 -32.363335 3.0372226 49.13105 4.2452183 1.6334432 1.8832221 4.28049 -0.004391133 0.2275922
0 5 0.060841665 28.81942 1.6516914 47.380684 4.429013 1.5672994 1.902954 3.4791708 -0.050295405 -0.015003498
0 5 0.05954775 44.163292 0.20165968 51.45271 4.6457567 1.6977046 1.9595925 5.8852696 -0.006042757 4.1842437
0 5 0.059408758 28.621468 1.7215185 47.049194 4.4124575 1.5933973 1.8983768 3.5136948 -0.011483196 -0.0062988754
0 5 0.059187125 40.69132 0.30612797 48.295216 4.2963643 1.6530732 1.8507717 5.7160406 0.08551272 5.4303374
0 5 0.05911656 0.8462169 2.3221135 108.96956 4.961527 1.8274845 2.0603576 1.7798611 0.06352533 -2.414158
0 6 0.058562003 -31.456974 2.9577832 49.26733 4.216837 1.6133119 1.8628271 4.306235 0.013132269 0.15254518
0 5 0.057755716 -7.564066 2.6066349 88.54877 4.775933 1.4838897 1.9633993 2.1732228 -0.020636544 -5.7695856
0 5 0.05758313 -31.674059 3.0314069 59.295296 4.211492 1.5583305 1.8149321 4.4053397 0.045048118 6.1004
0 6 0.057476867 -30.510206 2.8593397 46.736103 4.449389 1.6330879 1.8888253 4.412399 -0.025526945 -0.015460805
0 6 0.05727226 -30.764114 2.925531 46.294823 4.4209123 1.6241609 1.8937125 4.4837594 -0.035419762 0.012916476
0 5 0.057126977 30.373838 1.603523 48.2087 4.5246773 1.6310492 1.9205251 6.58648 -0.04362149 -0.014061596
0 6 0.05666072 -32.864296 3.0623384 48.937847 4.2374344 1.648092 1.8847407 4.273924 -0.041818414 0.22395328
0 6 0.056312785 -30.180386 3.0767257 45.46013 4.4011126 1.6174979 1.884639 4.651291 -0.011614347 0.022573233
0 5 0.05620914 -31.064493 3.0389543 58.681076 4.1921897 1.5792078 1.7986257 4.4002905 0.08263024 6.76371
0 5 0.055787753 -33.862747 3.2379527 47.704533 4.390093 1.6103758 1.8842708 4.870275 -0.03608263 0.043005086
0 5 0.05495779 44.64541 0.28800732 52.64631 4.6053815 1.7011622 1.9810991 5.8768735 -0.003455473 3.0116363
0 6 0.05480399 -31.425983 3.115347 45.660538 4.392233 1.613819 1.8927026 4.6906023 -0.025681108 0.029421832
0 5 0.05455598 -32.148376 3.0316055 60.069134 4.2457747 1.5577134 1.8187898 4.380973 0.11068965 6.860029
0 6 0.054450188 -32.25241 3.0907502 47.07143 4.395902 1.610005 1.8913395 4.685351 -0.030462284 0.29131994
0 5 0.054135352 -3.4530091 2.4591722 96.5224 4.929957 1.6862214 2.0176818 1.7477458 -0.020213697 -3.7111793
0 5 0.05385367 44.06751 0.20801163 51.01912 4.2720942 1.6705335 1.8466783 5.8221087 0.014204999 5.2537136
0 5 0.053221393 44.519623 -0.0032526255 52.003517 4.7143717 1.7065662 1.9725976 5.869691 0.00345492 4.5301085
0 5 0.05288238 -34.31218 3.320722 46.81813 4.316808 1.5788597 1.8668739 4.8506246 -0.0315703 0.036981545
0 6 0.052837785 -29.161978 3.0045555 44.74254 4.4134936 1.6129686 1.8725659 4.5660553 0.04416824 0.0058266725
0 6 0.0524055 -31.044846 2.8970103 49.420174 4.2175207 1.5981777 1.856745 4.3217654 -0.02324415 0.12429883
0 5 0.051917065 -31.419905 3.572482 39.22967 4.4250927 1.6443894 1.9167392 4.47831 0.038026795 0.11912527
0 5 0.051806744 -21.968014 1.9543257 71.75416 4.4943013 1.6608838 1.9216352 4.418971 -0.034731954 8.869641
0 5 0.05180383 41.701294 0.25616205 49.83681 4.2989416 1.6665531 1.8589824 5.7386274 0.07815917 4.453419
0 5 0.051479965 42.499966 0.25794995 49.80993 4.3177094 1.6609473 1.8622227 5.7864976 0.062002927 5.224231
0 6 0.051457472 -30.613583 2.8456397 49.55965 4.2300467 1.5846195 1.853297 4.3406024 -0.04655917 0.08678243
0 6 0.051353615 -33.136253 3.0791297 48.462402 4.210423 1.6509609 1.8759269 4.2523713 -0.06869723 0.18386939
0 5 0.05077914 0.073506765 2.2415671 110.439125 4.8945885 1.7634335 2.044733 1.7584478 -0.035913825 -2.3325233
0 5 0.050466724 -31.94113 3.0309186 53.478172 4.456023 1.5993865 1.8733808 4.669557 0.018184649 0.07629088
0 5 0.05005135 44.83001 0.2634427 53.7666 4.558397 1.7083054 1.9627153 5.8901715 -0.0011231527 3.167462
1 5 0.053152397 -2.0546503 2.0557196 103.590805 5.3221297 1.9607447 2.1168985 1.6533328 -0.03534279 -2.4543927
3 5 0.23267591 -16.303736 2.3784995 19.594793 11.222315 3.5451543 2.8831937 4.7096486 -0.06950492 0.55880207
3 5 0.11355854 24.416311 1.2934079 135.81245 12.622027 3.031849 3.0421057 4.826368 0.0020732451 3.1019053
3 5 0.09613702 24.611784 1.2645369 140.18335 12.462126 2.9634843 3.0710223 4.83797 -0.025023477 3.464724
3 5 0.080786176 -14.736121 1.9245883 19.580217 11.169467 3.2230184 2.767783 4.6315126 0.0075471513 1.2428039
3 5 0.071451426 -15.456655 1.9342827 19.631084 11.027654 3.192955 2.746233 1.4044905 -0.023865791 0.971522
3 5 0.06516469 -14.178017 1.909771 18.645397 11.432177 3.2977984 2.7765787 4.609205 -0.06523409 0.82209754
3 5 0.059034124 23.849998 1.3433728 130.70264 12.638701 3.0941846 2.9942367 4.8441377 0.019903043 3.3497736
3 5 0.052645355 23.874537 1.2809064 133.4918 12.8392105 3.0946076 3.0523279 4.853587 0.012576487 3.5126567
3 5 0.051949378 24.850391 1.2186581 138.39572 12.662912 2.9998071 3.042422 4.8485 -0.007891054 3.099866
3 5 0.05192625 -15.628607 1.9253492 19.991034 10.113444 3.1260433 2.6245055 1.3217919 -0.029064212 0.7859428
7 3 0.39983144 -7.166181 2.068704 17.293598 0.7200608 1.7097548 0.6800586 6.096142 0.34675413 -0.046224643
7 3 0.289982 -7.245062 2.0794277 17.444597 0.6918502 1.6948606 0.62993014 6.1619534 0.24150525 0.011125889
7 3 0.22632937 -7.1567507 2.0802367 17.225359 0.70049787 1.7077401 0.6609435 6.150785 0.2514269 -0.03752563
7 3 0.19062942 -7.3358707 2.1124842 17.607412 0.72333366 1.7003623 0.66175956 6.198726 0.25742656 0.004458094
7 3 0.143851 -7.277825 2.075173 17.569496 0.6835694 1.7084928 0.6848567 6.0245337 0.26749167 -0.020416552
7 3 0.11377135 -7.8309712 2.1935136 18.913263 0.7804108 1.6573914 0.67439675 6.0906367 0.13531682 -0.054101244
7 3 0.08597473 -7.9549465 2.0895512 19.144836 0.7705581 1.6441947 0.6807561 6.191052 0.110269 -0.025266273
7 3 0.08531001 -8.04034 2.2263443 19.395327 0.76000965 1.6622514 0.6676365 6.1628013 0.10407715 -0.04234122
7 3 0.06997665 -7.122529 2.0394464 17.29747 0.5980444 1.728864 0.585516 6.0297675 0.20896238 -0.02771087
7 3 0.060924336 -7.3792777 2.1835563 17.606703 0.5823924 1.7404784 0.5678529 5.708465 0.23483373 0.30569214
7 3 0.0601806 -7.0145297 2.024661 17.01232 0.59125817 1.7624643 0.59137833 6.017862 0.16721205 0.0022889208
7 3 0.056064744 -7.267472 2.0271423 17.32355 0.7071004 1.7028428 0.6563786 5.9740343 0.27277482 -0.00502073
8 8 0.05418139 21.996197 1.7850782 28.892473 0.38181764 0.64955634 0.39796427 5.74238 -0.076181546 -0.027192153
8 8 0.0532104 21.79035 1.7675786 28.582636 0.3838814 0.64235455 0.42636395 5.6963925 -0.04783233 -0.028385933
8 8 0.05117924 21.65018 1.6940901 28.414234 0.39728692 0.6376475 0.39917868 5.5790796 -0.03573452 -0.01939503
