0 5 0.38890907 27.781157 1.6463486 45.5014 4.5353312 1.573372 1.9139637 3.5347807 -0.010964477 -0.0003524907
0 5 0.21500115 27.22383 1.6263669 44.60154 4.5041637 1.5438241 1.9130015 3.5371823 0.007145103 0.003038926
0 5 0.177344 27.502272 1.6361418 44.99585 4.557252 1.5481892 1.9087319 3.5504205 -0.0076744165 -0.011638777
0 5 0.15814652 -8.108238 2.6174078 85.76198 4.726877 1.478564 1.9345523 2.2613745 -0.03947208 -5.146506
0 5 0.14701462 28.374527 1.6159031 46.411854 4.5517507 1.5697842 1.9260625 3.5289083 0.034438305 0.005796334
0 5 0.11719303 -4.7091613 2.5703292 94.27747 4.7136726 1.5589519 1.9736702 1.8175162 -0.044583466 -5.456255
0 5 0.10460496 28.099216 1.645165 45.92982 4.5518236 1.534938 1.9134682 3.5579636 0.016124094 0.006835753
0 5 0.09626663 41.43565 0.30532372 48.84979 4.264098 1.6724265 1.8544426 5.7710614 0.07933346 5.3803086
0 5 0.09459895 0.37280014 2.3186762 109.99624 5.0253725 1.8675698 2.0648737 1.764317 0.057112418 -2.082973
0 5 0.09354481 30.759836 1.8045694 50.265038 4.326064 1.5412526 1.8580645 3.499396 -0.0372798 0.024736915
0 5 0.08474356 -0.115576036 2.1537175 110.659 4.9066877 1.8435359 2.0512316 1.6971852 0.010021286 -2.5491867
0 5 0.08104199 30.394232 1.8428782 49.60852 4.28958 1.5499928 1.8467522 3.5230918 -0.08365388 0.019467551
0 5 0.077660374 -3.0431595 2.3367193 96.94237 5.0220337 1.7467011 2.038705 1.6087539 -0.057659373 -2.733838
0 5 0.07680964 42.49277 0.26547498 49.810085 4.281956 1.6746436 1.8538014 5.795531 0.054644555 5.316873
0 5 0.07628941 -1.9434913 2.0342383 104.29595 5.3032866 1.9601274 2.102932 1.5919608 -0.036520757 -2.3371959
0 5 0.07557783 -8.17609 2.594876 86.669945 4.77778 1.4879888 1.9605563 2.1884615 -0.00907388 -4.882896
0 5 0.07284622 -4.7153935 2.5737529 92.90625 4.660757 1.5424876 1.9661261 1.8235189 -0.08382107 -5.67864
0 5 0.06979028 -4.554251 2.545433 93.43587 4.7355776 1.5732619 1.9724264 1.7531798 -0.07499147 -4.1849003
0 5 0.06762915 -8.250269 2.6289861 86.19364 4.678382 1.5021138 1.9291191 2.1791306 -0.032519825 -4.5688925
0 5 0.06721501 43.820263 0.24976075 52.164715 4.602903 1.6811635 1.9605829 5.8455114 -0.01880877 2.4333549
0 5 0.063964665 0.8093376 2.3388793 108.42271 4.877345 1.8066425 2.0415826 1.7640082 0.07426425 -1.6222277
0 5 0.062135667 29.098162 1.8254144 48.135235 4.3745127 1.574378 1.8886548 3.5415344 -0.015826613 0.0058099534
0 5 0.06116006 -7.513953 2.5977921 88.11858 4.7597275 1.47864 1.9569595 2.1244488 -0.018568607 -5.8172646
0 5 0.059648007 29.291397 1.7635467 48.5393 4.4039793 1.5479023 1.8946012 3.502153 -0.054113597 -0.012236036
0 5 0.059103902 43.30028 0.049669027 51.787598 4.6550026 1.6764326 1.967157 5.858146 -0.015511997 2.0591676
0 5 0.05686191 40.924225 0.3132125 48.58092 4.303073 1.6491461 1.8529807 5.709299 0.08334101 5.313758
0 5 0.056092836 -22.4028 1.9974995 73.62903 4.497221 1.6825765 1.9341577 4.4020076 -0.023029048 9.689787
0 5 0.055717368 44.298508 0.2066136 51.637093 4.646478 1.6915262 1.9554446 5.8877296 -0.006199058 3.8410828
0 5 0.054602407 44.919685 0.29857635 53.04054 4.609655 1.6961633 1.9767926 5.8806043 -0.00313064 2.7813475
0 5 0.053744532 30.876951 1.7071879 49.669605 4.3953905 1.5854176 1.8942853 3.4284344 -0.022833668 0.00020649843
0 5 0.053285345 45.07947 0.274562 54.08919 4.563874 1.7036841 1.9590979 5.9058223 -0.0057759015 2.8092978
0 5 0.05247963 -3.4459631 2.4398372 96.39348 4.9401903 1.6952325 2.0129385 1.6253297 -0.01762029 -3.625947
0 5 0.052215967 -22.158945 2.0438917 73.02578 4.481764 1.6950876 1.9306968 4.4409776 -0.015743107 9.674143
0 5 0.051202603 0.13012439 2.242989 110.08202 4.8725214 1.7556834 2.0363328 1.7434227 -0.04377441 -1.5940579
0 5 0.050856702 44.416546 0.21276951 51.42296 4.2796164 1.6716294 1.8500999 5.8216944 0.008350626 4.8691893
0 5 0.0505798 44.68737 -0.0047163963 52.210587 4.717616 1.7049489 1.9685189 5.8710375 0.012125824 4.1017647
3 5 0.112987325 24.53334 1.2670827 136.6975 12.556523 3.0692759 3.035468 4.8326774 0.002099391 3.2626448
3 5 0.08924871 24.844728 1.2439511 140.58412 12.397756 3.0041037 3.0652606 4.84472 -0.032476395 3.6873055
3 5 0.06495281 -15.244042 1.8846712 17.469053 10.892353 3.4799957 2.8022938 2.4710035 -0.07382344 -0.056475036
3 5 0.056075864 23.831202 1.3406641 131.37949 12.588834 3.1324625 2.9823694 4.8505807 0.024893014 3.3668382
3 5 0.05371392 -16.206062 2.0687585 20.71404 10.369798 3.2349224 2.617389 5.7586317 -0.0102230245 0.001144059
3 5 0.052653626 24.896502 1.2001739 139.13065 12.578144 3.037655 3.0327861 4.8563275 -0.013253108 3.2356553
7 3 0.4137635 -7.255401 2.089795 17.492405 0.6972552 1.7237084 0.6707888 6.081979 0.3121819 -0.06520139
7 3 0.23025686 -7.199289 2.0985935 17.31522 0.6834225 1.7239755 0.64078534 6.1173 0.19679643 -0.04550389
7 3 0.20501466 -7.343256 2.1245737 17.603905 0.68460906 1.7156317 0.64314514 6.1584506 0.25130916 -0.013194909
7 3 0.14858286 -7.3365827 2.0905623 17.720705 0.6599115 1.7165402 0.6780728 6.0429325 0.23725267 -0.02563214
7 3 0.14084975 -7.2223253 2.05716 17.390036 0.67187387 1.7109534 0.6199055 6.03323 0.2508215 -0.0044368748
7 3 0.118790895 -7.731969 2.1747618 18.710203 0.7627451 1.6652058 0.67769307 6.084444 0.12127691 -0.06309009
7 3 0.10136822 -7.9564605 2.2220669 19.270555 0.75114614 1.6683669 0.67126614 6.169685 0.0786405 -0.05142526
7 3 0.094064616 -7.7818956 2.0599678 18.74045 0.758601 1.6462768 0.6652624 6.083252 0.060561076 -0.05364266
7 3 0.08258843 -7.92912 2.1091447 19.086813 0.8110296 1.6755646 0.68255186 6.155675 0.10188584 -0.025208285
7 3 0.071573794 -7.276273 2.060357 17.540888 0.6037265 1.7373576 0.5911666 5.8764644 0.17235748 -0.049665816
7 3 0.06619715 -7.5420237 2.2189736 17.880548 0.57842577 1.7616609 0.5741751 5.6453867 0.17676885 0.18629637
7 3 0.066129856 -7.1130157 2.096263 17.154032 0.7124409 1.6990472 0.624416 6.0189056 0.16322124 -0.019387845
7 3 0.06340877 -7.170041 2.0433512 17.29015 0.6244465 1.7652556 0.5984469 5.8964667 0.14680673 -0.01807196
7 3 0.056126803 -7.0906806 2.1025438 17.03028 0.68719935 1.7140658 0.6376547 6.0203156 0.17754123 0.018903922
7 3 0.052759502 -8.079544 2.258152 19.670895 0.74105346 1.6754112 0.662472 6.224402 0.10990634 -0.074621394
7 3 0.051746026 -7.3283706 2.045146 17.479094 0.6851161 1.7139903 0.6470801 5.962666 0.22128141 -0.025813775
7 3 0.051673632 -7.387722 2.0609252 17.788233 0.69089913 1.7406648 0.64214236 5.923776 0.27806118 -0.047977876
8 8 0.06423027 22.744705 1.8332806 29.870798 0.38744372 0.6503546 0.40682808 5.8832507 -0.067527935 -0.032481052
8 8 0.05948778 22.54176 1.8201358 29.580982 0.3927882 0.6464673 0.4412651 5.786073 -0.04008981 -0.036495384
8 8 0.056134425 22.488964 1.7534649 29.533493 0.40831798 0.64573896 0.41067886 5.654299 -0.029686227 -0.019247515
8 8 0.05517887 22.780283 1.7850356 29.951561 0.39975318 0.6523024 0.38415915 5.694072 -0.06976577 -0.024910226
