0 5 0.3202803 30.598309 1.6484642 45.82884 4.4883685 1.5362858 1.897852 3.377739 -0.014458377 -0.8367242
0 5 0.2083718 30.22127 1.6414975 45.178604 4.473048 1.5580137 1.9020505 3.3781486 -0.055022903 -0.9136688
0 5 0.18256976 30.330463 1.6107256 45.42174 4.465736 1.5345525 1.8979877 3.3564997 0.03232176 -0.39744505
0 5 0.13832259 30.038658 1.6008601 44.86793 4.457871 1.5333699 1.90011 3.401881 -0.029965265 -0.7301339
0 5 0.12655874 30.773293 1.626794 46.000313 4.4681387 1.5380949 1.8988359 3.3482728 -0.019898295 -0.019032478
0 5 0.113125265 -8.111052 2.5673175 85.857315 4.7358146 1.4911737 1.931759 2.1769457 -0.03730753 -4.4247246
0 5 0.09772866 32.711586 1.8139491 48.420776 4.4657593 1.5559645 1.9201995 3.484427 -0.020665927 -0.07415709
0 5 0.094020545 -4.69311 2.549041 94.76966 4.716107 1.5701317 1.975714 1.8224288 -0.047485985 -5.362738
0 5 0.087897144 32.945076 1.8458829 48.77824 4.3564043 1.5783356 1.886545 3.499495 -0.025050327 -0.3084257
0 5 0.08171547 0.32313347 2.2467191 112.24115 5.4648504 2.0098429 2.1345682 1.7770708 0.08045251 -1.3590481
0 5 0.07209336 32.837917 1.7682415 49.276646 4.3334303 1.537211 1.8628021 3.4094002 -0.009692252 0.03344599
0 5 0.071657464 33.204193 1.9712759 49.933125 4.3089013 1.4972248 1.8710911 3.3804247 -0.0043296097 0.028843708
0 5 0.07159349 -0.2660558 2.1227665 112.432816 5.9290104 2.1973858 2.2104874 1.7267733 0.018921854 -1.8004045
0 5 0.07025215 -8.170419 2.5191183 86.29015 4.751405 1.4726355 1.9484358 2.1754777 -0.021252474 -5.052111
0 5 0.06983055 45.207104 0.3976052 53.483448 4.3711033 1.6795889 1.8973688 5.6998878 0.05685486 4.5145774
0 5 0.06861101 -3.0535169 2.2895374 98.29528 5.1833715 1.7932528 2.070061 1.683118 -0.061283894 -2.4493623
0 5 0.06630992 47.630753 0.3193347 57.652073 4.594551 1.6997508 1.9712933 2.5746386 -0.007179972 0.7565185
0 5 0.064692855 -4.7411447 2.5657954 93.29598 4.6712623 1.5453312 1.9663363 1.8494939 -0.08395034 -5.403726
0 5 0.06350177 45.290333 0.39033085 53.862755 4.37801 1.6760361 1.9029866 5.6754966 0.07027564 4.0806055
0 5 0.06287337 29.541973 1.5637559 44.114918 4.4688616 1.5301083 1.8721237 3.414017 0.014771173 -0.86029714
0 5 0.062247075 -2.078715 2.0128212 105.420395 6.2918334 2.2877433 2.2507432 1.6609261 -0.03339462 -2.0132213
0 5 0.060309853 46.19545 0.36924562 54.2115 4.373524 1.6846898 1.8932315 5.739679 0.04419414 4.713975
0 5 0.05702178 46.20102 0.31365836 57.270752 4.612546 1.7037828 1.9608676 2.7732902 -0.008965964 0.0081675425
0 5 0.05697939 0.86784124 2.295468 110.69171 5.0978575 1.8622242 2.0865643 1.7711898 0.08279785 -0.74793154
0 5 0.054992996 34.760426 1.7463953 52.32093 4.311649 1.5056963 1.8678619 3.4910517 -0.01929262 0.035945557
0 6 0.05441405 -27.098692 2.5328283 34.477077 4.4356337 1.6938312 1.9080964 4.784013 0.10034642 0.3381475
0 5 0.05205901 -8.175848 2.5499418 86.63139 4.777691 1.5057939 1.9600803 2.0996094 -0.017541552 -4.3212395
1 5 0.050814882 -2.078715 2.0128212 105.420395 6.2918334 2.2877433 2.2507432 1.6609261 -0.03339462 -2.0132213
3 5 0.3473556 -14.500251 2.21056 27.032814 11.654255 3.557673 2.942066 1.8593409 -0.014251406 1.6063937
3 5 0.14084536 -14.753147 2.009956 27.781534 11.651884 3.583754 2.8978038 1.869684 -0.0076600146 2.2632406
3 5 0.09766064 -11.0388155 2.2337677 30.142675 11.240496 3.1601222 2.65066 4.401486 0.008460674 1.7151399
3 5 0.09489836 -14.10268 1.9808702 25.978683 11.669115 3.3242073 2.9024677 1.8384691 0.071190074 2.1078432
3 5 0.07821542 -12.651817 1.8963895 37.458935 12.494789 3.2606213 2.8737462 4.7837133 -0.0059555415 1.4084076
3 5 0.07361267 25.92292 1.1830328 142.47153 12.609614 3.1126003 3.0419395 4.8493886 0.006711237 4.7036757
3 5 0.06658671 -13.111598 1.6604325 41.19258 12.020752 3.3935854 2.9506674 4.701594 0.023035655 1.5433606
3 5 0.06605932 -12.735727 3.5746865 24.681288 12.096528 3.0876353 2.9035316 5.083648 0.064744614 0.04470315
3 5 0.06340878 -18.855042 2.4459438 24.502527 9.330045 2.7248323 2.6911373 1.7026299 -0.0077722343 0.82189983
3 5 0.06235429 -13.058954 1.7559757 35.96267 11.6636715 3.45626 2.8638659 4.2432494 -0.0133062415 2.4682274
3 5 0.06097358 -15.446295 2.093508 28.369862 12.121715 3.15755 2.7675352 1.6835814 -0.0059597027 3.6346514
3 3 0.05594891 -6.6076584 1.827414 15.931179 0.78267175 1.7249917 0.6726149 3.630562 0.14963672 0.40220138
3 5 0.0535511 -15.510709 2.136981 28.190907 11.850828 3.1685195 2.7490332 1.8481187 -0.00068142824 3.2481616
3 5 0.052561343 -11.5984 1.5527523 28.766039 6.8909183 3.175932 1.8933158 4.193113 0.045557506 3.2838974
3 5 0.051986046 -16.5626 2.2984877 30.77143 12.015433 3.1110268 2.721198 5.006921 0.013787344 2.345946
3 5 0.05188659 -12.773154 1.7704291 40.62799 12.055696 3.4240105 2.953934 4.5950813 -0.013679483 1.7237358
3 5 0.05188645 -19.11326 2.173338 23.634584 7.974011 2.576039 2.531432 1.6179087 -0.042842515 0.79956657
3 5 0.051420286 26.339605 1.1619874 147.08206 12.571423 3.0911322 3.0776927 4.867288 -0.03352382 5.6182947
7 2 0.43095767 -7.0192285 2.0620549 17.10212 0.7752403 1.7662188 0.74097586 3.5799592 0.2850396 0.2250584
7 3 0.30558574 -7.197938 2.0989647 17.558445 0.7529181 1.7065825 0.6694681 6.4974217 0.21379785 0.33489522
7 3 0.24144386 -6.963134 2.0405786 17.015554 0.7356007 1.7455027 0.7483025 3.7596896 0.16136546 0.09830747
7 3 0.20923212 -7.074181 2.0754027 17.291094 0.74783033 1.7183875 0.6892648 6.457105 0.20532738 0.2848127
7 2 0.16765577 -7.045345 2.096491 17.10671 0.7777891 1.7995161 0.72176284 3.9626448 0.14653203 0.07496493
7 2 0.12173577 -7.2426376 2.1287408 17.593597 0.74468124 1.7224712 0.67114615 3.7209966 0.26870033 0.39564195
7 3 0.110210024 -6.6076584 1.827414 15.931179 0.78267175 1.7249917 0.6726149 3.630562 0.14963672 0.40220138
7 3 0.10954222 -6.463093 1.845129 15.963992 0.7106353 1.7863054 0.6083893 6.6531844 0.1983479 0.17014095
7 3 0.105674505 -7.922661 2.1956074 19.29931 0.7580484 1.6271394 0.7031327 4.817989 0.023809517 0.07021058
7 3 0.08667836 -7.808848 2.1610265 18.926548 0.7415307 1.6128185 0.6925061 4.9745483 0.05130726 0.12314802
7 2 0.06497016 -6.748581 2.00385 16.569134 0.76870173 1.7965134 0.72919345 4.96061 0.2569172 0.34518385
7 2 0.0631899 -6.894443 2.0002303 16.721415 0.73346245 1.7923961 0.70356935 4.668033 0.3199416 0.2509023
7 3 0.05929501 -8.089742 2.2455652 19.833935 0.7532403 1.6415908 0.71556455 4.3441267 -0.0057463376 0.03828532
7 2 0.051504567 -6.870811 2.0160172 16.658289 0.7727895 1.7761315 0.7130413 4.2200065 0.31375015 0.5395802
8 8 0.058493316 21.44194 1.8466597 28.297478 1.4680493 0.94704914 0.5027878 2.2951167 -0.0409588 -0.008288177
8 8 0.058012515 21.667612 1.8800879 28.58064 1.4881241 0.9382594 0.5178985 2.454679 -0.023750765 -0.048980426
