0 5 0.3907778 27.079248 1.620297 44.50113 4.5354505 1.5655584 1.9157598 3.5125751 -0.0061603663 -0.08915941
0 5 0.20887356 26.61766 1.5838966 43.79439 4.5039372 1.5430954 1.9125849 3.5368392 0.013992725 0.003885949
0 5 0.17005754 26.926815 1.579335 44.359955 4.549867 1.5723966 1.9281906 3.4638295 -0.04617312 -0.76514274
0 5 0.16104922 26.904171 1.6035138 44.157852 4.553847 1.5414978 1.9079694 3.5345576 0.0034852047 -0.012765466
0 5 0.15885241 -7.9366317 2.6102965 84.56295 4.709759 1.4730078 1.9345057 2.214498 -0.039928973 -5.211781
0 5 0.14886385 27.813698 1.5846703 45.643745 4.553169 1.5644797 1.9285071 3.4890733 0.036994398 0.0012956113
0 5 0.1228637 26.425507 1.5708402 43.512848 4.51598 1.5498557 1.9136398 3.4792404 -0.048847735 -0.0544167
0 5 0.11848811 -4.565792 2.5501142 93.40683 4.7238345 1.5504733 1.9705501 1.8919967 -0.045336507 -5.2595487
0 5 0.1036286 29.813559 1.7273808 48.806202 4.3147573 1.5384485 1.8493154 3.4800448 -0.038804486 0.021339074
0 5 0.10342464 41.191475 0.31947476 48.56267 4.2702 1.6709054 1.8554851 5.771069 0.095870554 5.923688
0 5 0.09703906 27.579226 1.6212492 45.21742 4.5583405 1.5315347 1.9125103 3.5031276 0.018971032 0.009266414
0 5 0.09585771 0.31957603 2.3759277 110.31602 4.948783 1.8353525 2.0567071 1.7973415 0.051520772 -0.8669098
0 5 0.09388606 27.30776 1.5501243 44.9431 4.5552635 1.5793369 1.9300919 3.4434896 0.011476066 -0.022118727
0 5 0.08960298 -0.15064725 2.2170148 111.3473 4.888523 1.8151305 2.0516796 1.739498 0.006697625 -1.8734905
0 5 0.088585176 29.663218 1.7636261 48.47144 4.285437 1.5506676 1.8427777 3.5155625 -0.08323499 0.020543672
0 5 0.08521884 42.11876 0.2886876 49.370922 4.2881465 1.6712834 1.8541914 5.7948637 0.06633902 5.8532577
0 5 0.08269552 -1.9720699 2.039329 104.24464 5.1374583 1.8834666 2.0850995 1.6499014 -0.043794505 -2.4209697
0 5 0.0803725 -8.006465 2.5926714 85.373985 4.7607336 1.482478 1.9602137 2.1778057 -0.0066560945 -4.9349737
0 5 0.07852276 -3.081698 2.3342428 96.25907 4.9993153 1.7193515 2.0291953 1.6827415 -0.058807753 -2.873486
0 5 0.0769124 28.938375 1.6893717 48.078526 4.375277 1.5255203 1.8724018 3.4260676 -0.04400985 -0.013110362
0 5 0.07432079 -4.4243846 2.5271502 92.85528 4.763728 1.5752015 1.9767895 1.8421652 -0.08051492 -4.1390104
0 5 0.073618665 -4.5715117 2.5520637 92.12327 4.669328 1.5338665 1.9630013 1.8978221 -0.09058709 -5.475903
0 5 0.073217176 -4.659446 2.5492687 93.0125 4.714056 1.5306541 1.9593974 1.9533552 -0.04813318 -5.625367
0 5 0.07126882 28.43814 1.7430196 47.101013 4.3707094 1.5573587 1.8785945 3.4914365 -0.011603766 -0.0015237164
0 5 0.06948496 43.671387 0.25983083 51.913322 4.6225643 1.6779294 1.9671444 5.8414745 -0.022839956 3.067234
0 5 0.062592514 41.387646 0.30646622 48.840332 4.3106747 1.6549904 1.8602403 5.7520237 0.08228455 6.152455
0 5 0.06162549 -7.57682 2.5811098 86.54353 4.756558 1.4702705 1.9540912 2.1723046 -0.015647816 -5.6701794
0 5 0.061368264 43.209396 0.0595752 51.64777 4.671558 1.6723769 1.9748607 5.8485684 -0.019531535 2.6978712
0 5 0.06088022 -20.823132 1.8950509 68.6016 4.4729753 1.6538424 1.912266 4.4742417 -0.015759906 9.742582
0 5 0.0604526 -8.012627 2.5574155 85.741776 4.771197 1.4729385 1.974322 2.2433703 0.010974215 -5.259439
0 5 0.060267594 44.16959 0.22903955 51.432766 4.662169 1.6921735 1.9619792 5.8771324 -0.0071398206 4.6595707
0 5 0.060162388 -8.073858 2.6346958 84.93165 4.6675916 1.4988631 1.9311832 2.1347597 -0.033320263 -4.6353874
0 5 0.059785698 40.869812 0.32930398 48.495102 4.304387 1.6488186 1.8501003 5.716049 0.08791636 5.7942348
0 5 0.059348308 -21.077019 1.8160539 68.882706 4.4802537 1.6422673 1.9111799 4.433345 -0.02478394 10.269258
0 5 0.05870828 0.7150866 2.3911903 108.76198 4.862044 1.7854694 2.041924 1.7907028 0.07552445 -0.49258652
0 5 0.05523001 0.098362595 2.2698789 110.82955 4.8668733 1.7442609 2.0429735 1.7734152 -0.041551754 -0.50421906
0 5 0.055215396 42.484737 0.28726196 49.811356 4.3293867 1.658226 1.8658011 5.7831235 0.071355835 5.643248
0 5 0.054934256 30.456446 1.538111 48.93554 4.4645305 1.6170841 1.9007568 3.3510337 -0.030461181 0.5734038
0 5 0.0546747 -3.432319 2.4266782 95.59523 4.923572 1.6692574 2.008698 1.7183996 -0.015373725 -3.7602649
0 5 0.05457622 30.202152 1.5592277 49.352116 4.350268 1.5106325 1.8496546 3.5353765 -0.0097610485 7.5357035e-05
0 5 0.053969674 44.667305 0.0041090846 52.136227 4.7468996 1.7025474 1.9786657 5.8580112 0.0036758073 4.914239
0 5 0.053627558 43.836678 0.24282831 50.787888 4.276779 1.6684248 1.8483083 5.819348 0.019644728 5.630441
0 5 0.05350254 44.800724 0.30020833 52.908817 4.6218987 1.6925789 1.9835331 5.878685 -0.012069875 3.210273
0 5 0.053267725 45.017227 0.27923226 54.041874 4.5774627 1.7078725 1.9683377 5.9050717 -0.014718217 3.2785957
0 5 0.050753206 -20.592253 1.940517 67.78882 4.509801 1.6765883 1.9232262 4.465537 -0.045007866 8.398839
0 5 0.050688747 -0.19296327 2.2315369 111.833275 4.8945613 1.7870913 2.038041 1.6996706 -0.054828353 -1.7055088
1 5 0.053312693 -1.9720699 2.039329 104.24464 5.1374583 1.8834666 2.0850995 1.6499014 -0.043794505 -2.4209697
3 5 0.08816077 24.429106 1.2431824 136.5556 12.511441 3.0118792 3.038431 4.838798 0.004690027 3.2375343
3 5 0.07013753 24.818888 1.2158731 140.56206 12.393987 2.939047 3.0717402 4.841153 -0.031017788 3.7606072
7 3 0.44946417 -7.31377 2.073261 17.594925 0.7078986 1.7121521 0.6823177 6.0718317 0.3276933 -0.042627
7 3 0.26108646 -7.261286 2.0820858 17.432137 0.6976762 1.7138926 0.6578667 6.10371 0.23317085 -0.041278996
7 3 0.2234546 -7.399904 2.112225 17.704357 0.7077928 1.7095551 0.6445824 6.1808662 0.2745067 0.0043013487
7 3 0.1411436 -7.3645244 2.0736046 17.758867 0.6711341 1.7067213 0.68756586 6.0723333 0.25693303 -0.002036292
7 3 0.109318055 -7.7887654 2.1805823 18.827656 0.76921946 1.664083 0.67785347 6.081233 0.16844754 -0.03184139
7 3 0.08645419 -7.7205753 2.0575979 18.560678 0.7667617 1.6460997 0.64985156 5.9988723 0.10379416 -0.008144986
7 3 0.086045355 -7.9734797 2.2165117 19.285019 0.75354886 1.6600472 0.6645967 6.1569905 0.1377745 -0.031227436
7 3 0.076825455 -7.303284 2.0359764 17.503998 0.6269645 1.7688266 0.6070645 5.9202476 0.2175727 -0.044628814
7 3 0.07401874 -7.903766 2.1058583 19.01699 0.82408607 1.668583 0.6737909 6.0606365 0.17225727 0.037596237
7 3 0.067188285 -7.1922855 2.018121 17.262508 0.6328761 1.7869848 0.6229531 5.9329796 0.15695281 -0.010365092
7 3 0.056016624 -7.437596 2.0656188 17.861486 0.71963626 1.7282945 0.6611384 5.9644976 0.29928184 -0.044978574
7 3 0.054871645 -7.631703 2.223741 18.012983 0.5997577 1.7648774 0.58766013 5.7291307 0.19462994 0.24539867
7 3 0.052998148 -7.1337724 2.0950367 17.100697 0.70977277 1.7086704 0.6474349 5.978195 0.20352292 0.03414648
8 8 0.067030184 22.645039 1.8281555 29.737421 0.37836942 0.6662153 0.39700183 5.972361 -0.0665807 -0.033563785
8 8 0.063050084 22.508778 1.8219283 29.503561 0.38816735 0.6667351 0.43432367 5.873532 -0.039458826 -0.036876388
8 8 0.061699867 22.399324 1.7543681 29.402225 0.3949513 0.6585382 0.39242113 5.766146 -0.038910925 -0.015310749
8 8 0.058273043 22.603102 1.7726283 29.725462 0.38330472 0.6627162 0.37028655 5.859643 -0.081867 -0.01897189
