0 5 0.38512522 26.77468 1.601455 44.00699 4.510091 1.5677128 1.9083971 3.5320873 -0.012396963 -0.07268108
0 5 0.19903588 26.307907 1.557545 43.289146 4.4781613 1.5423846 1.9058427 3.5302 0.011279946 0.004247319
0 5 0.16707684 -7.966995 2.624931 85.09205 4.6939893 1.4804224 1.9339268 2.2728803 -0.040719867 -5.0364656
0 5 0.15969965 26.654318 1.5837758 43.7595 4.5327816 1.5438774 1.9051876 3.5501657 0.0024010856 -0.012436639
0 5 0.15105551 27.592329 1.5711745 45.27513 4.533406 1.5701323 1.921474 3.5200891 0.0351727 0.00074566714
0 5 0.12390675 -4.593123 2.5654907 93.651535 4.710738 1.5588498 1.9721385 1.9158099 -0.048049554 -5.2540746
0 5 0.120867 26.143032 1.5434163 43.044376 4.485725 1.5525177 1.9063845 3.4825733 -0.05204925 -0.13364238
0 5 0.1023726 29.531088 1.6867235 48.377033 4.324512 1.5552927 1.8504078 3.479014 -0.044670783 0.020717937
0 5 0.09812623 41.113262 0.30989957 48.466507 4.2605677 1.6760573 1.8554202 5.7831573 0.08540099 5.3271832
0 5 0.097374305 0.40970686 2.3468454 110.91389 4.9953275 1.8582371 2.0639954 1.8416913 0.05167511 -1.499947
0 5 0.097242266 27.03927 1.5376966 44.498276 4.532423 1.5859069 1.9233255 3.4656081 0.0008007828 0.010898106
0 5 0.09665314 27.286922 1.6100025 44.753433 4.543552 1.5381241 1.9088614 3.5340595 0.009428823 -0.0010165535
0 5 0.0879657 29.384928 1.7537297 48.059284 4.2915335 1.5619847 1.844348 3.5195358 -0.08319569 0.016237281
0 5 0.08722735 -0.023184467 2.1948037 111.53818 4.8843117 1.8197787 2.049674 1.7847446 0.009591596 -2.2689059
0 5 0.084117986 -8.055934 2.6047726 86.034355 4.749898 1.4858012 1.9612482 2.2192144 -0.006624262 -4.7821283
0 5 0.08160279 42.0851 0.2795784 49.32733 4.2754884 1.677069 1.8533459 5.8055096 0.055106595 5.073377
0 5 0.08033629 28.708998 1.6803267 47.735115 4.3593326 1.5290525 1.8636353 3.4231286 -0.04712314 -0.0135816615
0 5 0.077176996 -4.6059413 2.5698454 92.23615 4.650188 1.5406417 1.9628358 1.9187654 -0.09484149 -5.5982833
0 5 0.075371 -4.4669094 2.5461807 92.9335 4.7473326 1.5785978 1.9769642 1.8717694 -0.082596935 -4.2368093
0 5 0.075246945 -3.242512 2.3945484 95.79459 4.9423366 1.6931521 2.0163975 1.7223163 -0.056733213 -3.0161893
0 5 0.075099245 -4.6611567 2.5652957 93.29363 4.698944 1.5395821 1.9598703 1.9842914 -0.050510198 -5.550577
0 5 0.07506227 -1.9946349 2.0658069 103.83431 5.108476 1.8788018 2.077704 1.6843822 -0.041549295 -2.469904
0 5 0.07186395 28.255125 1.7399676 46.775043 4.370382 1.5663384 1.8760492 3.5023477 -0.023599435 0.0024153516
0 5 0.06931532 43.52683 0.2501819 51.77983 4.6086655 1.6860151 1.9687473 5.8414345 -0.007851942 2.092464
0 5 0.064161435 -7.6281295 2.6058288 87.00622 4.7397695 1.4766759 1.9557371 2.1951885 -0.017469577 -5.5794644
0 5 0.06394628 -8.064791 2.5798774 86.43886 4.7606497 1.4764677 1.9767579 2.2805455 0.009850057 -5.1228437
0 5 0.06327908 0.8098118 2.362802 109.50159 4.8800435 1.8007524 2.047798 1.823467 0.07092204 -1.1942252
0 5 0.061314452 -8.081343 2.6417258 85.31905 4.6555867 1.5044249 1.9296335 2.1825085 -0.034479722 -4.43072
0 5 0.061230313 43.105003 0.04475975 51.559753 4.662527 1.68092 1.9741105 5.853233 -0.0033567203 1.7690603
0 5 0.061190315 -20.809319 1.8730087 68.76843 4.4642467 1.6508963 1.9134107 4.4623985 -0.020889364 9.84937
0 5 0.05961534 -21.110014 1.8064315 69.039925 4.471878 1.642801 1.9121045 4.4177527 -0.026364725 10.275349
0 5 0.059511032 43.804775 0.21559739 50.99589 4.6727705 1.7059824 1.964099 5.878543 -0.0039981278 3.6437793
0 5 0.05716201 41.287453 0.29318947 48.710056 4.3003206 1.6571267 1.8596095 5.762238 0.07278823 5.615275
0 5 0.056202937 30.096056 1.4965239 49.151333 4.339905 1.5127144 1.8413811 3.541957 -0.008760053 0.003594013
0 5 0.055470344 44.5801 0.29264438 52.770588 4.615711 1.6973499 1.9832817 5.8806195 -0.0071418323 2.2897735
0 5 0.054665662 40.776333 0.31205142 48.382977 4.295965 1.6499104 1.850112 5.722175 0.08148117 5.043934
0 5 0.054643348 0.17909893 2.2594268 111.27171 4.864074 1.7481625 2.0410504 1.8163803 -0.04387638 -0.95754874
0 5 0.05442591 44.859505 0.27053934 53.847 4.568484 1.7117529 1.9674377 5.909922 -0.01202907 2.5700092
0 5 0.05399558 44.3667 -0.012418866 51.782364 4.750032 1.7182139 1.980021 5.861198 0.01848075 3.9463391
0 5 0.05388441 -3.5648491 2.4595816 95.327896 4.885779 1.6603755 2.0057328 1.7597054 -0.016797451 -3.9334075
0 5 0.052831538 30.158623 1.5062518 48.459087 4.503486 1.6585066 1.9138516 3.3593936 -0.032278076 0.50545985
0 5 0.052651204 43.858887 0.23504138 50.791092 4.2666225 1.6688249 1.8470768 5.8336463 0.018403495 4.881431
0 5 0.05211381 -20.652914 1.9252267 68.25944 4.5066614 1.6743771 1.9244487 4.454905 -0.043244682 8.259571
0 5 0.05184987 42.412197 0.27652007 49.7105 4.317529 1.6617471 1.8646159 5.792716 0.058690958 4.908776
3 5 0.101255044 24.151812 1.2328963 135.6211 12.539581 2.9947915 3.050311 4.829229 0.00883803 3.2961018
3 5 0.09313763 24.467535 1.2122875 139.25967 12.405425 2.9180682 3.0790124 4.833999 -0.026413023 3.759931
7 3 0.45106667 -7.2995834 2.0747092 17.57595 0.71114755 1.7162206 0.6818398 6.0819354 0.31127137 -0.04351667
7 3 0.25956568 -7.2632723 2.0872476 17.441895 0.7009932 1.7193211 0.6604948 6.118783 0.22586547 -0.045695595
7 3 0.22509013 -7.4157357 2.116931 17.744108 0.70755076 1.714437 0.64766324 6.179946 0.264562 0.00511015
7 3 0.1492735 -7.3460693 2.0754652 17.742083 0.67061865 1.7104559 0.68900657 6.074057 0.23940773 -0.0056453105
7 3 0.14457163 -7.2198925 2.0491517 17.383947 0.69042784 1.7136921 0.63659436 6.0526443 0.28347418 0.01627415
7 3 0.10459259 -7.7582097 2.173806 18.759611 0.76611906 1.6667707 0.6765693 6.062874 0.16082291 -0.036304973
7 3 0.086761236 -7.687904 2.0462968 18.491333 0.75404507 1.6490496 0.6520309 6.0143714 0.09031945 -0.02050783
7 3 0.08515587 -7.9399486 2.2088618 19.218689 0.75212663 1.6630683 0.6625564 6.140383 0.1297126 -0.033657644
7 3 0.07894715 -7.292458 2.0260777 17.455019 0.6336173 1.7661823 0.6152285 5.9440117 0.21950862 -0.047785494
7 3 0.0753774 -7.8790407 2.0999684 18.963036 0.80784285 1.6742829 0.6675945 6.058723 0.13792853 -0.006569855
7 3 0.067982845 -7.119535 2.0005598 17.05084 0.6409436 1.783298 0.63402426 5.952652 0.14748956 -0.014317609
7 3 0.056485426 -7.4191394 2.0620399 17.825308 0.7259281 1.7352365 0.6621704 5.942522 0.30116957 -0.05402507
7 3 0.05624661 -7.560304 2.2096758 17.8087 0.5974362 1.7633609 0.5921509 5.7334857 0.19315025 0.23106378
7 3 0.055074282 -7.164189 2.102732 17.241163 0.73183316 1.7156576 0.6323049 6.008957 0.18540631 0.0077589974
8 8 0.06838514 22.657503 1.8196583 29.754845 0.38985386 0.65265965 0.41224277 5.904314 -0.07935864 -0.034777276
8 8 0.062667616 22.503643 1.8124354 29.506676 0.3940658 0.65272087 0.44653776 5.788956 -0.0465756 -0.034584
8 8 0.05959213 22.44849 1.7465248 29.466986 0.4053521 0.64918965 0.40727192 5.6756697 -0.042795427 -0.011781135
8 8 0.057019774 22.6612 1.7689269 29.802677 0.3989766 0.6518487 0.38614917 5.7719483 -0.08447361 -0.01756242
