0 5 0.36505464 28.02343 1.5727055 45.663784 4.5553064 1.5698254 1.9169946 3.4987152 -0.011821374 -0.0016104095
0 5 0.19835506 27.679874 1.596281 45.132633 4.5665116 1.5398197 1.9054625 3.5053008 -0.00853893 0.0038897563
0 5 0.19181058 27.557522 1.5220833 44.836346 4.5163536 1.5325902 1.9133384 3.538268 0.017719245 0.0038417112
0 5 0.15349597 -8.03334 2.575622 85.272194 4.7164555 1.4846187 1.9329305 2.342455 -0.04100786 -4.8220916
0 5 0.15306692 28.613693 1.5546374 46.59633 4.579448 1.5721749 1.9330354 3.4892142 0.01844435 0.0008922275
0 5 0.12044051 28.315233 1.5715353 46.100536 4.5759683 1.5363884 1.9238261 3.518375 0.014583146 -0.00768782
0 5 0.10483298 -4.599267 2.5714002 94.93234 4.7270503 1.56258 1.9783645 1.9078109 -0.04825767 -5.3039455
0 5 0.098441966 41.868866 0.2988512 49.349583 4.2541647 1.6673195 1.8528622 5.785 0.081122175 5.057474
0 5 0.09768982 0.26858655 2.3065379 112.19653 5.1224413 1.9120241 2.102893 1.7927226 0.051603094 -2.499509
0 5 0.09226208 -0.0286454 2.177076 112.2722 4.941851 1.875688 2.0709689 1.7231078 -0.002548838 -2.3078687
0 5 0.0797587 -1.9781053 2.0844922 104.640816 5.1052494 1.8953178 2.0845182 1.628883 -0.03569511 -2.460283
0 5 0.07933167 42.81988 0.25840253 50.19474 4.2722936 1.670662 1.853255 5.8072357 0.052900136 5.0764923
0 5 0.077217065 41.837677 0.30332416 49.58369 4.267314 1.6613271 1.8556217 5.7495127 0.10760162 4.531299
0 5 0.07523801 -3.1491792 2.4176853 96.94796 4.9495606 1.7022861 2.0251794 1.6733485 -0.055770725 -2.8936665
0 5 0.07209927 31.66228 1.7399925 51.547153 4.3522677 1.5173844 1.8643129 3.4655607 -0.051486418 0.023835074
0 5 0.06798069 -8.0957575 2.5406802 86.146065 4.77317 1.4914119 1.9656632 2.2242188 -0.013664499 -4.6684914
0 5 0.0675893 -4.5102873 2.56288 93.8921 4.7568264 1.581295 1.9832222 1.8944027 -0.07754719 -4.188763
0 5 0.067351565 -4.626259 2.5833256 93.39899 4.6704783 1.543322 1.9724901 1.9411138 -0.08944779 -5.513124
0 5 0.06722158 44.84454 0.23159808 53.430733 4.5868382 1.6790507 1.9582845 5.8679686 -0.009619389 1.8640122
0 5 0.064532496 31.048285 1.7670804 50.55154 4.3041263 1.5300767 1.8470235 3.4987037 -0.07778721 0.020214569
0 5 0.06057111 30.803879 1.6930511 49.522408 4.367241 1.5507218 1.8785648 3.42968 -0.0021636253 0.006089162
0 5 0.060403243 -8.129477 2.5789216 85.6124 4.6711483 1.5046399 1.9247409 2.2577782 -0.037485436 -4.134681
0 5 0.05921097 44.254883 0.04216343 52.955097 4.627861 1.669475 1.9659528 5.8795185 -0.008271415 1.5148259
0 5 0.057923134 41.43594 0.30466068 49.169075 4.29246 1.6444373 1.8523993 5.7219934 0.088070676 4.7825003
0 5 0.055333048 0.63245344 2.3053303 110.87465 4.9749703 1.8539224 2.0837986 1.7502644 0.065121464 -1.9498035
0 5 0.055235602 -7.6407127 2.5708785 87.43213 4.7620544 1.485024 1.9614948 2.1782665 -0.012373272 -5.6662693
0 5 0.054012727 42.907734 0.24076217 50.484776 4.278533 1.6691546 1.861733 5.789952 0.048302315 5.9115224
0 5 0.05396915 45.161316 0.19390607 52.629993 4.632794 1.6856483 1.9553827 5.9044447 -0.00035708025 3.145774
0 5 0.053544763 -3.5037954 2.477888 96.65053 4.8836083 1.6695032 2.010464 1.7198874 -0.016835608 -3.8214614
0 5 0.053362116 -32.594566 3.3486605 40.572254 4.547673 1.7174304 1.9586133 4.766061 0.009533346 0.0156136565
0 5 0.05308606 0.04690053 2.238782 112.85101 4.8745284 1.7858424 2.0530138 1.7459936 -0.03641425 -1.5788134
0 5 0.052245438 44.59086 0.20893764 51.633625 4.2738295 1.6687942 1.8501241 5.82753 0.009255728 4.6679697
0 5 0.051928647 -33.236027 3.4121504 42.172108 4.438258 1.6672231 1.9421927 1.7940829 0.024882661 -0.0007562842
0 5 0.050751615 42.504635 0.24970043 50.803787 4.2988605 1.6592504 1.8631985 5.746613 0.07415511 3.8451216
0 5 0.050676487 -21.271336 1.850572 69.62721 4.4914136 1.6767242 1.922993 4.4039598 -0.013920605 8.979051
0 5 0.050434217 -33.285866 3.282049 43.18611 4.43478 1.6463867 1.9454666 2.015028 0.03138203 0.0016084369
0 5 0.05028857 45.982323 0.26922184 54.316757 4.591417 1.6906551 1.9728969 5.907213 -0.0070083756 2.0839493
1 5 0.05152075 -0.0286454 2.177076 112.2722 4.941851 1.875688 2.0709689 1.7231078 -0.002548838 -2.3078687
1 5 0.05065791 -1.9781053 2.0844922 104.640816 5.1052494 1.8953178 2.0845182 1.628883 -0.03569511 -2.460283
3 5 0.26474756 -16.157125 2.4776883 19.275244 11.256764 3.5198548 2.8826573 1.8240402 -0.13382174 0.17109269
3 5 0.095807135 24.723227 1.270705 137.49884 12.674351 3.04867 3.0318742 4.82039 0.008341242 3.1939232
3 5 0.07247144 25.13633 1.2458557 141.6768 12.520879 2.9923682 3.0639083 4.8270154 -0.03257 3.6582925
7 3 0.38239637 -7.1490602 2.0717056 17.23689 0.72265804 1.7019528 0.67006785 6.125519 0.32840666 -0.04832839
7 3 0.27141935 -7.2132335 2.0788913 17.366491 0.69366777 1.6833657 0.6179647 6.206146 0.2144816 -0.02009718
7 3 0.21164973 -7.13639 2.0872285 17.172506 0.71444815 1.7058163 0.64804447 6.1993713 0.21920793 -0.032629415
7 3 0.17108162 -7.301618 2.11312 17.531214 0.71208423 1.6942259 0.64589393 6.2697687 0.22662994 0.015907928
7 3 0.13758917 -7.257444 2.0788832 17.490417 0.6827299 1.7079579 0.66483116 6.0577374 0.26088983 -0.02045201
7 3 0.10836132 -7.850637 2.20043 18.954361 0.7773678 1.6508216 0.668324 6.2400627 0.100150704 -0.015064688
7 3 0.08178 -7.069407 2.0274978 17.115894 0.5653454 1.7361923 0.55331933 6.0342364 0.18835957 -0.057842407
7 3 0.08004707 -8.051705 2.2301073 19.415483 0.7520284 1.647939 0.65960425 6.2998266 0.076374516 -0.010109633
7 3 0.07849227 -7.8986316 2.0740604 19.004494 0.7659442 1.6260704 0.67509246 6.2886415 0.086032815 0.0034635756
7 3 0.06606301 -7.289508 2.1587195 17.32193 0.55841035 1.7378249 0.5503068 5.701451 0.19198994 0.24635121
7 3 0.064482175 -6.8635345 2.0026426 16.635687 0.55191445 1.7724217 0.56280845 6.0318136 0.1442016 -0.035374247
7 3 0.051323332 -7.226893 2.017702 17.255466 0.7133508 1.6960983 0.6535743 6.018176 0.22537327 -0.023671627
7 3 0.05099393 -7.2377834 2.0281775 17.420204 0.7254927 1.7250831 0.6456124 5.9611673 0.2770486 -0.056782804
8 8 0.052046824 22.166407 1.7962157 29.113611 0.37061572 0.6527559 0.39066508 5.759143 -0.0688794 -0.022218544
8 8 0.05046311 21.88565 1.779081 28.718542 0.37111065 0.64595145 0.41687196 5.7152534 -0.04574437 -0.028730435
