0 5 0.39493865 27.135847 1.6138806 44.502995 4.5162134 1.5665191 1.9094402 3.541567 -0.009151728 0.0032193623
0 5 0.20847347 26.67527 1.5778873 43.803017 4.487084 1.5387491 1.9078907 3.5388193 0.009996025 0.007600276
0 5 0.17252037 26.927746 1.6048081 44.11398 4.5364685 1.5357132 1.9018804 3.5543938 -3.3693388e-05 -0.011939512
0 5 0.15275078 27.841454 1.5741323 45.598816 4.5390353 1.5617614 1.9247392 3.5288336 0.04311475 0.0013666153
0 5 0.14885397 -7.9541 2.5880058 84.57238 4.716284 1.4765655 1.9364691 2.1718044 -0.03671594 -5.4355044
0 5 0.119746186 -4.5728693 2.5472662 93.06764 4.7324214 1.5521057 1.9722589 1.8588808 -0.04219664 -5.59093
0 5 0.10318412 27.596083 1.6143272 45.15976 4.5438 1.528038 1.9111683 3.550324 0.026987908 0.012704991
0 5 0.101898864 40.619564 0.3382309 47.846313 4.2606497 1.667468 1.8548777 5.7666707 0.08712434 5.2862096
0 5 0.09749853 29.780773 1.7415155 48.69993 4.3227177 1.5476425 1.8499048 3.495892 -0.038139172 0.025542554
0 5 0.09233806 0.24708802 2.365373 110.71357 5.0613256 1.8589121 2.073891 1.7522433 0.055471346 -1.2373995
0 5 0.09043746 27.368513 1.5373478 44.943947 4.541445 1.5791073 1.928671 3.4818358 0.011349445 0.02394152
0 5 0.08535463 29.67962 1.7797905 48.44293 4.2904077 1.5562136 1.843272 3.542375 -0.084978536 0.021501247
0 5 0.08527263 41.516315 0.31447953 48.647125 4.274378 1.6661102 1.8525891 5.7895217 0.06132604 5.3150854
0 5 0.08520585 -0.22059317 2.1735535 111.400246 4.96713 1.8379732 2.0649576 1.6955842 0.007625768 -2.2113621
0 5 0.08099766 -2.0210998 2.0169282 104.260345 5.4457855 1.9814073 2.1265833 1.619211 -0.038955253 -2.5600133
0 5 0.08042102 -3.0133631 2.2993588 96.42768 5.0997214 1.7628088 2.0534515 1.6465075 -0.056134872 -2.9935524
0 5 0.07521382 -4.587057 2.547718 91.70213 4.6781073 1.5353689 1.9622794 1.8588349 -0.09008595 -5.916996
0 5 0.07511192 -4.428031 2.5232434 92.44361 4.7727995 1.5744817 1.9758307 1.7968009 -0.08007023 -4.4002757
0 5 0.074790984 -8.026657 2.565613 85.38123 4.7730603 1.4849576 1.9641917 2.145651 -0.008157544 -5.106652
0 5 0.07315848 -4.642635 2.54166 92.56113 4.7263656 1.5352722 1.9605459 1.9106841 -0.045902476 -5.9628177
0 5 0.06829208 42.915817 0.29030484 50.89554 4.6120796 1.6682106 1.9592891 5.8239875 -0.014318073 2.9347546
0 5 0.06686288 28.830761 1.713363 47.811283 4.3918653 1.5373943 1.875037 3.4856226 -0.054415092 -0.016495042
0 5 0.06679125 43.545597 0.2675835 50.672234 4.641724 1.6746893 1.9493898 5.8571477 -0.009238253 4.583404
0 5 0.06604156 28.424202 1.7576189 47.006405 4.3890834 1.5680699 1.8816595 3.5511634 -0.016564379 0.0016719457
0 5 0.06406313 -7.50178 2.5705943 86.57429 4.768172 1.4745108 1.9575145 2.1042407 -0.017324092 -6.0666337
0 5 0.062126342 -21.045097 1.8983419 69.09387 4.536367 1.6746053 1.9256234 4.419711 -0.035895288 9.125444
0 5 0.060033 -8.132406 2.6101794 85.04184 4.6793737 1.4990402 1.9293272 2.1047888 -0.03122948 -4.812657
0 5 0.06001262 -20.873037 1.8887343 68.80094 4.476279 1.6626948 1.9116536 4.459056 -0.002408876 10.204513
0 5 0.059131265 30.404957 1.5511899 48.88565 4.4671917 1.6246283 1.9038026 3.4059653 -0.023545273 0.46446592
0 5 0.058551855 40.216145 0.3427337 47.682636 4.2953277 1.6479343 1.8463542 5.7076607 0.08227367 5.299687
0 5 0.058056362 -7.999317 2.5289197 85.69146 4.7867684 1.4758353 1.9787059 2.2054958 0.010790197 -5.4603257
0 5 0.05754473 43.92977 0.045618415 51.259483 4.7021365 1.678302 1.9617774 5.8388543 0.0024133883 4.8622713
0 5 0.056879405 0.6101107 2.3812857 109.28527 4.9114537 1.8055185 2.051523 1.7767669 0.07681768 -0.7575992
0 5 0.055713225 41.759212 0.30759436 48.927544 4.31193 1.6557066 1.86108 5.7750607 0.06758328 5.0154643
0 5 0.054155897 30.290466 1.5470052 49.451145 4.355039 1.5187958 1.8493221 3.5500236 -0.01251287 0.001390852
0 5 0.05321636 43.139633 0.2715149 49.995213 4.2647867 1.665222 1.8460523 5.8138103 0.015773265 5.074178
0 5 0.05303635 -3.4115355 2.4124408 95.47278 4.979718 1.6884968 2.0161624 1.6771935 -0.012575237 -3.981289
0 5 0.052619874 44.48628 0.3070311 53.359715 4.5588636 1.6980506 1.9585948 5.881777 0.00372928 3.56097
0 5 0.052201267 0.044989932 2.2663603 110.851494 4.8917656 1.7475728 2.0461948 1.7485443 -0.03800702 -0.9488608
0 5 0.05212895 44.19771 0.3263309 52.032116 4.6022005 1.6886914 1.9739116 5.854584 -0.003001064 3.26802
0 5 0.050383527 -20.677116 1.9368175 68.06027 4.5154314 1.6849315 1.9235377 4.4512606 -0.0364985 8.833963
0 5 0.050294474 -18.98235 2.1312761 75.24398 4.53048 1.7062953 1.9494562 4.3853726 0.0021212306 7.5241523
1 5 0.05333437 -2.0210998 2.0169282 104.260345 5.4457855 1.9814073 2.1265833 1.619211 -0.038955253 -2.5600133
3 5 0.0757197 24.360811 1.1910837 136.88638 12.596577 3.0360768 3.025684 4.824721 -0.0017617196 3.3446026
3 5 0.05946095 25.003653 1.1761448 140.10582 12.462248 2.9528768 3.0611606 4.8236966 -0.041652843 3.912147
3 5 0.052190926 -17.43238 0.1341443 60.987137 11.762673 4.931776 2.762734 1.1861765 0.09849487 -0.6929971
7 3 0.43663463 -7.372228 2.0879083 17.719728 0.7085793 1.7099615 0.6817545 6.0239105 0.37860078 -0.03420747
7 3 0.264463 -7.3102064 2.0961547 17.52647 0.6951052 1.7127087 0.65713847 6.056376 0.28651127 -0.03682492
7 3 0.2289219 -7.4526753 2.1305776 17.812712 0.70674103 1.7079778 0.6425443 6.1270027 0.34919187 0.032646064
7 3 0.13941933 -7.3221707 2.0742555 17.59993 0.69549423 1.7101141 0.6324822 6.004015 0.37106246 0.0426355
7 3 0.1352067 -7.415071 2.0908296 17.874676 0.66889703 1.6996847 0.68034023 6.01593 0.28426367 -0.0011744127
7 3 0.112362884 -7.8504925 2.1996713 18.977102 0.7834592 1.666667 0.68662643 6.0855184 0.19667594 -0.045458425
7 3 0.09229304 -8.065563 2.2375982 19.497242 0.75955755 1.6607571 0.6704977 6.1481786 0.17116144 -0.03915339
7 3 0.08862778 -7.843666 2.076144 18.845179 0.7659555 1.6466666 0.66743237 5.98063 0.16289146 -0.026650343
7 3 0.07472818 -7.337156 2.0311353 17.555706 0.6363865 1.7553293 0.6152607 5.887809 0.21888886 -0.0487499
7 3 0.07310899 -7.9788494 2.1317708 19.18296 0.8221566 1.6713073 0.6757432 6.0137873 0.23035596 0.057180442
7 3 0.06499626 -7.1410246 2.0043206 17.122952 0.66106606 1.7757924 0.63900197 5.90338 0.1630171 -0.00960287
7 3 0.06385315 -7.260055 2.116417 17.445246 0.7298512 1.7061498 0.6264546 5.945894 0.23418169 0.0032517426
7 3 0.056964476 -7.2180824 2.1072285 17.278406 0.71414083 1.7055293 0.6441588 5.939935 0.2423767 0.030440576
7 3 0.0562761 -7.590964 2.205935 17.910595 0.6092412 1.7608012 0.5974411 5.740937 0.22720541 0.2422046
8 8 0.06929047 22.482735 1.8238593 29.537725 0.40022713 0.64272743 0.42617002 5.754106 -0.0798929 -0.02828239
8 8 0.06808518 22.339628 1.7573385 29.332073 0.41756365 0.63895464 0.42365605 5.573734 -0.036175672 -0.013903869
8 8 0.06641494 22.433529 1.7702893 29.515368 0.4069729 0.6422972 0.3961076 5.630816 -0.086692624 -0.01752781
