0 5 0.38538086 26.93117 1.6264836 44.27093 4.519645 1.5590703 1.910349 3.540883 -0.008243104 -0.019587358
0 5 0.21399471 26.51405 1.6013255 43.63858 4.486436 1.5367546 1.9064035 3.5379772 0.014248373 0.0049178135
0 5 0.16062877 26.788095 1.6090657 43.971527 4.5379076 1.5354127 1.9037386 3.5560572 0.007272912 -0.008024574
0 5 0.15817595 -8.1607 2.5962517 85.61586 4.730287 1.4730774 1.9371514 2.1266704 -0.035314996 -5.377717
0 5 0.14827551 27.655634 1.5835607 45.409344 4.542466 1.5558845 1.9237334 3.5351508 0.036758654 0.0016127322
0 5 0.1267698 26.339754 1.5850718 43.391876 4.501004 1.5415009 1.9091228 3.4851155 -0.041229002 -0.14999828
0 5 0.119604215 -4.5897098 2.5703092 93.73365 4.73216 1.5560532 1.9702715 1.7975721 -0.04612921 -5.9091473
0 5 0.10476921 0.33129665 2.4144242 112.604935 5.03354 1.8488864 2.0781121 1.7586675 0.06622343 -1.8902544
0 5 0.10269476 29.84683 1.7675782 48.84892 4.313791 1.5393364 1.8504834 3.490848 -0.036111183 0.026248332
0 5 0.0971412 27.385435 1.6159613 44.896545 4.5461426 1.5247002 1.9092917 3.5505857 0.02249674 0.01132004
0 5 0.096728705 41.334026 0.31366575 48.679092 4.263136 1.6727798 1.8545868 5.779922 0.08818109 5.1941624
0 5 0.09375504 27.204382 1.5464427 44.783043 4.539927 1.5707084 1.9238204 3.4903793 0.0135164205 -0.02984645
0 5 0.091135114 29.613232 1.7831345 48.399876 4.280718 1.5526727 1.8423053 3.5325515 -0.08630212 0.018150326
0 5 0.08757434 0.044133183 2.2259057 112.961 4.901236 1.8149495 2.0509372 1.7214818 0.014707768 -2.569009
0 5 0.08293352 42.248688 0.28573447 49.490185 4.275996 1.6719877 1.8523272 5.801354 0.06492212 5.135974
0 5 0.07637353 -4.598502 2.5753467 92.19732 4.677059 1.5413116 1.9606335 1.8001547 -0.08697678 -6.031684
0 5 0.07610618 -4.4740543 2.5450869 92.73492 4.7698216 1.5716178 1.9698331 1.7633462 -0.08221996 -4.6202936
0 5 0.07413699 -1.9035695 2.076304 104.86688 5.239771 1.8937916 2.0855083 1.6371373 -0.041451655 -2.5608375
0 5 0.07410148 -8.225729 2.5755002 86.49394 4.77418 1.4851263 1.9638171 2.1028426 -0.009573865 -5.065713
0 5 0.07349214 28.717115 1.7056478 47.697655 4.395934 1.5380437 1.8880012 3.4901733 -0.049872227 -0.01210762
0 5 0.07342741 41.266914 0.31284958 48.88403 4.2719274 1.6642395 1.8531289 5.7476716 0.11081337 4.811357
0 5 0.073112935 -3.2755313 2.4165547 95.70542 4.938503 1.6705027 2.0092134 1.6498826 -0.055457443 -3.2438192
0 5 0.07094587 28.371584 1.7524393 46.988766 4.3676105 1.5615866 1.8808742 3.5417666 -0.015525797 0.003240196
0 5 0.07016101 43.674873 0.24650538 51.802143 4.6115856 1.6763595 1.9622316 5.856014 -0.009555347 2.3864033
0 5 0.06922667 -8.30892 2.607638 85.922844 4.695074 1.4940654 1.9323418 2.0646305 -0.036414977 -4.8647475
0 5 0.06764549 -20.731009 1.8831239 67.91568 4.5190845 1.664501 1.9162862 4.431981 -0.04133722 9.579282
0 5 0.06592133 -20.924133 1.838546 68.45997 4.471132 1.6430436 1.9006413 4.4317684 -0.020857865 10.836054
0 5 0.064843334 -20.635687 1.8962369 68.17967 4.4652734 1.6497322 1.9019705 4.4745045 -0.010949198 10.391983
0 5 0.062457755 43.202812 0.04316783 51.55776 4.66815 1.6732708 1.9669862 5.861151 -0.006112568 2.0387452
0 5 0.06140567 43.981018 0.2124986 51.16582 4.6629353 1.6892704 1.9571302 5.887558 -0.0019364562 3.7518134
0 5 0.060411844 0.5806217 2.4235783 111.610054 4.904642 1.7855816 2.0609567 1.7202984 0.08518994 -1.2369511
0 5 0.05950667 -7.574455 2.5761747 87.82745 4.7722597 1.4742193 1.9550959 2.0605607 -0.017898194 -6.0963645
0 5 0.056748547 44.853615 0.2921855 52.913094 4.6114345 1.6919488 1.9745704 5.8913827 -0.004430956 2.616247
0 5 0.056374226 -20.421288 1.9181161 67.3638 4.496578 1.6655222 1.911965 4.4661365 -0.041471917 9.015249
0 5 0.05522161 30.426842 1.593052 48.921444 4.4339204 1.6096419 1.9000435 3.4113488 -0.026419712 0.4015681
0 5 0.0549344 -8.172352 2.5491128 86.9067 4.785134 1.478728 1.9759927 2.157948 0.0027992055 -5.409019
0 5 0.054698642 45.052326 0.26780617 54.077682 4.564124 1.7012025 1.957266 5.9231844 -0.0041109053 2.6982276
0 5 0.05414796 40.87818 0.3108735 48.47731 4.299802 1.6471572 1.8491063 5.717718 0.08862484 5.2051344
0 5 0.053822003 44.534657 -0.009696305 51.936844 4.7457886 1.7040808 1.9734362 5.8684554 0.015997978 4.040949
0 5 0.05372038 30.244131 1.6128063 49.39846 4.379281 1.5295441 1.8618345 3.5480278 -0.008743284 -0.00030391663
0 5 0.053577587 43.940105 0.24759334 50.902622 4.263361 1.6646423 1.8461525 5.829588 0.024041964 4.6728234
0 5 0.053290684 -3.6072142 2.4754486 95.252884 4.926775 1.6536249 2.006137 1.6830084 -0.012111381 -4.2324824
0 5 0.052734006 42.573498 0.27565157 49.86278 4.316032 1.6566292 1.8627357 5.787665 0.06731472 4.859486
0 5 0.052503414 -18.807827 2.1516993 74.95767 4.5161195 1.699735 1.9406663 4.3798556 0.009495305 7.2337017
0 5 0.05039635 -4.644335 2.556304 94.52288 4.766443 1.5889843 1.9872984 1.8590096 -0.0138097145 -5.133377
1 5 0.05199412 -1.9035695 2.076304 104.86688 5.239771 1.8937916 2.0855083 1.6371373 -0.041451655 -2.5608375
3 5 0.088787414 24.043142 1.191916 136.87451 12.527087 2.9618096 3.033806 4.8207636 -0.010065988 3.4785953
3 5 0.08162666 24.3854 1.1895249 139.28683 12.40146 2.887082 3.0754633 4.8067183 -0.027889531 3.6467028
7 3 0.43416196 -7.475386 2.104393 17.958292 0.7090946 1.7052577 0.6831529 6.082731 0.32479432 -0.039733175
7 3 0.28739452 -7.5177875 2.1247797 18.0103 0.68226695 1.7089257 0.62335825 6.176004 0.21759297 0.00033729896
7 3 0.26404545 -7.376216 2.1054325 17.679592 0.7013055 1.7050676 0.6537709 6.1033454 0.23666914 -0.040558644
7 3 0.12790306 -7.4184012 2.0845551 17.808702 0.69398004 1.7068808 0.62753016 6.088253 0.28291422 0.024349816
7 3 0.12446103 -7.532202 2.1055026 18.12578 0.6732338 1.6988823 0.68227994 6.078045 0.23817141 -0.003437236
7 3 0.11191338 -7.892188 2.2105422 19.071321 0.78917795 1.6728045 0.6798991 6.1073647 0.17062971 -0.054717034
7 3 0.088739544 -8.09992 2.2421155 19.566214 0.76413417 1.6648159 0.6695308 6.167097 0.13331054 -0.041888334
7 3 0.07533777 -8.044875 2.141511 19.331606 0.82235956 1.6745355 0.671994 6.0867405 0.1616668 -0.025696276
7 3 0.057062574 -7.707993 2.223257 18.216335 0.6036291 1.7515285 0.58884805 5.841487 0.16301204 0.2522176
7 3 0.05594057 -7.8749747 2.178771 18.908052 0.805346 1.6744823 0.7069143 6.0182 0.114707746 -0.03903923
7 3 0.055763725 -7.31284 2.1229885 17.478653 0.71018255 1.7030836 0.6388886 6.009167 0.1893247 0.024892926
8 8 0.06842606 22.681477 1.8260429 29.786829 0.38450545 0.6576344 0.4044016 6.016743 -0.061031833 -0.03203169
8 8 0.06330383 22.515995 1.8172112 29.512691 0.3937426 0.6551353 0.44185364 5.9118266 -0.033102386 -0.032808777
8 8 0.061929304 22.391523 1.7498295 29.37978 0.40054494 0.64942825 0.40084824 5.780921 -0.03960706 -0.012662444
8 8 0.058342256 22.619785 1.7700293 29.742668 0.39195302 0.6533892 0.38104925 5.8678527 -0.07920464 -0.017961351
