0 5 0.38663778 29.526371 1.5918245 45.291252 4.407212 1.5642115 1.8871458 3.409828 0.014836581 0.0008879397
0 5 0.18668172 29.173447 1.5455961 44.781578 4.4119368 1.5496367 1.8948047 3.4210067 0.01407784 -0.007404227
0 5 0.16407566 29.10079 1.5299823 44.574726 4.4876966 1.5359961 1.8889437 3.4458163 -0.011144459 0.0027033053
0 5 0.15174009 30.115166 1.590795 46.008865 4.4109097 1.5748034 1.8963368 3.398115 -0.020358426 -0.028878689
0 5 0.115575016 -8.046721 2.5603168 84.96256 4.72947 1.4867471 1.9289638 2.1404765 -0.03179931 -5.2520723
0 5 0.11348229 32.451836 1.668812 49.60152 4.2615323 1.5578206 1.8463635 3.4162087 -0.051666364 0.028020188
0 5 0.10808787 30.427362 1.7249727 47.334038 4.3068194 1.547321 1.888531 3.3621857 0.022557849 0.010436844
0 5 0.10388879 -4.633959 2.5343363 93.24417 4.7581906 1.5588847 1.9776701 1.7478783 -0.04622729 -5.8185086
0 5 0.09705253 30.672977 1.716592 47.434982 4.262509 1.5776237 1.864764 3.357439 -0.031214137 0.02188659
0 5 0.09648121 29.430368 1.5574039 45.012398 4.464881 1.5464787 1.8883463 3.4321866 -0.014989522 -0.0115571
0 5 0.09428511 28.653122 1.5040798 44.019863 4.449663 1.5462623 1.892206 3.4203577 0.020710023 0.004400337
0 5 0.09387841 43.505764 0.34234786 51.389523 4.329965 1.6749799 1.8792546 5.7455897 0.07060028 5.3913035
0 5 0.09212607 0.34318888 2.2574008 112.20289 5.273156 1.9569428 2.1139486 1.7396449 0.079683684 -1.409179
0 5 0.090881 31.709246 1.7080009 48.4609 4.2140527 1.5637085 1.8289088 3.399046 -0.0668466 0.01628089
0 5 0.088151954 29.885715 1.5744927 45.821026 4.4450274 1.5966737 1.9002683 3.3692567 -0.015037222 0.0041713174
0 5 0.07695056 44.52944 0.3207366 52.29525 4.341555 1.6830633 1.8790413 5.774962 0.0469098 5.4917955
0 5 0.07664602 43.516083 0.3449709 51.62797 4.3369827 1.6734121 1.8823531 5.7277026 0.09036202 4.876469
0 5 0.07371672 -8.104182 2.5253658 85.33471 4.773544 1.4669306 1.9475096 2.1283257 -0.018008297 -6.1199474
0 5 0.07320039 0.064507246 2.130157 112.21654 5.282647 1.9823868 2.1120934 1.6623454 0.025239015 -1.730226
0 5 0.06789195 -4.669267 2.54725 91.542145 4.6998444 1.5410914 1.9700953 1.7822354 -0.08656481 -5.9929385
0 5 0.06676663 -3.1886933 2.3300228 95.909 5.0283623 1.7236466 2.036296 1.5658551 -0.055972554 -2.9939878
0 5 0.0643425 -4.544136 2.5123909 91.88628 4.777251 1.5722452 1.9741887 1.7011893 -0.07865696 -4.518956
0 5 0.061893385 -1.9602165 2.0355637 104.20165 5.785406 2.0850775 2.167216 1.5480063 -0.03730789 -2.3926852
0 5 0.058371957 44.712536 0.33312476 52.55792 4.373614 1.6713148 1.888221 5.752365 0.055109203 5.433762
0 5 0.05760277 0.67926204 2.2799292 110.90637 5.1177545 1.8693483 2.099231 1.7244 0.08236567 -0.63617045
0 5 0.05639544 -8.133656 2.5548828 85.882744 4.7830048 1.5022 1.9602808 2.0862603 -0.011990879 -4.9325476
0 5 0.05574645 -17.303005 1.9195123 68.476395 4.472124 1.6830437 1.9185407 4.5324264 0.040808894 5.169131
0 5 0.053449396 44.132523 0.29215777 52.901085 4.3570633 1.6644665 1.8850627 5.7185397 0.06225826 5.0234118
0 5 0.053354263 46.50213 0.281232 53.846153 4.333904 1.6771829 1.8717147 5.8107386 0.0047655217 4.79483
0 5 0.053331774 4.862127 2.1656802 118.99504 4.908649 1.7157078 2.0642464 4.644833 -0.006861859 4.077913
0 5 0.053013146 0.11719639 2.2251658 112.6053 4.9597244 1.7972703 2.0559888 1.7354531 -0.021765139 -0.42277858
0 5 0.05297423 46.5541 0.19907045 55.760605 4.604485 1.7017465 1.970458 5.8228893 -0.016547173 1.871631
0 5 0.052759256 5.210053 2.0182488 123.107025 4.8782244 1.7264518 2.0842128 4.6711044 0.03317596 5.3774734
0 5 0.051844392 -17.248014 1.9280763 66.244644 4.41404 1.6527385 1.8936471 4.500174 0.017939793 5.1954103
0 5 0.05163029 43.730957 0.31705433 52.42813 4.3664193 1.6520835 1.8838781 5.6704865 0.062108748 5.2190714
0 5 0.05059483 -7.17186 2.5676603 88.11548 4.791211 1.4856639 1.9567962 1.9737035 -0.019883007 -6.2287917
3 5 0.23548447 -13.541043 2.12676 24.06882 11.491548 3.5459275 2.8678858 1.9992085 -0.016376086 0.5957306
3 5 0.18573588 -13.093913 2.0800338 23.335867 11.489323 3.4186964 2.9559588 2.0011978 -0.056730203 0.5107426
3 5 0.17918348 -13.812709 1.8682166 24.335257 11.207391 3.4828389 2.828763 2.0023465 -0.015012726 1.6009492
3 5 0.12473912 -12.663352 1.7989726 22.849033 11.137121 3.300464 2.855939 2.0056984 0.002288049 -0.8500468
3 5 0.103682056 -17.197092 0.65431154 58.570766 12.306744 4.604364 2.8278537 1.2169752 0.059585758 -1.2968411
3 5 0.09665249 -16.373585 0.5080106 56.909428 12.038164 4.5489163 2.8315394 1.2415421 0.0634797 -0.26436448
3 5 0.08279747 -16.356106 0.24074721 58.40093 11.934621 4.6800723 2.7289321 1.1948546 0.06458552 -1.5753311
3 5 0.07462811 -17.297045 0.18550944 60.36109 11.996184 4.7091684 2.7119222 1.2065262 0.045602426 -2.0501409
3 7 0.07363291 -12.250161 3.3019993 22.477583 12.324742 3.1068294 2.896431 5.1598253 0.0318918 -0.11207357
3 5 0.07292706 25.690197 1.2293665 140.47328 12.603907 3.0765753 3.0481026 4.8426075 0.009694317 4.159251
3 5 0.061177675 -12.396023 1.8039339 22.039968 12.147683 3.215847 2.8519213 1.776145 -0.044703186 2.0942945
3 5 0.059419386 -16.222815 0.30802393 58.904514 11.575077 4.407796 2.8005548 1.2752287 0.058737226 0.17950559
3 5 0.05634876 -17.21177 1.0065875 57.34735 11.3799715 4.019597 2.8267972 1.1957753 0.054633148 1.5516566
3 7 0.05398741 -13.559596 3.3595824 22.769932 12.715017 3.0566385 3.0793293 5.0755076 0.056449518 -0.1196286
3 5 0.05380206 -17.94728 0.83821857 59.413433 12.307453 4.4244394 2.789999 1.1569256 0.051561207 -0.30703086
3 5 0.052814033 -15.974998 0.2150662 57.85476 11.651384 4.5778966 2.7181437 1.2407777 0.08719703 -1.1442238
3 5 0.05144522 -16.776192 1.9040074 31.672462 11.630378 3.1412687 2.8233411 1.7024117 -0.046299264 1.0355566
3 5 0.050120346 -15.6503725 1.4366264 53.32395 11.318276 4.255986 2.957849 1.6085181 0.03709074 -0.4952241
7 3 0.41043195 -6.4464827 1.9028234 15.718592 0.7239699 1.6920041 0.6748629 4.365535 0.06343602 0.1714792
7 3 0.20214881 -6.7604656 1.9583582 16.523249 0.7074635 1.6750114 0.635564 4.240336 -0.021172447 0.23365438
7 3 0.16370839 -6.575607 1.918926 16.107769 0.6777515 1.6548283 0.6397335 4.213285 0.0069089103 0.114569195
7 3 0.14920007 -6.4289784 1.9249519 15.583296 0.75697875 1.708741 0.65619075 4.6204605 0.028955983 0.019360863
7 3 0.10832993 -6.4006753 1.759877 15.7166 0.67686504 1.7662427 0.62686515 4.820392 0.13749245 0.06906307
7 3 0.09402684 -6.7291875 1.9721581 16.353542 0.72507805 1.6744211 0.63216895 4.5245314 0.08754662 0.24252889
7 3 0.08388599 -5.8040695 1.658824 14.073509 0.47532326 1.6200761 0.5565537 4.8231335 0.114077725 0.066695504
7 3 0.06304358 -7.4150696 2.0583987 18.000418 0.6720252 1.59779 0.6587795 4.525716 -0.06882322 0.17491612
7 3 0.060684975 -7.5129514 2.0709836 18.325478 0.69392294 1.5928676 0.6559167 4.4589634 -0.06107331 0.07541277
7 3 0.054367572 -6.311847 1.8945892 15.317954 0.72128254 1.7329842 0.61015415 4.7921324 -0.05967489 0.3081611
8 8 0.057991482 22.5342 1.8776311 29.627234 0.7657039 0.80547434 0.48782066 3.0353222 -0.020636888 -0.05096738
