0 5 0.32305458 30.350397 1.6983194 47.6231 4.5227594 1.5824133 1.9161453 3.412978 -0.023438247 -0.19652021
0 5 0.1945061 30.102032 1.6892809 47.239788 4.5291348 1.5442344 1.9110794 3.3853397 -0.041352447 -0.7808243
0 5 0.18420382 29.667496 1.6322615 46.544273 4.495557 1.5587021 1.9147197 3.4241595 0.01051522 0.0015046932
0 5 0.12942715 -7.8722405 2.5510805 84.724754 4.7137938 1.4804024 1.9327466 2.282906 -0.04272341 -5.060067
0 5 0.12727204 30.668882 1.6924212 47.966732 4.5344753 1.5796168 1.9200964 3.3747249 -0.021176327 -0.018709756
0 5 0.117885344 32.910995 1.7326956 51.24488 4.3609405 1.5588076 1.8726112 3.4265342 -0.055510014 -0.019720461
0 5 0.106836565 32.826694 1.878494 51.766956 4.2441483 1.5283077 1.8488363 3.3538888 0.011565987 0.02816613
0 5 0.10433231 -4.6678214 2.5465288 93.919365 4.737283 1.555756 1.9774725 1.8019075 -0.044262096 -5.3177443
0 5 0.10132494 43.337097 0.36092228 51.13622 4.3248863 1.6916573 1.8792721 5.750531 0.08904689 5.2457404
0 5 0.098001055 32.73365 1.7141519 50.82803 4.2956166 1.5733899 1.8618244 3.4449606 -0.071791686 -0.13524896
0 5 0.0933409 -19.5337 1.8235449 64.046074 4.353299 1.6105196 1.8511537 4.55711 -0.0023115557 11.535151
0 5 0.09323107 32.498657 1.82936 50.983273 4.2754774 1.5631751 1.8569279 3.3467193 -0.031947654 -0.031745374
0 5 0.09318582 -19.252218 1.8508794 63.183563 4.378754 1.6384078 1.862577 4.546941 -0.023290949 9.842789
0 5 0.08538427 0.36478695 2.2587552 112.453995 5.156873 1.9411161 2.1065998 1.7617861 0.08398673 -1.7633517
0 5 0.08348372 44.25733 0.32997125 51.934204 4.3370543 1.693875 1.8780388 5.771583 0.0652158 5.510621
0 5 0.080925785 -19.268831 1.8777784 63.888496 4.3692594 1.6251347 1.860076 4.56273 0.014689157 10.292835
0 5 0.07663402 43.325787 0.37000486 51.35605 4.3304877 1.6919988 1.8815622 5.729447 0.11586439 4.8908014
0 5 0.07635096 30.23691 1.6444805 47.45292 4.509679 1.5808191 1.9144512 3.3934658 -0.05544039 -0.48361441
0 5 0.0724002 0.016162328 2.1231468 112.67384 5.108823 1.9676633 2.1154404 1.7036954 0.033187762 -2.1612122
0 5 0.07236906 -19.80152 1.8226007 64.29514 4.391373 1.635869 1.8676931 4.5441484 -0.00998459 10.721953
0 5 0.07181487 -18.873407 1.8647039 62.49893 4.3909454 1.6466826 1.8710788 4.5523825 -0.023328468 9.220386
0 5 0.0674871 -4.705019 2.550734 92.2676 4.681354 1.5356135 1.9715939 1.8327496 -0.08877013 -5.3759503
0 5 0.066328995 -3.1333022 2.3326237 97.00646 5.0426893 1.7472047 2.0507324 1.6101954 -0.055322245 -2.6688538
0 5 0.06400458 30.064672 1.6280093 46.66482 4.57781 1.5587958 1.9309549 3.5307734 0.0072880536 -0.01525407
0 5 0.06323117 -4.5732336 2.5311775 92.86678 4.759165 1.5765917 1.9850872 1.7508527 -0.07395525 -4.0874524
0 5 0.062807366 45.885635 0.25349265 54.66742 4.627682 1.7039746 1.9764891 5.82899 -0.020132262 1.9008613
0 5 0.06157417 -1.9942179 2.0258074 105.07456 5.5829315 2.0791972 2.179975 1.6014622 -0.030741502 -2.22458
0 5 0.060923643 -7.9537387 2.535785 85.62362 4.7711377 1.4917407 1.9626585 2.1973712 -0.012075868 -4.7798886
0 5 0.06055595 44.53966 0.32318437 52.317535 4.3732204 1.6805433 1.8898269 5.744524 0.07256179 5.394289
0 5 0.05984351 29.422356 1.638778 46.21664 4.507506 1.5464982 1.8968947 3.4032848 -0.058180258 -0.24264517
0 5 0.058291025 5.193883 1.9089494 121.39224 4.8874416 1.7551636 2.0938518 4.708085 0.022466915 5.3352337
0 5 0.056296904 -19.403133 1.9219612 65.68564 4.386757 1.6354682 1.8683144 4.5526576 0.033460133 9.794951
0 5 0.05509585 -7.5025625 2.558333 86.8881 4.77113 1.4804289 1.9617691 2.1485438 -0.01702153 -5.7490606
0 5 0.054386247 5.116124 2.0258865 119.06514 4.9263625 1.736728 2.0740528 4.678249 -0.0380657 4.3295145
0 5 0.05434236 46.088196 0.2778418 53.388203 4.3313684 1.687051 1.8717589 5.795387 0.02039683 5.10514
0 5 0.053346574 47.043488 0.16600251 54.888134 4.7373977 1.7433299 1.9922507 5.869292 -0.023271339 3.3769186
0 5 0.052419014 -12.080645 1.8866646 28.040146 6.2459784 2.2821805 2.1641347 4.9920673 0.12837163 1.3109746
0 5 0.052194886 33.60949 1.5980785 52.06042 4.382953 1.5542197 1.87034 3.4824274 -0.00911577 0.002811458
0 5 0.052124966 -7.886188 2.5574667 84.45705 4.61875 1.5049502 1.9451315 2.3536055 -0.08167728 -4.2764454
0 5 0.05209435 0.685358 2.2782378 110.80805 4.975331 1.847411 2.0752416 1.7282321 0.08556161 -1.1090138
0 5 0.051380992 -14.944529 1.7367105 30.683325 6.8969846 2.2638059 2.2203488 4.942756 0.047507018 1.6956718
0 6 0.05099625 -28.549105 2.9152677 37.203526 4.400791 1.63406 1.9039856 1.7734373 -0.0061561083 0.07177927
0 6 0.05051585 -28.603485 2.8642566 36.42304 4.4507637 1.6654687 1.9236721 4.7549906 -0.009614404 0.08484091
3 5 0.33858952 -13.304221 2.1087377 21.134815 11.559583 3.4940119 2.9377031 2.0709517 -0.056921862 -0.08101846
3 5 0.23643045 -13.085376 1.8998437 20.65414 11.325743 3.3770096 2.8673146 2.082237 -0.04912556 1.2814229
3 5 0.20746563 -13.631302 2.1315293 21.207424 11.293388 3.4917874 2.9120545 2.1079237 -0.06913041 1.0719537
3 5 0.092585124 25.5556 1.2387271 140.28038 12.718095 3.0566442 3.0493665 4.8239856 0.0026198141 4.307074
3 5 0.07330494 -13.0038395 1.8747635 20.550823 11.294344 3.312117 2.8264174 2.1880655 -0.048580825 -0.0064702686
3 5 0.06814362 -14.944529 1.7367105 30.683325 6.8969846 2.2638059 2.2203488 4.942756 0.047507018 1.6956718
3 5 0.06598713 25.911133 1.1901264 145.24973 12.594676 3.0158114 3.0761104 4.844155 -0.037010357 4.974347
3 7 0.065649845 -14.494892 3.4605832 22.534054 12.438319 3.0263066 3.027406 5.244507 0.10747962 -0.080014564
3 5 0.065112285 -12.080645 1.8866646 28.040146 6.2459784 2.2821805 2.1641347 4.9920673 0.12837163 1.3109746
3 5 0.056174465 -14.404739 1.8573822 21.80335 11.104167 3.1700706 2.9087467 2.1419919 0.09498559 0.020533655
3 5 0.055876717 -8.720436 1.9542959 19.856182 2.8219905 2.0405245 1.3903803 4.8489423 0.08195785 0.21810341
3 5 0.055454984 -15.408515 1.8121408 31.453917 7.4340854 2.4713144 2.339058 5.0423093 0.0656855 2.3406394
3 5 0.055286143 -16.19657 1.7367697 30.802523 8.392267 2.6441016 2.489455 5.0099416 -0.03519409 1.5923902
3 5 0.055139314 -16.308321 -0.08560896 60.895832 11.118463 4.5715833 2.685386 1.1999643 0.078424945 -0.13616884
3 5 0.051149335 24.826004 1.2814195 134.83923 12.746073 3.1102865 2.9950197 4.8359485 0.015201943 4.256943
7 3 0.4403588 -6.813717 1.9848523 16.500422 0.6861582 1.7023712 0.6716606 3.782698 0.015512528 0.055074707
7 3 0.27382243 -6.899811 2.000142 16.763775 0.6854409 1.670604 0.6407675 3.7560105 -0.10854248 0.070727006
7 3 0.2124376 -6.893953 1.9840145 16.70867 0.64130497 1.6953113 0.684385 3.749466 0.008162111 0.07311892
7 3 0.15352026 -6.801811 2.016605 16.46115 0.7516393 1.7297755 0.67746764 4.0965033 -0.020678358 0.016111761
7 3 0.12310704 -6.865075 2.0184536 16.626244 0.73134893 1.6828153 0.65627825 3.8490338 -0.01610086 0.11034817
7 3 0.09567185 -6.585007 1.7268934 15.633783 0.7260315 1.762186 0.67993283 4.704714 0.10906965 0.22564238
7 3 0.07540614 -6.4987073 1.7590342 15.572172 0.57113314 1.78639 0.6047376 4.728912 0.09331663 0.08438889
7 3 0.073483266 -6.8842783 1.9692912 16.733028 0.6934478 1.7402071 0.6618085 4.5878077 0.09783766 0.09233577
7 2 0.06133429 -6.8359556 1.9735389 16.598928 0.749503 1.7389873 0.7099435 4.54 0.09450398 0.18319088
7 3 0.05831181 -7.478039 2.1008477 18.158703 0.64527553 1.5862261 0.62118006 3.9383373 -0.10904437 0.07393713
7 3 0.052000012 -6.718316 1.979296 16.258802 0.7353415 1.7470298 0.6531373 4.7102385 -0.0042256843 0.17395762
7 3 0.051685072 -7.4020143 2.0854833 17.898172 0.6485633 1.5796024 0.64236724 3.7493482 -0.100445166 0.07536775
8 8 0.08029839 23.436426 1.8653682 30.758453 0.3769725 0.64039594 0.38952821 6.4203415 -0.022576055 -0.046689093
8 8 0.07460193 22.95072 1.803518 30.135937 0.39119014 0.6531943 0.37880373 6.2162004 -0.030304601 -0.035588652
8 8 0.06517637 22.629921 1.7870625 29.697695 0.3845803 0.6520354 0.38411015 6.0536947 0.010082927 -0.035868675
8 8 0.064093485 23.09314 1.8550254 30.265131 0.36864033 0.63765496 0.41135684 6.1927953 -0.01652469 -0.037394837
8 8 0.053066462 23.130241 1.814852 30.532154 0.40638465 0.6415981 0.37088048 6.196113 -0.052693047 -0.031657446
