0 5 0.39685637 26.88341 1.6092627 44.194736 4.5198627 1.5550866 1.9096613 3.5460083 -0.0065453146 -0.0009859335
0 5 0.21519338 26.426449 1.5772872 43.484734 4.487874 1.5317907 1.9053904 3.5359867 0.014635751 -0.00011168979
0 5 0.16242558 26.799252 1.5952476 43.988346 4.5424423 1.5316145 1.9037676 3.559001 0.012040384 -0.0027563348
0 5 0.15956604 -8.138793 2.6009934 85.72865 4.7211742 1.4716917 1.9366971 2.1382375 -0.037688997 -5.338729
0 5 0.15324439 27.656258 1.5641541 45.409454 4.543503 1.5524161 1.923817 3.5368721 0.030213831 -0.0009924602
0 5 0.12491078 26.250603 1.5638294 43.237774 4.5018773 1.5381138 1.909255 3.4877882 -0.037449736 -0.06507166
0 5 0.11944987 -4.650104 2.5651505 93.889046 4.733112 1.5494388 1.9715201 1.8333372 -0.044797264 -5.6876082
0 5 0.11072777 26.52377 1.5695107 43.75157 4.497231 1.5172102 1.9035043 3.5235565 0.036284447 0.0014376435
0 5 0.10513204 29.727839 1.7519075 48.63227 4.300633 1.5355102 1.8449951 3.5087724 -0.035449147 0.022178702
0 5 0.10034979 27.421452 1.6002212 44.953903 4.5510693 1.5220767 1.9103605 3.5600736 0.019766575 0.0078128725
0 5 0.10001053 0.4227593 2.322792 113.10323 5.017548 1.856858 2.0812113 1.7748376 0.066187106 -2.444222
0 5 0.0961194 27.18465 1.5287547 44.74721 4.5396304 1.5661288 1.9228255 3.5003448 0.0063598976 0.018455844
0 5 0.09513114 40.98538 0.3284971 48.255894 4.242708 1.6637279 1.8473771 5.799365 0.09004313 5.0261073
0 5 0.09187465 29.604229 1.7762916 48.340534 4.274399 1.5495967 1.8397592 3.5533347 -0.08295857 0.018249512
0 5 0.08209044 41.919952 0.3013906 49.074013 4.25562 1.6629908 1.8446659 5.8188376 0.062255614 4.8562336
0 5 0.08201596 -0.00043244133 2.1488464 112.88395 4.9770846 1.8681389 2.0838013 1.7386991 0.011242436 -2.6160583
0 5 0.07560114 -4.655406 2.5672944 92.43838 4.67714 1.5356593 1.9623489 1.8349622 -0.08689566 -5.7998986
0 5 0.07500526 43.16121 0.29175615 51.13855 4.6034813 1.6697258 1.9570857 5.8900685 -0.013508373 2.601387
0 5 0.0747817 28.723806 1.6804209 47.694267 4.4219823 1.5447075 1.8922026 3.519112 -0.04960317 -0.016744856
0 5 0.07458747 -8.197238 2.5839708 86.58692 4.768076 1.4845396 1.9630353 2.1109464 -0.0077945134 -4.993887
0 5 0.07388898 -3.1915824 2.370873 95.85715 4.9531283 1.6944683 2.022193 1.6737751 -0.05410771 -3.0475783
0 5 0.07363343 -4.5012426 2.5426812 92.95065 4.771739 1.5729083 1.9739878 1.7887467 -0.079010665 -4.409812
0 5 0.07132795 28.435019 1.7305598 47.061108 4.3702664 1.557156 1.8825217 3.570958 -0.0119105335 -0.0008551162
0 5 0.07016897 -1.9787109 2.0354068 104.09443 5.280328 1.9242324 2.1094863 1.6526322 -0.035581812 -2.5479395
0 5 0.069315135 -8.315463 2.616514 86.08853 4.6886435 1.4941758 1.9337564 2.0795705 -0.035636418 -4.7336054
0 5 0.0662898 43.488026 0.26896298 50.548862 4.637318 1.6763842 1.9496263 5.915304 -0.009388019 4.2577815
0 5 0.06306753 -21.090317 1.8628346 69.11143 4.5352283 1.6762679 1.9212115 4.446991 -0.029135924 9.334736
0 5 0.06280755 0.79753184 2.361593 112.00928 4.911573 1.7883493 2.0647562 1.7126498 0.076045215 -1.9148127
0 5 0.06133409 -7.619494 2.5794992 87.70434 4.764636 1.4717963 1.9537158 2.0632787 -0.017311392 -5.9543962
0 5 0.057373587 -8.135603 2.552669 86.92026 4.779027 1.4787408 1.9756392 2.1642454 0.0041933823 -5.3136907
0 5 0.057110906 43.975086 0.053580582 51.239357 4.711964 1.6856915 1.9644651 5.897163 0.0035034474 4.585448
0 5 0.056984138 -20.895147 1.8636527 69.19129 4.4757853 1.6563205 1.9048216 4.492279 0.0031543113 10.172308
0 5 0.056689255 44.535416 0.32826316 52.46956 4.587531 1.6832552 1.9669348 5.923169 -0.0046253996 3.0347111
0 5 0.055544436 40.342415 0.33234006 47.84213 4.2755976 1.6394849 1.8394803 5.7358646 0.08528085 4.99312
0 5 0.055315617 0.17696014 2.2675807 113.39144 4.882485 1.7476904 2.0523026 1.7706901 -0.0318432 -1.7581922
0 5 0.05495285 30.088333 1.602773 49.12128 4.3623857 1.526352 1.8566574 3.5687416 -0.017453562 -0.0073756278
0 5 0.053235214 44.897587 0.30277908 53.87101 4.544481 1.6885272 1.9510959 5.953147 0.0035380293 3.17536
0 5 0.053189516 42.131115 0.2858609 49.31595 4.293969 1.6495712 1.8533142 5.8067455 0.0657842 4.5862226
0 5 0.053070743 43.47883 0.26193827 50.356777 4.2422376 1.6570879 1.8366222 5.840608 0.02576316 4.711118
0 5 0.05200288 -3.516301 2.4470038 95.231804 4.924709 1.658489 2.0066426 1.7064408 -0.015753547 -4.0199175
0 5 0.051893514 30.402967 1.5944383 48.90528 4.4337916 1.6010561 1.9002503 6.5899405 -0.028191295 0.45164222
0 5 0.050045997 -4.692383 2.552049 94.611626 4.7711353 1.5851644 1.9887129 1.893422 -0.01323827 -4.892772
1 5 0.051021133 -1.9787109 2.0354068 104.09443 5.280328 1.9242324 2.1094863 1.6526322 -0.035581812 -2.5479395
3 5 0.082766704 24.329266 1.1307629 139.14497 12.341112 2.9242833 3.052273 4.8072186 -0.031936474 3.5414631
3 5 0.08194035 23.813211 1.1504054 136.12465 12.476984 3.0075235 3.0161908 4.8225884 3.587827e-05 3.2195694
3 5 0.053996753 22.376417 0.9907321 142.35406 11.899591 2.7989323 3.0251706 4.791579 -0.016224299 4.173134
7 3 0.437007 -7.3912983 2.0930982 17.760323 0.7033603 1.7093565 0.6758039 6.056643 0.34824896 -0.041050933
7 3 0.2982981 -7.4445925 2.1145597 17.845749 0.6751186 1.7094463 0.6189807 6.1416554 0.24288706 -0.02007116
7 3 0.26206148 -7.3174286 2.0979698 17.546606 0.6946504 1.7090597 0.6497755 6.082089 0.24999823 -0.042008676
7 3 0.13119201 -7.348714 2.073157 17.643362 0.6896857 1.7076296 0.6248886 6.0594506 0.31116003 0.016488679
7 3 0.12699413 -7.4516077 2.0932932 17.933498 0.66867286 1.7011973 0.6777634 6.06179 0.24592777 -0.0069079436
7 3 0.10406451 -7.7675357 2.182382 18.779234 0.7782793 1.6660714 0.6789664 6.111786 0.1748347 -0.054703377
7 3 0.088658355 -7.736436 2.0644703 18.582075 0.77444756 1.6429417 0.6619364 5.99865 0.10962171 -0.058847964
7 3 0.08464793 -8.004195 2.2224624 19.349901 0.7543844 1.6556406 0.6653434 6.170237 0.14223093 -0.04242024
7 3 0.07325882 -7.941441 2.1273139 19.095623 0.81700987 1.6668096 0.6695051 6.0497856 0.1632894 -0.018433142
7 3 0.06269933 -7.2768064 2.116752 17.475002 0.72504395 1.7058975 0.62150884 5.9862413 0.20788379 -0.0046949927
7 3 0.060460005 -7.6803246 2.223755 18.140923 0.6028386 1.7592602 0.5886737 5.811253 0.17106076 0.22971755
7 3 0.05576158 -7.2407165 2.1142373 17.327759 0.7078077 1.7056682 0.6382022 5.9788585 0.2093497 0.02358836
7 3 0.050405003 -7.5383277 2.0861828 18.096703 0.7124491 1.7275313 0.6493048 5.9602246 0.30085233 -0.057567365
8 8 0.07230605 22.247568 1.7967513 29.21382 0.3890532 0.6407398 0.40868407 5.8965955 -0.06738262 -0.02819894
8 8 0.066950694 22.041258 1.7225276 28.93376 0.4072601 0.63857055 0.41027895 5.6837955 -0.033904627 -0.0201068
8 8 0.06648265 22.122652 1.7884858 29.008343 0.39602128 0.6412567 0.44557035 5.8119073 -0.04019697 -0.032769006
8 8 0.06429948 22.190279 1.7390411 29.172886 0.39923173 0.63961446 0.38579196 5.7518454 -0.07825691 -0.021608688
