0 5 0.37533313 26.88155 1.6346569 44.224915 4.537815 1.5565392 1.9165993 3.542913 -0.008875595 0.0029737186
0 5 0.21122621 26.378246 1.6104492 43.443634 4.5019727 1.5357918 1.910772 3.5353956 0.0050800033 -0.0021609776
0 5 0.15447123 -7.999873 2.60509 84.75029 4.7024846 1.4817747 1.9325186 2.2090673 -0.036415145 -5.202415
0 5 0.15385832 26.727482 1.6138692 43.90234 4.551642 1.5385712 1.9115175 3.5582952 0.015755748 -0.0065005496
0 5 0.1428284 27.51045 1.6004767 45.210197 4.5398874 1.5555035 1.925883 3.5298846 0.0292867 -0.0038161036
0 5 0.120575845 -4.648943 2.5533206 93.71591 4.7164826 1.5606658 1.9718813 1.7902893 -0.04333967 -5.724368
0 5 0.10217033 30.085735 1.7589242 49.27286 4.3164496 1.5389209 1.8507763 3.4750276 -0.041650828 0.021883808
0 5 0.09889701 41.256073 0.32829422 48.64692 4.2630396 1.6696979 1.8559151 5.7810693 0.07623746 5.460703
0 5 0.093739435 27.289717 1.6330159 44.78157 4.549955 1.5294136 1.9107859 3.5387888 0.015929302 0.0031542294
0 5 0.09132231 0.4339276 2.2824042 110.57629 5.044464 1.8805248 2.0716395 1.8119092 0.06140217 -2.746919
0 5 0.09108506 27.062159 1.5788963 44.60122 4.5455637 1.5691881 1.9265943 3.4848952 0.009853726 0.013971783
0 5 0.08918652 29.88957 1.7955785 48.90083 4.293889 1.5513208 1.8483022 3.5226429 -0.08029038 0.017220784
0 5 0.08043322 42.28461 0.30300516 49.565166 4.2789474 1.6704981 1.8547058 5.80206 0.051864542 5.3437786
0 5 0.07867015 -3.086765 2.3295703 96.15499 5.0038323 1.7466788 2.0337396 1.6280539 -0.058119535 -3.0713313
0 5 0.07745318 -8.071938 2.5963001 85.65776 4.753532 1.4928527 1.9575834 2.1705947 -0.007968933 -4.916352
0 5 0.076286666 -4.658446 2.5643938 92.27873 4.6604342 1.5458783 1.9620916 1.785456 -0.08347183 -5.915668
0 5 0.07598243 -0.10964442 2.1246123 111.10879 4.9951873 1.8912207 2.0742846 1.734543 0.010345189 -2.7611687
0 5 0.07419592 -4.4991813 2.5382023 92.848015 4.753456 1.5850557 1.9745021 1.7354659 -0.07874685 -4.4682035
0 5 0.073661484 -4.70193 2.5537324 93.32228 4.710093 1.5456734 1.9593298 1.8441664 -0.047676504 -6.0330744
0 5 0.072360925 -2.0842288 2.0360203 103.89865 5.509331 2.0275302 2.1385515 1.620836 -0.037513636 -2.5520375
0 5 0.07199748 28.971006 1.732618 48.262062 4.391773 1.5310316 1.8812995 3.486819 -0.044535726 -0.0105094565
0 5 0.07006357 28.65001 1.7923892 47.578262 4.3739176 1.5522411 1.883363 3.5447862 -0.0071414784 -0.0009806845
0 5 0.06954553 44.01116 0.27900004 52.43037 4.596172 1.6819654 1.9615397 5.867673 -0.0072054435 1.9529557
0 5 0.06522561 0.92819506 2.3058455 108.959335 4.9156995 1.8291508 2.0514195 1.8156829 0.076330304 -2.3759906
0 5 0.06271962 -7.556304 2.5902765 87.26757 4.7469835 1.4796249 1.9550812 2.096118 -0.015532654 -5.9225397
0 5 0.062642306 -8.116291 2.6213644 85.03389 4.656857 1.506836 1.9251657 2.1472988 -0.031947404 -4.4840083
0 5 0.059541833 40.75789 0.33140606 48.37949 4.299317 1.6479172 1.85108 5.7241955 0.078286506 5.335502
0 5 0.058807585 -8.062845 2.5628836 86.14807 4.761637 1.4823139 1.9727298 2.2194676 0.0061175004 -5.254263
0 5 0.057198316 44.24515 0.23972052 51.54873 4.644072 1.6916105 1.9563495 5.903061 -0.0043197526 3.373334
0 5 0.05643789 45.1059 0.32175595 53.445156 4.6018515 1.6914685 1.9747331 5.9127665 -0.0053173983 2.237955
0 5 0.0554009 45.419 0.28830326 54.52828 4.5584583 1.7027124 1.9607048 5.9461985 -0.014255694 2.4957423
0 5 0.054255445 42.52853 0.29794192 49.852474 4.3192167 1.6564784 1.8649963 5.790255 0.058911815 5.050172
0 5 0.053503808 -21.309843 1.8911319 70.649635 4.491897 1.6746969 1.9234828 4.4290867 -0.01175911 9.341354
0 5 0.052587144 44.09536 0.2582733 51.069645 4.269881 1.6651286 1.8493354 5.829845 0.011312947 5.0097833
0 5 0.05232096 -3.460067 2.4309065 95.479065 4.93693 1.6951802 2.0107954 1.6514497 -0.015202569 -3.9972563
0 5 0.052171946 -21.510202 1.9245274 70.87651 4.567009 1.6942185 1.9414668 4.3928075 -0.0432676 8.07315
0 5 0.051411107 30.340036 1.6005125 49.583183 4.365207 1.5249311 1.8553176 3.5458832 -0.02077155 -0.008252131
0 5 0.05088239 44.846645 0.020379186 52.363422 4.7276106 1.7093912 1.9731598 5.885583 0.01953088 3.6367784
1 5 0.05259432 -2.0842288 2.0360203 103.89865 5.509331 2.0275302 2.1385515 1.620836 -0.037513636 -2.5520375
3 5 0.12306122 -16.004803 2.1664197 18.808744 11.946638 3.2237093 2.8689287 4.1409774 -0.036700778 3.6307325
3 5 0.11633843 -16.90347 2.190165 19.73483 12.183467 3.2845995 2.7505288 4.140275 -0.03145324 4.5806932
3 5 0.09606038 23.997578 1.2390453 135.41876 12.519907 2.997618 3.0532293 4.8217864 0.007115096 3.4083936
3 5 0.09582629 24.332748 1.2153978 139.28697 12.374582 2.911367 3.085008 4.8181214 -0.028471055 3.8621485
3 5 0.07654621 -22.458109 2.447872 27.15514 11.734472 3.0036068 2.8354738 4.005974 -0.12494961 6.5089993
3 5 0.07112755 -16.120104 2.2396631 19.637783 11.942304 3.178098 2.9289196 4.121631 -0.04094682 2.9866455
3 5 0.06479001 -18.425678 2.5431485 21.781637 11.930232 3.2482696 2.9528673 4.128648 -0.06278528 2.966773
3 5 0.06376067 -27.298687 2.6727142 34.05521 11.510276 3.0152936 2.8486686 4.0291214 -0.08737279 6.8633575
3 5 0.06279023 -20.655458 2.357596 24.408333 11.860032 3.0796154 2.817528 3.962547 -0.083354585 7.043527
3 5 0.05730887 -17.474796 2.3792217 21.234901 11.99182 3.2333152 2.7472556 4.1173573 -0.05771756 3.9335222
3 5 0.057035096 -43.416206 3.3288965 57.579105 10.248851 3.009485 2.8074648 4.037486 -0.054135717 4.603781
3 5 0.052193362 23.657137 1.070128 143.27605 12.130653 2.7879589 3.0531619 4.815416 -0.038638443 4.8482895
3 5 0.05037263 -25.941765 2.5791163 32.13857 11.627949 3.1102304 2.852321 4.012114 -0.06567209 7.2257056
3 5 0.050267275 -57.183064 3.8650656 76.16627 9.51452 3.2193968 2.8511302 4.0744796 0.07384111 2.4846952
7 3 0.43072587 -7.293588 2.085653 17.568232 0.699206 1.7119433 0.6803351 6.0943274 0.27813938 -0.05583743
7 3 0.25415456 -7.2450485 2.097981 17.396025 0.68551946 1.7159468 0.65573204 6.126788 0.21263771 -0.046021536
7 3 0.2296996 -7.4243755 2.1287632 17.770977 0.69941163 1.7103957 0.6509825 6.1911283 0.25786588 -0.0043688845
7 3 0.14865269 -7.3588047 2.0952272 17.782408 0.66498965 1.7102512 0.6841746 6.075907 0.23567535 -0.0084524695
7 3 0.13239798 -7.7872467 2.1865282 18.832998 0.75969356 1.6712806 0.668508 6.1159225 0.1297962 -0.043788996
7 3 0.11061108 -7.9764633 2.2217276 19.307655 0.7438792 1.6699387 0.6568775 6.200892 0.09894906 -0.036254883
7 3 0.10476436 -7.785606 2.060473 18.729454 0.74101835 1.6509433 0.65273166 6.0847964 0.0641265 -0.03954742
7 3 0.089305386 -7.896617 2.1054397 19.006678 0.79958373 1.6764657 0.6645998 6.125926 0.10647624 -0.027026024
7 3 0.07049824 -7.2708926 2.0486348 17.53543 0.61959624 1.7620932 0.6107452 5.9501023 0.20614403 -0.05049932
7 3 0.06678065 -7.098805 2.0276423 17.141169 0.64746827 1.7859957 0.62915105 5.9682655 0.1406773 -0.023206001
7 3 0.06035961 -7.146811 2.1003714 17.216251 0.7182208 1.7085583 0.6293282 6.0361075 0.15936287 -7.025711e-05
7 3 0.059018284 -7.503796 2.2222366 17.770035 0.5932229 1.7693677 0.5913723 5.737235 0.1977522 0.22322658
7 3 0.053076588 -7.411436 2.0632257 17.826048 0.7046113 1.7352158 0.6570794 5.933678 0.26951003 -0.05624647
7 3 0.052127577 -8.037417 2.2483284 19.569834 0.73774105 1.6742109 0.6526486 6.2708616 0.10462011 -0.059669554
7 3 0.05106661 -7.35895 2.050905 17.535988 0.6991778 1.7147576 0.66067135 5.960305 0.21254507 -0.032777276
8 8 0.06394145 23.039968 1.864176 30.259222 0.4131461 0.64970714 0.43308383 6.0079207 -0.06428755 -0.034798764
8 8 0.060014557 22.673569 1.7840883 29.781446 0.4340293 0.6517012 0.4321245 5.8079114 -0.020611882 -0.013007239
8 8 0.05837705 22.914143 1.8537312 30.065298 0.41958222 0.6501248 0.47189638 5.950764 -0.033488024 -0.034916848
8 8 0.05822722 22.96788 1.8138299 30.208195 0.428848 0.6565759 0.40680522 5.8696604 -0.06856146 -0.022288948
