0 5 0.28034276 28.010483 1.558917 45.124466 4.514497 1.5457449 1.9066373 3.4904628 0.01089116 -0.36437234
0 5 0.2644711 28.241196 1.5339267 45.494823 4.5367823 1.5782111 1.9250804 3.4979923 -0.051921137 -0.027692968
0 5 0.15514909 27.704735 1.4913771 44.582355 4.50923 1.5259331 1.9214685 3.5275545 -0.0399156 0.004077282
0 5 0.15210928 28.736858 1.5307477 46.186527 4.5352955 1.5623493 1.916147 3.4866738 0.0075734146 -0.020574499
0 5 0.14895095 -8.0292015 2.5834134 85.45072 4.766401 1.4697187 1.9393874 2.1906576 -0.040614802 -5.658764
0 5 0.11882516 -4.707804 2.5572739 94.8989 4.7756133 1.5565789 1.9820551 1.8264608 -0.04439105 -5.9755144
0 5 0.11135376 30.709435 1.5058712 48.517227 4.4444566 1.5867726 1.8986312 3.5845819 -0.08632331 0.007084947
0 5 0.10090869 40.73696 0.3182099 48.013664 4.240236 1.6747922 1.8532486 5.7812266 0.0764988 4.7363667
0 5 0.095526405 30.441078 1.5874135 48.77069 4.3213277 1.5319011 1.8534214 3.4709384 0.0026521627 0.016613528
0 5 0.092964545 0.3555627 2.297363 113.614914 5.2355766 1.935483 2.1207938 1.7805817 0.080549456 -2.38752
0 5 0.08140081 40.344795 0.33152354 47.841316 4.249301 1.6694182 1.8542 5.743085 0.102275155 4.3386006
0 5 0.08095847 41.930984 0.28379095 49.094646 4.2560945 1.6750522 1.8505964 5.8067045 0.045557767 4.458516
0 5 0.0795921 42.55379 0.28265357 50.512157 4.5770664 1.6726426 1.9545648 5.87686 -0.007588775 1.9148852
0 5 0.078523085 0.012433622 2.1544406 113.23615 5.108783 1.9300891 2.1124506 1.7412454 0.026552828 -2.5798073
0 5 0.07583699 31.104355 1.6290978 49.032715 4.4256454 1.5995903 1.8912412 3.6198742 -0.072387874 0.016277086
0 5 0.0746684 -4.726945 2.570191 93.10569 4.7205462 1.5385097 1.9744662 1.8417009 -0.08689452 -6.142463
0 5 0.07310432 -8.10138 2.567292 86.40425 4.8307767 1.4846352 1.9666735 2.1373029 -0.01540886 -5.3067822
0 5 0.0719836 29.79172 1.5951221 47.67436 4.3843694 1.5442699 1.8609675 3.5476663 -0.012316794 0.018148553
0 5 0.071610905 -3.180538 2.347327 97.02228 5.0306334 1.7333161 2.0491211 1.6719471 -0.052868783 -3.2898345
0 5 0.07123942 -4.568128 2.539393 93.421616 4.8003993 1.5742888 1.9896562 1.7873361 -0.07598472 -4.66302
0 5 0.06880777 -2.084979 2.0426517 104.81705 5.4951878 2.024423 2.1629114 1.6606404 -0.02891438 -2.7859662
0 5 0.067015834 30.825672 1.4777642 49.685863 4.24567 1.5007714 1.8263075 3.4075441 -0.012784113 0.012931574
0 5 0.066527404 42.065437 0.11097902 50.166107 4.61483 1.6654371 1.9656936 5.8865633 -0.015532504 1.6806406
0 5 0.065890834 43.36205 0.2578745 50.415436 4.613951 1.675135 1.9467816 5.913823 -0.004901399 3.3839638
0 5 0.06208357 28.237164 1.5774678 45.218906 4.5285287 1.5260674 1.8981909 3.5470161 -0.0025316933 -0.02743081
0 5 0.060762826 -7.517345 2.56288 87.62341 4.820959 1.4751968 1.9611648 2.1160326 -0.017073758 -6.304797
0 5 0.060338996 31.484518 1.47381 49.0299 4.391015 1.5471835 1.8618969 3.5820162 -0.053795412 -0.01892785
0 5 0.058932245 40.036835 0.34013158 47.533524 4.273142 1.6511221 1.848502 5.714529 0.075242646 4.7330813
0 5 0.05744456 43.615105 0.31681752 51.403934 4.563961 1.683824 1.9630983 5.9031706 -0.0010037255 2.289293
0 5 0.057177067 43.714806 0.23461461 50.53604 4.256943 1.6691276 1.8476037 5.8267226 0.0095701665 4.365586
0 5 0.05614543 5.2822022 1.9778315 121.546715 5.0154133 1.77865 2.123701 4.7111573 0.03458157 5.488595
0 5 0.056033313 -30.853771 2.9027321 39.313416 4.390479 1.6183385 1.9139212 4.7083044 0.07084762 0.18365026
0 5 0.055611975 43.583523 0.06161636 50.824104 4.656259 1.6825205 1.9566183 5.9001784 0.0014647916 3.7309165
0 5 0.05357975 0.61526823 2.3084965 112.02866 5.0471525 1.8587651 2.0867083 1.7286692 0.086697794 -1.6079324
0 5 0.05337786 -30.572456 2.7478814 39.866386 4.3843403 1.5997381 1.9125271 4.8483496 0.016728124 0.09924219
0 5 0.05169584 0.10505939 2.236804 114.50634 4.9316654 1.7793473 2.0606792 1.7726758 -0.021315066 -1.4531664
0 5 0.051404722 27.512074 1.4562676 44.10476 4.5023274 1.5101148 1.9011416 3.5318358 0.015879044 -0.014989963
0 5 0.051280804 43.731457 0.27507675 52.431957 4.520209 1.6840477 1.944845 5.9139977 -0.0019566342 2.5560956
0 5 0.050546072 5.2893205 2.0933337 119.42677 5.025398 1.7554426 2.0956619 4.6811175 -0.033759348 4.0516677
0 5 0.05032345 40.93702 0.2961325 48.915157 4.2778273 1.6666871 1.8573604 5.738634 0.07738517 3.4604797
1 5 0.052376345 -2.084979 2.0426517 104.81705 5.4951878 2.024423 2.1629114 1.6606404 -0.02891438 -2.7859662
3 5 0.27108777 -14.111529 2.2325335 17.754408 12.057021 3.3199859 2.9341238 1.6226454 -0.1541242 1.1514602
3 5 0.15534867 -13.89921 1.9630101 17.341988 11.915777 3.1923006 2.9096422 1.5414593 0.0054332577 2.0424044
3 7 0.091198765 -14.391798 2.8646224 18.107082 12.083396 3.0176237 2.9576092 4.8692274 0.112316586 0.1517292
3 5 0.07836569 -13.524556 1.9341879 17.319328 11.968673 3.1206446 2.9349077 1.5255504 0.017820688 0.89804363
3 5 0.073048405 -15.405752 1.8072612 25.826933 9.492347 2.7730377 2.4828317 4.8494654 -0.015551252 0.51115984
3 5 0.066741906 25.007257 1.1331553 138.66377 12.686178 3.0829341 3.021538 4.8264236 0.016838973 3.4793136
3 5 0.0592284 -15.758166 1.8712561 28.105356 9.884098 2.6861396 2.5394006 4.800926 -0.044552907 0.15519086
3 5 0.053157173 -16.104734 1.9826615 26.748262 9.182522 2.9310753 2.470191 4.9642878 0.09289697 0.9113166
3 5 0.052487995 -15.488787 2.0244384 27.335794 9.522744 2.861157 2.501491 4.9063616 0.04657963 0.6495088
7 3 0.49016023 -6.7256417 1.9537444 16.227783 0.7167005 1.7223254 0.70198584 6.6560044 -0.014113856 0.029248118
7 3 0.2982502 -6.8113856 1.9515681 16.469578 0.6909175 1.6831318 0.64125514 6.6511564 -0.013602912 0.01963944
7 3 0.21920162 -6.8177853 1.974405 16.401161 0.7623634 1.7366999 0.71414953 6.5883913 0.044802047 -0.0025216844
7 3 0.18632607 -6.752552 1.9642055 16.326845 0.66852075 1.7147201 0.706888 6.61477 0.0067417417 0.04736507
7 3 0.16762033 -6.6741686 1.949386 16.162634 0.6580593 1.7172325 0.64700955 6.5171504 -0.0013285801 0.110404156
7 3 0.16131407 -7.00037 2.0062652 16.855776 0.71043044 1.7061023 0.67455 6.6731696 0.06664983 0.09923431
7 3 0.10054643 -6.686602 1.9258199 16.31234 0.6169311 1.7459596 0.60487336 3.7069342 0.17585261 0.0074487794
7 3 0.08740645 -6.5690856 1.877571 15.947219 0.5373306 1.774889 0.57253665 3.654554 0.0775162 -0.0044665895
7 3 0.07314561 -6.919293 1.9754432 16.646358 0.7448563 1.7456362 0.68926597 3.5589023 0.06685571 0.030295148
7 3 0.067068696 -6.90574 1.9790821 16.775297 0.73688114 1.7345384 0.7154788 3.6746278 0.09656436 0.058505185
7 3 0.054431453 -7.4443502 2.0826197 17.923462 0.6615378 1.6167231 0.6399298 3.802669 -0.03599266 0.070581906
7 3 0.051026925 -6.8545628 2.045947 16.376762 0.58191454 1.6827393 0.57344574 6.610891 0.15023683 0.39951906
8 8 0.064185254 22.044815 1.7891786 28.971601 0.3681782 0.66482043 0.3881467 5.842476 -0.07892512 -0.03607515
8 8 0.05527838 21.996603 1.7298594 28.931461 0.37854186 0.66967475 0.3672075 5.6424227 -0.06194441 -0.02470092
8 8 0.05482003 21.57196 1.7633057 28.330751 0.36928102 0.6534022 0.4166267 5.724355 -0.05307872 -0.038708683
