0 5 0.32069212 28.972343 1.5674305 46.359158 4.4824176 1.5506774 1.8981482 3.5182412 0.0006346088 -0.44656754
0 5 0.16096921 28.663641 1.5231779 45.905563 4.4550557 1.5265412 1.8963648 3.5205534 0.020492079 -0.012461033
0 5 0.15299162 -8.094129 2.5873504 85.34541 4.7561674 1.4741149 1.9369861 2.1550446 -0.038728017 -5.4071946
0 5 0.15220359 29.34068 1.5243814 46.855106 4.5007825 1.5564572 1.9100932 3.4770494 0.006905446 -0.027179977
0 5 0.1086283 29.224302 1.5219085 46.616596 4.4981585 1.588642 1.9149165 3.4628458 -0.013709468 -0.6536015
0 5 0.10318264 -4.5849466 2.5440948 94.60238 4.772672 1.5497919 1.978334 1.7439876 -0.04698559 -6.035954
0 5 0.100991435 41.29385 0.32423806 48.707985 4.2539043 1.670992 1.8536713 5.7875724 0.07839965 5.22186
0 5 0.100218065 30.923996 1.6767101 49.49322 4.249437 1.4879446 1.8360422 3.43473 0.0206819 0.033540536
0 5 0.098034345 30.941656 1.5486162 48.848522 4.4277544 1.5468247 1.898124 3.4521122 -0.07704178 0.020654775
0 5 0.09675224 0.4039168 2.3346915 113.830574 5.144298 1.9199793 2.0982616 1.7784963 0.08161636 -1.8995134
0 5 0.08254165 42.425365 0.2882554 49.711983 4.2676306 1.6710705 1.8505923 5.8097076 0.045548625 5.0139594
0 5 0.08245263 43.338684 0.28214115 51.532238 4.5912805 1.6805167 1.9592878 5.883582 -0.01105753 2.2239902
0 5 0.08107928 0.08201295 2.1945891 113.783745 5.0307083 1.9141477 2.096783 1.7255726 0.0312725 -2.4103873
0 5 0.07776685 30.53583 1.6036307 48.725353 4.3206997 1.519057 1.8480507 3.4970539 -0.00047277473 0.029078104
0 5 0.073378675 -8.178163 2.5692847 86.47436 4.8206835 1.4897664 1.9672198 2.1055825 -0.016705643 -5.156236
0 5 0.07228478 -3.1155496 2.3538446 96.769455 5.0311456 1.7269168 2.045004 1.6131788 -0.055841565 -3.323189
0 5 0.071264826 -2.0930836 2.0654573 104.94092 5.471952 2.015901 2.1571648 1.6197104 -0.030854378 -2.741906
0 5 0.071175456 31.276474 1.5901264 49.25623 4.363376 1.558978 1.8837218 3.5110676 -0.067079365 0.025465261
0 5 0.06809679 42.76551 0.100572586 51.061543 4.623246 1.6684426 1.9705572 5.888343 -0.020248294 1.9540467
0 5 0.067072704 -4.489226 2.5287437 93.09637 4.8046756 1.5690532 1.98581 1.7048471 -0.0760133 -4.7621007
0 5 0.066560686 31.073309 1.5747031 50.06087 4.180084 1.4583802 1.8118871 3.4078271 0.008058453 0.02525457
0 5 0.06511303 28.458214 1.4883204 45.514637 4.4676895 1.5181457 1.891123 3.5336952 0.022699425 -0.15980229
0 5 0.063669875 44.016575 0.2496748 51.251305 4.6205997 1.6773562 1.9499888 5.9148183 -0.009508101 3.5983229
0 5 0.06217698 40.64376 0.3464468 48.272327 4.2915573 1.6471354 1.8516443 5.7237954 0.078538455 5.151566
0 5 0.062164053 -30.683872 3.0240455 39.83377 4.3675623 1.6166751 1.9049174 5.001366 0.010862669 0.07799706
0 5 0.06210521 -8.183958 2.5969014 85.62296 4.712827 1.49844 1.9249083 2.1064432 -0.039593052 -4.851756
0 5 0.061053045 5.4060483 1.9657416 122.54898 4.8967886 1.7395808 2.092726 4.711756 0.037553705 5.5040197
0 5 0.058750387 44.48638 0.32022047 52.513023 4.578248 1.689847 1.9707088 5.9109783 -0.002672566 2.5316846
0 5 0.057226975 0.64000905 2.3439522 112.33812 4.971621 1.8594124 2.07782 1.7419857 0.09569079 -1.1586761
0 5 0.056383926 0.13064852 2.274388 114.76768 4.9127154 1.7863047 2.0587401 1.7632284 -0.01344263 -0.9422955
0 5 0.05579178 -30.82881 3.2427764 39.194195 4.3561277 1.6154071 1.8998723 5.0675087 0.019406566 0.12131209
0 5 0.05546154 44.236965 0.23911673 51.159378 4.266314 1.662994 1.8470306 5.832841 0.008096116 4.7771544
0 5 0.05447749 42.58529 0.28676814 49.919266 4.31124 1.6595922 1.8628497 5.79736 0.050398484 4.696712
0 5 0.053763777 44.301872 0.054102957 51.740715 4.6628504 1.68346 1.9598392 5.9007225 0.0062916577 3.8816605
0 5 0.052594386 -8.175961 2.536536 86.89274 4.8148394 1.4744502 1.9755994 2.1477473 -0.004861517 -5.398591
0 5 0.0525854 44.690086 0.27732182 53.599754 4.5341077 1.6959577 1.9519432 5.9179273 -0.009833358 2.6818492
0 5 0.051403113 41.667107 0.29063648 49.802185 4.2949452 1.6597991 1.8616252 5.7566104 0.06882562 4.0686383
0 5 0.051346064 -7.614513 2.5683362 87.66353 4.8108664 1.4748008 1.9614307 2.0408876 -0.013460515 -6.1170044
0 5 0.0503341 5.3752522 2.106728 120.18405 4.9553123 1.7226241 2.076258 4.678057 -0.024388859 3.9763896
1 5 0.054979272 -2.0930836 2.0654573 104.94092 5.471952 2.015901 2.1571648 1.6197104 -0.030854378 -2.741906
3 5 0.29648829 -13.553572 2.1388016 17.362728 11.841734 3.3784342 2.9290445 1.6492137 -0.17063163 0.19501841
3 5 0.14181978 -13.163846 2.2190151 17.297417 11.929634 3.3475072 2.9996388 1.6584411 -0.1328261 0.4302243
3 7 0.10097428 -14.100792 2.7941086 17.567154 12.0718775 3.0566027 2.9773178 4.868066 0.08537346 0.084211096
3 5 0.08728338 -12.820896 1.8908911 16.729383 11.806493 3.1876395 2.932238 1.5988388 0.025880454 0.20109811
3 5 0.06967131 24.943327 1.1636182 138.47719 12.665477 3.0220296 3.026163 4.826186 0.0009061806 3.8972354
3 5 0.053265493 -14.409548 1.7396178 24.813192 7.0644813 2.2473547 2.1693182 4.8371744 0.014963822 1.5255046
3 5 0.052234698 25.633417 1.1237391 143.35121 12.497063 2.9725003 3.0595932 4.841496 -0.04448437 4.5907025
3 5 0.050002817 -15.295816 1.8863767 28.0513 7.1261916 2.3543746 2.2313673 4.9339657 0.0632315 0.1983315
7 3 0.4549539 -6.6662474 1.9226427 16.117115 0.734877 1.7202159 0.71606404 3.8346484 -0.074624784 0.051221907
7 3 0.25317398 -6.890747 1.9509503 16.689384 0.69149375 1.6840858 0.652272 3.8616738 -0.06297757 0.081785694
7 3 0.15964182 -6.6863523 1.9257195 16.178679 0.77883154 1.7292159 0.7113226 4.0795646 -0.013212496 0.012264483
7 3 0.14849833 -6.7553587 1.9390877 16.31493 0.66650623 1.703891 0.6529189 3.752877 -0.049137168 0.14988667
7 3 0.12628125 -6.9671392 1.9568824 16.8473 0.70629454 1.695657 0.6569647 4.085625 0.056053534 0.14152986
7 3 0.09528941 -6.608376 1.8751144 16.22258 0.65973777 1.7227169 0.640514 4.2610087 0.12032177 0.005123349
7 3 0.08617662 -6.454453 1.8306972 15.820555 0.56047237 1.7431796 0.59507 4.1258707 0.08657024 -0.008757216
7 3 0.07483655 -6.707262 1.9312178 16.22309 0.7370747 1.7489405 0.7179622 4.3932858 0.026294643 0.21765497
7 3 0.06744746 -6.628189 1.929815 16.098885 0.7246994 1.7494609 0.67098534 4.354916 -0.023448706 0.07853855
7 3 0.06139396 -7.541537 2.110845 18.156351 0.68986523 1.6239587 0.6536429 4.3722715 -0.09562313 0.13747278
7 3 0.058413815 -7.507149 1.9806685 18.025799 0.6414783 1.6261734 0.6359798 4.3601303 -0.13334076 0.1760627
7 3 0.057912454 -7.7023954 2.1546006 18.626816 0.6915058 1.6411958 0.6570526 4.353119 -0.10387399 0.15322739
8 8 0.056525733 21.875689 1.754 28.797028 0.3710956 0.65431565 0.3842685 6.0737143 -0.0638573 -0.027413692
