0 5 0.3774356 27.546797 1.647835 45.286987 4.536363 1.5531162 1.9151285 3.518139 0.0020875726 0.0015817769
0 5 0.21755995 27.114063 1.6333684 44.60708 4.5140495 1.5283746 1.9138988 3.5343463 0.019028386 0.001150256
0 5 0.16116759 -8.056825 2.641747 85.4647 4.701982 1.4870422 1.9339591 2.2835908 -0.04042528 -5.070945
0 5 0.15565535 27.444794 1.633832 45.052135 4.552069 1.535429 1.9079871 3.53924 0.011773417 -0.009876089
0 5 0.14301707 28.114363 1.6077008 46.17568 4.5343733 1.549938 1.9231436 3.4960878 0.031534657 -0.005498819
0 5 0.112309664 -4.595763 2.5885887 94.578156 4.7093177 1.569793 1.9744859 1.8906573 -0.049302697 -5.2290235
0 5 0.106908165 40.78513 0.33336288 48.070526 4.2734747 1.6708074 1.8589785 5.7679477 0.08174832 5.407369
0 5 0.09855385 31.105576 1.7960956 50.86687 4.3177004 1.526132 1.8538387 3.4812634 -0.03635487 0.016871147
0 5 0.09752084 0.3800708 2.3365076 110.31091 5.0122495 1.8690763 2.0619524 1.8076596 0.058581084 -2.3651724
0 5 0.09612238 27.98267 1.6494229 45.89107 4.54299 1.5260015 1.909338 3.5095108 0.021183817 0.005505126
0 5 0.0878934 41.654373 0.30652142 48.83724 4.2893395 1.672774 1.8565402 5.788786 0.058653183 5.518873
0 5 0.08759253 30.818302 1.8215703 50.335983 4.294443 1.5425482 1.8485053 3.5192769 -0.07559077 0.012327179
0 5 0.0874044 -0.19852257 2.1664038 110.99181 4.9813766 1.8859785 2.070527 1.731333 0.010100869 -2.6979182
0 5 0.08624671 27.712791 1.5849726 45.575813 4.538246 1.5613468 1.9236027 3.458517 0.013804717 0.018432062
0 5 0.083144724 -8.138504 2.637555 86.45037 4.763477 1.4993316 1.961305 2.2107282 -0.0075508673 -4.854542
0 5 0.08213225 -2.0672402 2.0615437 104.06986 5.4493623 2.0253246 2.131808 1.6419289 -0.037725423 -2.5083368
0 5 0.08106586 -3.0344014 2.3557196 96.56014 5.0081234 1.7511758 2.0324528 1.6899778 -0.0594408 -2.8328848
0 5 0.0722742 -4.4634957 2.564341 93.685036 4.741631 1.5918657 1.9795789 1.8413018 -0.078831546 -4.1434903
0 5 0.07041584 -4.587376 2.5901856 93.186 4.652645 1.5522108 1.9676064 1.8944882 -0.08863214 -5.494368
0 5 0.067775086 43.506237 0.28680557 51.73326 4.605234 1.6822678 1.9636033 5.8458076 -0.016335644 2.544684
0 5 0.065733105 29.344292 1.8480737 48.734367 4.365743 1.5544145 1.8873196 3.5357165 -0.013100407 0.0027142297
0 5 0.06539931 29.573914 1.7791998 49.2021 4.3972497 1.5351138 1.8884811 3.4972942 -0.051469505 -0.0098218
0 5 0.06467255 0.8482291 2.3725498 108.24232 4.868617 1.8121895 2.0357838 1.8150235 0.078328274 -1.9635587
0 5 0.064160824 -8.133442 2.6600652 85.6685 4.6526947 1.5112914 1.9269693 2.1879303 -0.03580969 -4.4790154
0 5 0.0631856 40.400326 0.34464142 47.931522 4.3086915 1.6546171 1.854625 5.7118306 0.087340176 5.209292
0 5 0.06126588 44.08845 0.24229318 51.340477 4.6310987 1.6861566 1.953316 5.8821387 -0.00595064 4.144672
0 5 0.059302486 -8.151815 2.6018255 86.901726 4.770073 1.4897522 1.9770815 2.2717597 0.0015248954 -5.130511
0 5 0.057633486 -7.6793723 2.6279545 87.71735 4.7412825 1.4859 1.9604546 2.2045028 -0.018009769 -5.6343246
0 5 0.057574257 41.974716 0.3061152 49.223602 4.3309875 1.663092 1.8689038 5.7757034 0.06420046 5.177822
0 5 0.056008182 -3.427719 2.4656417 96.241684 4.9153256 1.6992861 2.0105443 1.7184298 -0.01768092 -3.7999501
0 5 0.05426575 44.49943 0.040595174 51.970646 4.688041 1.6920694 1.9637967 5.8625407 0.0067031514 4.502043
0 5 0.053954512 -21.880981 1.8664463 71.74297 4.5027304 1.6796601 1.9251609 4.3991647 -0.008691218 9.694096
0 5 0.053629845 43.39853 0.265132 50.297596 4.278622 1.6714474 1.8490582 5.8122296 0.013378514 5.19767
0 5 0.05279329 0.12670371 2.2609344 110.39958 4.893874 1.7689203 2.0457687 1.7715877 -0.03980513 -2.1144485
0 5 0.051048025 41.440067 0.28757793 49.513084 4.3073006 1.6607465 1.8621545 5.7314444 0.071844034 4.2519197
0 5 0.0505935 31.554565 1.6913526 50.73932 4.414222 1.5894611 1.8987275 3.4324014 -0.025640804 0.0029651877
0 5 0.05052973 -21.620445 1.932086 71.22996 4.4853315 1.693684 1.9237708 4.4365973 -0.0033232244 9.488068
1 5 0.05689212 -2.0672402 2.0615437 104.06986 5.4493623 2.0253246 2.131808 1.6419289 -0.037725423 -2.5083368
3 5 0.15626095 -13.842343 2.0239434 16.079655 12.12704 3.0798733 2.8882039 4.116377 -0.03336953 4.2161636
3 5 0.112074465 23.935387 1.2902039 134.59732 12.564303 3.0100257 3.04427 4.816815 0.0061757825 3.1543915
3 5 0.10826785 24.130863 1.2638091 138.16368 12.403473 2.935155 3.0731206 4.8154063 -0.021999262 3.3869922
3 5 0.072637066 -16.458767 2.3558135 19.165634 12.053963 3.0565765 2.9321818 4.0580664 -0.046482958 3.3569484
3 5 0.06490106 -15.531801 2.0828862 18.92495 11.963309 3.0010037 2.9115427 4.0844207 -0.04240856 3.1360407
3 5 0.059642922 23.466288 1.1103499 141.68782 12.126949 2.8144267 3.045578 4.8144546 -0.043390654 4.603634
3 5 0.053106196 -15.452733 2.6148007 17.749191 11.777434 3.3792565 2.8647728 4.2481327 -0.070568256 0.86379266
3 5 0.052319296 -24.331789 2.2778413 29.589418 11.865878 3.0647948 2.8135579 3.901458 -0.09021725 5.65619
3 5 0.051894944 24.322605 1.2118406 136.90733 12.567948 2.9767582 3.043416 4.8352714 -0.0071470374 3.2383409
3 5 0.050749563 23.43009 1.3611825 129.67517 12.508977 3.0566194 2.9874637 4.8398986 0.02547708 3.2544463
7 3 0.41878924 -7.2926154 2.0937405 17.589052 0.7263561 1.7252276 0.69162726 6.1131883 0.26584044 -0.053229418
7 3 0.24598083 -7.258469 2.1083307 17.432478 0.7062549 1.7299111 0.6689762 6.14203 0.18751548 -0.040571183
7 3 0.21662346 -7.4217343 2.136642 17.762648 0.70455855 1.7206304 0.65628713 6.1955194 0.2447734 0.006332984
7 3 0.15797146 -7.3654475 2.1020985 17.820744 0.6774794 1.7232146 0.6914304 6.0892177 0.2188654 -0.019128775
7 3 0.12419174 -7.784342 2.1863263 18.820305 0.7733561 1.6745913 0.6761911 6.11664 0.11974994 -0.039703637
7 3 0.10773258 -7.8378797 2.064229 18.858528 0.7655354 1.656644 0.66612285 6.10847 0.058506705 -0.037673034
7 3 0.101002865 -7.967815 2.2217157 19.273134 0.7566263 1.6771777 0.6688163 6.2080817 0.08682927 -0.032397225
7 3 0.09018041 -7.926761 2.1012006 19.073076 0.8129881 1.6796181 0.67574555 6.173187 0.097123414 -0.017238341
7 3 0.07346448 -7.194548 2.0460093 17.445711 0.6235419 1.7585597 0.60783684 5.963028 0.19566053 -0.054215528
7 3 0.06916602 -7.093237 2.0249426 17.176434 0.6466985 1.7831213 0.62439096 5.9869075 0.14368068 -0.024421897
7 3 0.06334634 -7.4860067 2.2152476 17.73395 0.59282887 1.7625389 0.5899611 5.7062445 0.19157529 0.22818717
7 3 0.059621476 -7.7956314 2.162949 18.71969 0.7760984 1.6702731 0.6861624 5.9899206 0.074262604 -0.014884882
7 3 0.054247305 -7.3424687 2.044643 17.490625 0.74094224 1.7137345 0.6823698 5.9567323 0.19771266 -0.029130884
7 3 0.05297071 -7.098472 2.1025379 17.021244 0.6975591 1.7236108 0.64916724 6.04954 0.16984966 0.037317365
7 3 0.051141735 -7.500756 2.0988493 18.27568 0.7313576 1.7278168 0.6901036 6.031813 0.25049722 0.008070659
7 3 0.051022578 -8.049807 2.2500296 19.59235 0.7416385 1.6807967 0.65851086 6.284465 0.09650661 -0.05325041
8 8 0.06688105 22.68623 1.8242736 29.8096 0.40126318 0.63884896 0.41912115 5.979045 -0.06446011 -0.03465629
8 8 0.05935557 22.546494 1.8123806 29.589178 0.40506205 0.6370408 0.45093596 5.871226 -0.03618551 -0.03724076
8 8 0.05835398 22.59493 1.7723378 29.729494 0.4106211 0.6452605 0.39223853 5.824358 -0.07464332 -0.023336392
8 8 0.05724172 22.394604 1.7463791 29.417833 0.41833097 0.6352262 0.41560653 5.745826 -0.030185034 -0.017938796
