0 5 0.38717633 27.141724 1.6299605 44.591766 4.522158 1.5553256 1.9108149 3.541112 -0.0050915955 0.0026027896
0 5 0.21556024 26.71187 1.5936255 43.931385 4.4866104 1.5339708 1.9059812 3.5373378 0.013513748 0.0022492912
0 5 0.16938566 -8.0334215 2.606351 85.325356 4.7131224 1.4785876 1.9350803 2.1949952 -0.037931517 -5.314001
0 5 0.16282937 27.01426 1.6154943 44.319572 4.538136 1.5301427 1.9022768 3.5595827 0.007512033 -0.009047265
0 5 0.14933966 27.854557 1.5846761 45.697754 4.548184 1.5525589 1.9255481 3.5359645 0.032357894 -0.0013441201
0 5 0.12475934 26.56687 1.5816958 43.721664 4.5028286 1.5370986 1.9087424 3.4879525 -0.040660746 -0.32254803
0 5 0.11585484 -4.5821514 2.5524209 93.77621 4.7314377 1.545912 1.96754 1.7992213 -0.04507029 -5.6920156
0 5 0.11210774 26.759335 1.5878067 44.129982 4.4905033 1.5188918 1.9015127 3.524681 0.040489815 0.0022849664
0 5 0.101191565 29.973162 1.7555443 49.018154 4.3103695 1.5332243 1.8446056 3.503129 -0.035264596 0.025423873
0 5 0.101152435 40.872875 0.3118449 48.13265 4.2526765 1.6676906 1.8504208 5.7902193 0.08409434 4.962729
0 5 0.09877735 27.576557 1.6187183 45.177616 4.549105 1.5207633 1.9104908 3.5588567 0.023119533 0.011076089
0 5 0.09111593 29.75745 1.7846472 48.581062 4.273592 1.5462078 1.8367037 3.5428908 -0.086049445 0.01604265
0 5 0.087378 0.6456777 2.3180304 115.2317 5.0795155 1.8664558 2.0973213 1.7445561 0.06365618 -2.0330596
0 5 0.084715255 41.737812 0.27958912 48.89163 4.266688 1.6689178 1.8480283 5.8089495 0.054811083 4.7536383
0 5 0.08090353 -8.117033 2.5813222 86.21082 4.766665 1.4869515 1.9638491 2.1552393 -0.0068031 -5.007985
0 5 0.07637014 40.80463 0.3138641 48.340576 4.259231 1.657999 1.8495549 5.7564087 0.10609758 4.429755
0 5 0.07467194 28.825924 1.7095615 47.79275 4.402344 1.5419215 1.8832909 3.506848 -0.054875754 -0.017775128
0 5 0.073937945 0.053697433 2.160724 114.672005 5.123529 1.9051049 2.1056848 1.6562653 0.01630023 -2.239356
0 5 0.07336255 -4.6004267 2.5622876 92.3529 4.6774497 1.5320688 1.9599146 1.8068457 -0.0867925 -5.9028516
0 5 0.07261062 43.159264 0.27295 51.220036 4.5910926 1.6759868 1.9587182 5.8634996 -0.0099111395 2.186434
0 5 0.07119782 -4.4657817 2.5394616 93.00713 4.7746143 1.5661904 1.9703209 1.7453389 -0.08000635 -4.505353
0 5 0.07058332 -3.3230226 2.4121723 95.68243 4.905304 1.649858 2.0013053 1.612604 -0.054681815 -3.137771
0 5 0.07027878 28.458546 1.7532239 47.03597 4.3687196 1.5613656 1.8784194 3.5671945 -0.019352874 0.0011498295
0 5 0.06964143 -20.99209 1.8875449 68.503105 4.5462384 1.6770688 1.9226 4.461317 -0.03639793 10.448344
0 5 0.06777539 1.1945517 2.4034805 114.12156 4.9263625 1.7824482 2.0768552 1.6697555 0.075407445 -1.5372996
0 5 0.06647248 -8.181494 2.616585 85.66205 4.6725125 1.5002407 1.9292839 2.126802 -0.034891944 -4.7650247
0 5 0.064965285 43.49908 0.24241358 50.611935 4.6349974 1.6853272 1.9499515 5.895053 -0.0007661842 3.5932817
0 5 0.064678565 -20.77698 1.8925585 68.55101 4.497891 1.6640241 1.9109316 4.498486 0.0003535226 11.367854
0 5 0.064267755 -2.0906997 2.0560586 104.406715 5.2396417 1.8681593 2.0828912 1.5736396 -0.03656365 -2.4672315
0 5 0.060129363 2.567982 2.439669 115.96548 4.852205 1.7043864 2.0614405 1.5023186 0.037563838 0.23071644
0 5 0.059562456 -7.6456466 2.5766346 87.024506 4.7632747 1.4721013 1.9536219 2.0776563 -0.013908 -5.9680347
0 5 0.057401072 -20.596117 1.9225743 67.8604 4.5285425 1.6766274 1.9189358 4.486539 -0.03231998 9.847636
0 5 0.05694578 43.93798 0.028124928 51.26457 4.7045794 1.6955885 1.9630561 5.8783426 0.01620409 3.8799071
0 5 0.056714326 44.466824 0.3118407 52.433323 4.5909295 1.6896455 1.9699652 5.8983526 -0.0041813487 2.4881403
0 5 0.054606125 40.49255 0.30646002 48.021152 4.288455 1.6418645 1.8452489 5.729497 0.07824161 4.781773
0 5 0.05444027 30.455978 1.634515 48.98933 4.4213524 1.5936092 1.8890641 3.4331086 -0.024699822 0.179434
0 5 0.053851694 43.414562 0.23730093 50.27731 4.25394 1.6615425 1.8408743 5.8300815 0.012863768 4.452393
0 5 0.053599406 30.442684 1.5919478 49.66605 4.3633018 1.5252999 1.8554697 3.5630994 -0.01176084 -0.0004491806
0 5 0.053562064 44.794785 0.28457534 53.74731 4.547836 1.6943575 1.9532621 5.9259696 9.7701326e-05 2.5787177
0 5 0.053464632 41.99766 0.269951 49.190334 4.306037 1.6546541 1.8573842 5.797957 0.05774059 4.502505
0 5 0.05245508 -19.26231 2.1887584 76.31368 4.5345626 1.706265 1.9507107 4.4020743 0.008708991 7.364381
0 5 0.052394446 -3.5969677 2.4634802 95.21528 4.9018984 1.6411768 2.0012069 1.6537786 -0.013943689 -4.0793567
0 5 0.051483832 0.37166604 2.279066 115.80843 4.886819 1.7444149 2.05661 1.733601 -0.02664674 -1.0620918
3 5 0.09831907 23.990591 1.214721 135.82288 12.572463 3.0486732 3.0039022 4.8181105 0.0036277361 3.4833443
3 5 0.08819441 24.39027 1.1875956 138.92944 12.402337 2.973699 3.0500696 4.809876 -0.022607747 3.6998749
7 3 0.43879235 -7.373132 2.0897536 17.724768 0.723359 1.717374 0.6884129 6.037769 0.35211095 -0.041468203
7 3 0.26567757 -7.3002653 2.096559 17.501974 0.7123158 1.7212226 0.66857433 6.0709777 0.26470488 -0.041212372
7 3 0.22981553 -7.457103 2.1316633 17.823929 0.7157279 1.7120866 0.6509608 6.152573 0.31238776 -0.0051025134
7 3 0.13509765 -7.424895 2.088726 17.890587 0.6803019 1.7058522 0.69004387 6.0417523 0.26115814 -0.008991094
7 3 0.09191544 -7.7721 2.1845694 18.78863 0.7792216 1.6640781 0.67434585 6.092902 0.19015247 -0.051991362
7 3 0.0827953 -7.7477274 2.0563586 18.623013 0.7860373 1.6439015 0.66125697 6.0131736 0.113333635 -0.050347634
7 3 0.07507084 -8.000693 2.2238955 19.347782 0.76522976 1.6588866 0.6670819 6.152979 0.15465064 -0.041102055
7 3 0.073975384 -7.3496604 2.0324035 17.616264 0.6470324 1.7638675 0.6244267 5.933303 0.22007029 -0.04958643
7 3 0.0690066 -7.8791194 2.1065621 18.94215 0.8414769 1.669161 0.66734207 6.043127 0.17558473 -0.026553323
7 3 0.06627575 -7.210799 2.0172176 17.315489 0.6574603 1.7829095 0.6338792 5.9382567 0.15783909 -0.0075999033
7 3 0.060105592 -7.6019077 2.2107573 17.981745 0.6201212 1.7542703 0.5995224 5.759882 0.20748928 0.27229416
7 3 0.059016697 -7.223723 2.1145372 17.360508 0.7360568 1.7142208 0.6291547 5.971339 0.21901047 0.0040263794
7 3 0.054716203 -7.4692574 2.0696778 17.936832 0.7375331 1.7276615 0.66446686 5.908821 0.3187185 -0.062109552
7 3 0.05373014 -7.1919837 2.1084082 17.21421 0.7216084 1.7134755 0.6511349 5.9594216 0.22332504 0.029912934
8 8 0.06956447 22.623253 1.8223814 29.7433 0.40346032 0.64328176 0.42870954 5.9784007 -0.065906495 -0.03840497
8 8 0.06230424 22.488565 1.8142762 29.51318 0.4073583 0.6417651 0.46095553 5.87366 -0.034457892 -0.038897425
8 8 0.0622886 22.345942 1.7521025 29.35256 0.42180517 0.6383365 0.4201177 5.7521257 -0.027769616 -0.020211246
