0 5 0.396961 26.9817 1.6244626 44.356785 4.520569 1.5620464 1.9128245 3.545922 -0.0037364438 0.006248599
0 5 0.21619563 26.542227 1.5981271 43.686985 4.491502 1.538598 1.9073075 3.5362327 0.018287772 0.010195676
0 5 0.16339043 26.805687 1.609869 44.00974 4.539379 1.5368589 1.9047444 3.5595722 0.006653147 -0.009361958
0 5 0.15180448 27.747902 1.5828564 45.55937 4.544368 1.5571675 1.924863 3.534552 0.04238628 0.002296336
0 5 0.15164508 -7.995631 2.5937395 84.81501 4.721299 1.4721844 1.9344934 2.16412 -0.040161766 -5.2679605
0 5 0.13093154 26.41402 1.5808313 43.525352 4.5137916 1.5449989 1.9138538 3.4865746 -0.046321485 -0.103271395
0 5 0.11630394 -4.59328 2.5633287 93.82317 4.73309 1.5526445 1.9748079 1.8570588 -0.045579262 -5.5172906
0 5 0.103607155 29.930805 1.7647457 48.972664 4.3210926 1.5408177 1.8499086 3.5074968 -0.038537238 0.025539659
0 5 0.09986319 40.978386 0.32090682 48.31029 4.265448 1.6742883 1.8555008 5.773694 0.088306814 5.630659
0 5 0.098823175 27.49405 1.6223066 45.08453 4.554414 1.5285954 1.9128517 3.5560262 0.029935775 0.0163612
0 5 0.09754244 0.3185126 2.3584619 111.13845 5.0173225 1.8583615 2.073524 1.7626427 0.06367809 -1.5637828
0 5 0.09553541 27.30544 1.5436994 44.953945 4.5493445 1.5752901 1.9282955 3.4943156 0.014734296 -0.057862896
0 5 0.09115024 29.72506 1.7815328 48.54106 4.285007 1.5515195 1.841391 3.5475566 -0.088282555 0.017037164
0 5 0.08577836 -0.13656726 2.1762457 112.048004 4.9625244 1.8695363 2.0698116 1.7148887 0.01480983 -2.4218369
0 5 0.08491073 41.956436 0.29452223 49.17434 4.280382 1.6741089 1.8520623 5.7958245 0.06490923 5.6566887
0 5 0.07867754 28.784235 1.7089686 47.76326 4.4112206 1.5415288 1.8855326 3.5114913 -0.05038523 -0.014919848
0 5 0.07834688 -3.0028472 2.3058848 96.92943 5.071826 1.766227 2.0505104 1.6586759 -0.058362804 -2.879559
0 5 0.07811727 -1.9837986 2.0267873 105.21244 5.472504 2.0301256 2.142637 1.6336231 -0.040391527 -2.4589775
0 5 0.073659234 28.46044 1.7563128 47.09389 4.375542 1.5601796 1.8790916 3.5715213 -0.017870378 0.0036274549
0 5 0.073599026 -8.06882 2.570559 85.6721 4.7695875 1.482072 1.9614806 2.1328692 -0.009929425 -4.982973
0 5 0.073356144 -4.5967026 2.561947 92.39735 4.681309 1.5367426 1.9649527 1.858134 -0.089301124 -5.651268
0 5 0.07300817 -4.450324 2.53867 93.02306 4.766239 1.5746926 1.9767768 1.7963511 -0.07910135 -4.2660694
0 5 0.07217245 43.17369 0.26294357 51.27909 4.608948 1.6864548 1.9626858 5.8293185 -0.0138451 2.9553704
0 5 0.071686916 -4.6788816 2.5562015 93.37129 4.7274776 1.5340431 1.9621326 1.9085431 -0.048571758 -5.946609
0 5 0.06972047 -21.172682 1.8788297 69.26071 4.48644 1.6507143 1.9059237 4.4413357 -0.014985842 10.683523
0 5 0.066387676 -21.005568 1.9268222 68.852234 4.5352716 1.6744186 1.9192342 4.433471 -0.040684372 9.36911
0 5 0.06463539 43.70412 0.22941804 50.887577 4.6474404 1.6942434 1.9523958 5.8693295 -0.002392456 4.3337507
0 5 0.064619415 42.756123 0.06262976 51.049572 4.6640058 1.6787882 1.9689975 5.8348413 -0.013325643 2.6761823
0 5 0.061163913 -7.581538 2.5731802 86.918015 4.7685857 1.4730151 1.9552932 2.115471 -0.016509665 -5.9227996
0 5 0.060260788 0.6661576 2.3745975 109.615 4.9035563 1.8124052 2.0567677 1.7599458 0.0790697 -1.033513
0 5 0.059088826 40.528645 0.32238048 48.08858 4.3007846 1.6502663 1.8490615 5.713825 0.09396164 5.5556846
0 5 0.059031118 -8.127547 2.6133053 85.212814 4.6840925 1.4974736 1.9313021 2.094449 -0.037445664 -4.6579084
0 5 0.057846148 44.16749 0.014411509 51.565903 4.717504 1.7029618 1.9672132 5.850216 0.017001232 4.6602445
0 5 0.055884663 -8.048268 2.536831 86.022545 4.782801 1.474836 1.975559 2.1925986 0.006301677 -5.3880405
0 5 0.05564432 42.29014 0.2901166 49.573704 4.3222265 1.6603147 1.8640625 5.7830935 0.07065108 5.27006
0 5 0.05503271 30.364153 1.5815154 49.605717 4.370717 1.523965 1.8553987 3.5616724 -0.0066187205 0.0017367415
0 5 0.053794187 43.805103 0.24833769 50.748997 4.271808 1.669477 1.8459452 5.827144 0.019119909 5.087102
0 5 0.053584572 44.412643 0.30378234 52.329903 4.6042433 1.7008626 1.9758965 5.86081 0.00019387342 3.2576432
0 5 0.053300753 30.52257 1.5860907 49.08437 4.4413605 1.6055363 1.8991538 3.4313123 -0.023373624 0.3677135
0 5 0.05304052 -20.626612 1.955334 67.94176 4.5109506 1.6823773 1.9174261 4.4672503 -0.038655438 9.032266
0 5 0.05266836 44.76434 0.27923173 53.686275 4.559708 1.7080613 1.9586581 5.8884406 0.0026033036 3.4060924
0 5 0.052002326 -3.4068105 2.4330354 96.16994 4.9596677 1.6925551 2.015862 1.6855457 -0.01736865 -3.8920083
1 5 0.0563443 -1.9837986 2.0267873 105.21244 5.472504 2.0301256 2.142637 1.6336231 -0.040391527 -2.4589775
3 5 0.08286657 24.214378 1.1730406 136.79301 12.557149 3.0336857 3.0290694 4.822532 -0.001458725 3.4206011
3 5 0.06958937 24.824041 1.1533471 139.97908 12.416379 2.9496455 3.0657635 4.814767 -0.039310556 3.886032
7 3 0.428452 -7.4580135 2.1038744 17.919077 0.69965816 1.7067231 0.6769099 6.044512 0.3558282 -0.04030505
7 3 0.25913388 -7.36957 2.1083305 17.665958 0.6925351 1.7081097 0.6506884 6.0716105 0.2725143 -0.037991434
7 3 0.22727245 -7.5138946 2.1440523 17.95598 0.7014204 1.7068137 0.6385841 6.1668096 0.31439796 0.00494428
7 3 0.13010801 -7.4108744 2.0896897 17.790556 0.6885082 1.7114234 0.6253674 6.0438786 0.3303119 0.019924507
7 3 0.12456236 -7.5243754 2.1111422 18.109594 0.66616416 1.7010902 0.6756372 6.0435977 0.2578785 -0.0036975238
7 3 0.11886393 -7.8729625 2.210666 19.031237 0.77503824 1.6742847 0.67548746 6.090361 0.19332284 -0.0561176
7 3 0.09707339 -8.087755 2.2433667 19.54665 0.75002044 1.6648142 0.6627969 6.1513934 0.15795921 -0.044404257
7 3 0.0740393 -8.048357 2.1488054 19.339172 0.792461 1.6722543 0.66669166 6.069201 0.19793764 -0.013498149
7 3 0.06565027 -7.328989 2.124558 17.594727 0.72148824 1.7031444 0.61980057 5.9731812 0.2169504 0.00020656176
7 3 0.059744775 -7.845151 2.1753044 18.837915 0.7935692 1.675368 0.70419586 6.0041804 0.14034379 -0.044859722
7 3 0.0585035 -7.2935944 2.119822 17.43613 0.7086227 1.7030224 0.63839847 5.9782944 0.2207546 0.025831904
7 3 0.05806549 -7.7111607 2.2266016 18.190725 0.60024047 1.7613423 0.5906418 5.819851 0.18664569 0.23271397
8 8 0.0632232 22.332047 1.8051579 29.330635 0.38724846 0.6412206 0.41008428 5.7608695 -0.08344077 -0.019087872
8 8 0.061584324 22.028847 1.7254026 28.91332 0.4067455 0.6391832 0.40870798 5.6043315 -0.05013799 -0.006925065
8 8 0.06063533 22.217518 1.7960243 29.129427 0.39386535 0.63865936 0.44325674 5.7093225 -0.05340065 -0.020821605
8 8 0.058216035 22.289871 1.7515562 29.316736 0.39788273 0.640784 0.38659093 5.6519737 -0.08838588 -0.01061947
