0 5 0.33610702 27.33247 1.5226595 44.381565 4.578161 1.579225 1.9282701 3.516051 -0.020805731 0.0048794467
0 5 0.22724012 27.028347 1.5574226 43.948776 4.59001 1.5429894 1.9224036 3.5315988 -0.004675486 0.0064811073
0 5 0.17674977 26.768568 1.4707738 43.40009 4.5372024 1.5340147 1.9190332 3.5349298 0.005211614 0.021380559
0 5 0.15647753 28.151419 1.5279261 45.6756 4.602469 1.583013 1.9423416 3.5164769 -0.0037048617 -0.0017593838
0 5 0.14915684 -8.047244 2.6060073 85.87316 4.7295284 1.4862869 1.9365455 2.3242905 -0.04218369 -4.959201
0 5 0.14077649 26.5835 1.4871256 43.283066 4.546376 1.5232798 1.9179126 3.5024981 0.024018647 -0.0072826445
0 5 0.13307999 27.764225 1.5465026 45.09913 4.5977464 1.5491797 1.9347363 3.538334 0.017193133 -0.00045311078
0 5 0.108277 -4.610458 2.5700905 95.2428 4.7406263 1.5570358 1.9762421 1.8843904 -0.048257075 -5.6229715
0 5 0.10016989 41.447506 0.28592515 48.830532 4.2421494 1.6680965 1.8500199 5.776686 0.07771278 4.8304324
0 5 0.08969237 0.2967874 2.287897 114.05845 5.1039953 1.9139004 2.1058 1.7894672 0.07119935 -2.3089972
0 5 0.083124265 42.457497 0.24277139 49.725468 4.258627 1.670254 1.8500946 5.801117 0.04627709 4.6999383
0 5 0.08151329 -0.08004003 2.1633682 113.848656 5.0209074 1.9256417 2.1056964 1.730611 0.015371168 -2.381881
0 5 0.07883152 27.163105 1.4780221 44.143818 4.5624585 1.5778003 1.9348052 3.4903097 -0.03682486 -0.004787693
0 5 0.07622276 -3.1480372 2.3891704 97.71337 4.970736 1.7210842 2.036186 1.6933604 -0.058208942 -2.9929664
0 5 0.075143985 29.902502 1.5596476 48.03438 4.396204 1.5953053 1.8880574 3.430325 -0.0004389882 0.011562187
0 5 0.07420814 30.343029 1.5468701 48.060738 4.526439 1.6407164 1.9255137 3.4358788 -0.055875182 0.009936094
0 5 0.07396721 -2.1179173 2.0709403 105.404106 5.2185802 1.9526917 2.1213777 1.646568 -0.032233007 -2.5614884
0 5 0.07111547 -8.1319275 2.581466 86.91951 4.7920732 1.4946406 1.9664093 2.2123342 -0.01372212 -4.7486844
0 5 0.06938421 -4.5064487 2.5626159 94.29281 4.7782145 1.5834045 1.9844745 1.8473932 -0.076960035 -4.3676457
0 5 0.06795489 -4.6311474 2.5819361 93.71515 4.687094 1.5373389 1.9688884 1.9102379 -0.089640886 -5.864536
0 5 0.067537904 30.730335 1.6156878 49.921562 4.393577 1.5529296 1.8761045 3.469505 -0.03802028 0.038484655
0 5 0.06684086 43.949738 0.22662187 52.244568 4.5659714 1.6611884 1.9449371 5.8549423 -0.015988443 2.289665
0 5 0.05897354 -8.157594 2.6191716 86.22801 4.678378 1.5077034 1.9271183 2.2251263 -0.037416298 -4.2330523
0 5 0.058660906 43.297844 0.040835023 51.736607 4.599637 1.6554078 1.9549537 5.8605766 -0.017019724 1.8685231
0 5 0.058623254 44.564476 0.19389486 51.88036 4.596407 1.667969 1.9403445 5.8968754 -0.0058670817 3.511717
0 5 0.058618844 30.135235 1.6742709 48.98648 4.3411565 1.556916 1.8565947 3.498713 -0.0693537 0.022261407
0 5 0.0584716 -7.6831203 2.5861087 88.06465 4.7745295 1.4798895 1.9595133 2.158444 -0.013058889 -5.834457
0 5 0.05754121 44.130714 0.18731678 51.0753 4.264276 1.6688533 1.8487356 5.8213973 0.00970743 4.5851574
0 5 0.056991726 29.160868 1.5677876 46.893326 4.4264 1.5899625 1.8712958 3.5127783 -0.020932276 0.006379042
0 5 0.056945726 5.5086365 1.9351425 124.590485 4.98424 1.765332 2.1138973 4.702579 0.031725958 4.5609164
0 5 0.055814676 40.961174 0.30108392 48.587906 4.2812896 1.6415049 1.8483374 5.7100196 0.07968342 4.7768803
0 5 0.055389557 30.376846 1.4982486 48.996456 4.3659034 1.5599985 1.8602268 3.3862467 -0.004187935 0.012859531
0 5 0.055388894 30.485523 1.6677389 48.206505 4.4992256 1.6498524 1.9018289 3.5000813 -0.059813544 0.016505659
0 5 0.05531092 42.527954 0.23249418 50.011505 4.2656193 1.6723679 1.8590646 5.7801895 0.041141495 5.4552774
0 5 0.054505017 -29.479204 3.062517 37.2768 4.462808 1.6613272 1.9455588 4.4218855 0.01070842 0.039910138
0 5 0.053456537 28.849512 1.6955642 47.339546 4.4223886 1.5679348 1.8932457 3.4928277 -0.043361984 -0.0058701485
0 5 0.052862503 28.495323 1.7229416 46.81291 4.4460917 1.6041203 1.8947076 3.5268185 -0.031930327 0.014915682
0 5 0.052791055 27.506172 1.5051689 44.730915 4.553012 1.5736854 1.922544 3.5043871 -0.02254003 -0.0073699057
0 5 0.0525627 -3.4877355 2.4665577 97.261345 4.917896 1.6830541 2.016236 1.720623 -0.020399021 -3.9434788
0 5 0.05251376 0.6372323 2.2927797 112.67669 4.977892 1.8507006 2.082853 1.7427928 0.07914688 -1.8179661
0 5 0.050933015 44.87617 -0.019138277 52.386497 4.6323867 1.6695112 1.9477866 5.8811836 0.01034802 3.6938524
0 5 0.050115574 43.758526 0.21155936 51.08678 4.266215 1.6765467 1.8530308 5.811505 0.009379771 5.063784
1 5 0.051147155 -2.1179173 2.0709403 105.404106 5.2185802 1.9526917 2.1213777 1.646568 -0.032233007 -2.5614884
3 5 0.31886753 -15.663777 2.384018 18.968023 11.587027 3.4369893 2.885237 1.6157318 -0.15679406 1.4976457
3 5 0.086134076 24.768654 1.2543328 137.49129 12.644226 3.004319 3.0324655 4.815281 0.011536295 3.540146
3 5 0.066263326 25.228655 1.2094865 141.85344 12.4612255 2.9471471 3.0598633 4.823334 -0.030346861 4.081798
3 5 0.063979656 -15.038222 2.4704227 18.844595 11.88429 3.526978 2.9298804 1.6453342 -0.11637509 0.7921843
3 5 0.056156363 -16.288008 3.0684528 19.858551 12.371414 3.0998194 2.9837365 4.88131 0.118527465 0.15968335
7 3 0.39919466 -7.1649714 2.083259 17.275234 0.6850037 1.7192471 0.6542079 6.286387 0.23427938 -0.027962666
7 3 0.27822384 -7.2295337 2.0847821 17.442554 0.6698901 1.6913282 0.61762154 6.3666387 0.10398475 0.030795444
7 3 0.21716198 -7.136299 2.0910714 17.191494 0.6845748 1.7225405 0.64000666 6.291508 0.13922906 -0.019844215
7 3 0.1563788 -7.287402 2.112426 17.523436 0.69807047 1.7155782 0.6510885 6.4050894 0.14892678 0.053482614
7 3 0.11443676 -7.6673293 2.1649094 18.506248 0.71362394 1.6453099 0.67287993 6.3900795 0.054653868 0.077055745
7 3 0.09897462 -7.1753316 2.0140977 17.26897 0.56252 1.7244067 0.56647813 6.2574477 0.1467699 -0.009751656
7 3 0.089522 -7.884439 2.2009912 19.019371 0.69223917 1.6398084 0.65267396 6.4454722 0.02143109 0.04214064
7 3 0.07284128 -6.84025 1.9634011 16.473724 0.5568371 1.7506539 0.5720372 6.254442 0.08275943 -0.0383145
7 3 0.06803178 -7.5777783 2.0427864 18.228727 0.6447144 1.6167529 0.64244616 6.4787207 0.02972001 0.06930204
7 3 0.061613448 -7.1671023 2.1197808 17.056795 0.55644745 1.734659 0.5507765 5.895529 0.1494535 0.26710626
7 3 0.05573913 -7.1787663 2.1096683 17.341877 0.68920064 1.690393 0.6204048 6.301383 0.1269181 0.020346556
7 3 0.05388483 -7.6334147 2.150529 18.328209 0.70788723 1.6559235 0.6638769 6.347636 0.10313238 0.13714176
7 3 0.05064184 -7.316763 2.0740445 17.711441 0.70498484 1.7323258 0.66319895 6.1423445 0.2106643 0.041345008
8 8 0.061425406 21.697222 1.758609 28.423294 0.3756858 0.63782275 0.41905496 5.675923 -0.042825602 -0.037206553
8 8 0.056936376 22.028582 1.7812471 28.89023 0.37739468 0.6446478 0.3895644 5.722365 -0.064628065 -0.035269592
8 8 0.05579477 21.638752 1.6925852 28.365837 0.39499733 0.63880265 0.39435917 5.534559 -0.026489075 -0.027433077
