0 5 0.39470065 26.931324 1.616777 44.242634 4.5158715 1.5586649 1.9101118 3.5396047 -0.00446664 0.0017878748
0 5 0.2138117 26.464745 1.5823679 43.534744 4.4877486 1.534639 1.9055885 3.532923 0.012234069 0.0028947387
0 5 0.16817196 -8.089482 2.6037517 85.364586 4.720444 1.4740844 1.9351729 2.1897879 -0.038332403 -5.2139025
0 5 0.1668327 26.796541 1.6043894 43.958103 4.542672 1.5328578 1.9045031 3.5540857 0.006138969 -0.007243503
0 5 0.15218632 27.699028 1.5682505 45.438427 4.53986 1.5553312 1.9225265 3.519295 0.032715537 -0.0035469588
0 5 0.1259601 26.321297 1.5681404 43.35258 4.50169 1.5414594 1.9089907 3.4831202 -0.03918088 -0.022408184
0 5 0.11310673 -4.599955 2.5461855 93.80327 4.735023 1.5490241 1.9712464 1.8286765 -0.045756362 -5.513361
0 5 0.10682692 29.803402 1.7182125 48.787113 4.3013487 1.5365319 1.843918 3.485813 -0.03955909 0.019906156
0 5 0.100908205 27.439625 1.6096997 44.950634 4.549206 1.5234113 1.9097872 3.5444844 0.019613096 0.010477688
0 5 0.099417426 0.45570338 2.3321054 114.3378 5.0372157 1.852229 2.0879607 1.779446 0.0669764 -1.947921
0 5 0.09926072 41.22897 0.32621425 48.562126 4.253771 1.6686468 1.8530307 5.779975 0.08768375 5.1571565
0 5 0.09608867 27.242268 1.5349627 44.82653 4.5368466 1.5741329 1.9232295 3.4709008 0.0068447217 0.021053966
0 5 0.09204721 29.584673 1.7556491 48.357143 4.266526 1.5490452 1.836028 3.5234227 -0.084872864 0.015831117
0 5 0.083665825 42.207294 0.29772264 49.435455 4.2675467 1.6697836 1.8507609 5.8007617 0.062029816 5.006219
0 5 0.0828041 0.039253578 2.1714208 114.15807 5.009505 1.8674246 2.0854833 1.7288802 0.016029181 -2.2977533
0 5 0.08028348 28.700224 1.6716074 47.7126 4.398544 1.5415331 1.8837483 3.4879682 -0.048795253 -0.016241118
0 5 0.07961362 -8.149411 2.582433 86.15238 4.770733 1.4846481 1.9627434 2.1586177 -0.0066779666 -4.8884387
0 5 0.07534429 28.387503 1.7287443 47.013523 4.3523746 1.5582238 1.8746333 3.5350704 -0.013574952 -0.00088287704
0 5 0.07387166 -4.604132 2.5552654 92.34392 4.6740804 1.5342717 1.9624909 1.8306749 -0.086648315 -5.6906915
0 5 0.07253774 -4.461837 2.531375 93.05797 4.77267 1.5689832 1.9736178 1.7818344 -0.08015128 -4.34599
0 5 0.07209759 -3.2141218 2.3867064 96.16512 4.938425 1.6719314 2.0121567 1.6572013 -0.057096228 -2.9575438
0 5 0.07049569 -1.9573232 2.0520277 105.334564 5.2037354 1.8850263 2.0885267 1.631051 -0.042710304 -2.3321254
0 5 0.069795705 43.639706 0.26918995 51.836998 4.5985417 1.6776814 1.956975 5.8480034 -0.013682576 2.626797
0 5 0.0686798 -8.209103 2.6159449 85.55872 4.674823 1.4962114 1.9288664 2.1210632 -0.03619997 -4.7134204
0 5 0.06457298 -20.92292 1.8286958 68.66934 4.5320973 1.6680489 1.9166536 4.4312673 -0.0416589 9.3736105
0 5 0.061769783 0.8186467 2.3714387 113.156265 4.932143 1.7942578 2.0753677 1.7257464 0.07971257 -1.4990722
0 5 0.06168851 43.899647 0.23729396 51.055576 4.6537075 1.6964024 1.9564267 5.887303 -0.005820739 4.161587
0 5 0.061094392 43.187782 0.062900126 51.590836 4.6470203 1.6734784 1.9640125 5.856012 -0.01475275 2.4267228
0 5 0.059757043 -7.609974 2.572825 87.33892 4.769092 1.4714993 1.9556673 2.1073873 -0.016693471 -5.858452
0 5 0.05800377 -20.7701 1.8113072 69.15987 4.4746513 1.646665 1.9009932 4.4781775 -0.0067893574 10.065994
0 5 0.05790188 -8.122765 2.543248 86.435524 4.7813687 1.4754792 1.9761013 2.2132342 0.0069553833 -5.3393707
0 5 0.056452353 30.265446 1.5589145 49.439743 4.345023 1.5188258 1.8491257 3.5502012 -0.012840826 -0.002685899
0 5 0.056427285 0.18467687 2.270426 114.500275 4.8817434 1.7447358 2.0544746 1.7606986 -0.033589736 -1.0728887
0 5 0.056212556 40.70328 0.3264091 48.274834 4.292956 1.6447064 1.8482733 5.7186203 0.08609108 5.102272
0 5 0.0557555 44.822647 0.3148201 52.972218 4.595959 1.6948558 1.9721065 5.887203 -0.007100516 2.7590384
0 5 0.055367418 45.152092 0.29054165 54.20896 4.5517793 1.7013079 1.9557905 5.922557 -0.004472282 2.9549022
0 5 0.05440496 43.926075 0.2512598 50.861973 4.261671 1.6681031 1.8468951 5.824535 0.021491488 4.562078
0 5 0.054166798 44.386868 0.008977115 51.745255 4.7416987 1.7130591 1.9741578 5.8660264 0.010504082 4.46093
0 5 0.05391657 42.42852 0.28440773 49.686375 4.3068438 1.6535547 1.8607287 5.787095 0.06908691 4.788223
0 5 0.052601375 30.491302 1.5699439 49.01475 4.4331512 1.6066555 1.897953 6.5616345 -0.025769476 0.36461273
0 5 0.052396715 -3.5347617 2.44913 95.58361 4.920003 1.6500957 2.004713 1.6947995 -0.015365512 -3.858322
0 5 0.05237972 -19.064388 2.1737142 76.072624 4.514442 1.6979704 1.9404147 4.4029827 0.010547463 7.2661734
1 5 0.050560817 -1.9573232 2.0520277 105.334564 5.2037354 1.8850263 2.0885267 1.631051 -0.042710304 -2.3321254
3 5 0.09025353 23.996122 1.1487342 138.57118 12.321678 2.902142 3.0397346 4.7940154 -0.025864512 3.543258
3 5 0.082821384 23.635183 1.1714472 135.57816 12.492602 2.9793873 3.0043523 4.8151464 0.0009515509 3.2796657
3 5 0.061950527 22.547394 1.0102353 141.52583 11.986107 2.7806113 3.0227776 4.780162 -0.028778236 4.1922274
7 3 0.43457332 -7.383858 2.0895114 17.741909 0.7193036 1.7115906 0.688304 6.032423 0.36021623 -0.040453203
7 3 0.2973015 -7.4208727 2.1072104 17.790306 0.6875009 1.7074378 0.62728924 6.116586 0.26284185 -0.019797605
7 3 0.26670977 -7.307274 2.0959482 17.512981 0.70890576 1.7149489 0.6637666 6.056936 0.2662677 -0.03750059
7 3 0.23161024 -7.4602485 2.1316364 17.831718 0.70964646 1.7072874 0.64512485 6.1534114 0.3148717 -0.0056755748
7 3 0.13273144 -7.3231506 2.0668867 17.58907 0.70247966 1.7062603 0.63392556 6.0342765 0.3324117 0.017850839
7 3 0.12821473 -7.443849 2.091556 17.920153 0.68002385 1.7049403 0.6880711 6.04473 0.26748154 -0.007186344
7 3 0.095287606 -7.7277017 2.1751335 18.67953 0.77545196 1.6660115 0.6800985 6.1181326 0.18704073 -0.048626967
7 3 0.08094978 -7.7142787 2.046901 18.527784 0.78641784 1.638438 0.66372925 6.016205 0.13226853 -0.059909023
7 3 0.07647753 -7.960678 2.2134743 19.246881 0.7526494 1.6557523 0.6660941 6.1759706 0.15779419 -0.037189648
7 3 0.06701869 -7.889003 2.1057322 18.965227 0.82974964 1.6651055 0.6668033 6.056315 0.18204714 -0.03241688
7 3 0.063832514 -7.2429094 2.0234456 17.384478 0.6456666 1.7834944 0.627609 5.9315066 0.15780768 -0.008824463
7 3 0.059639003 -7.651835 2.2131548 18.071299 0.6081056 1.7584186 0.5912444 5.7600136 0.20391093 0.25740522
7 3 0.054781154 -7.2137713 2.1099694 17.257425 0.71727365 1.7076584 0.6456705 5.9633627 0.2221087 0.028383132
7 3 0.05333416 -7.5005226 2.0772114 17.997784 0.7327241 1.7231604 0.6589798 5.940968 0.31465852 -0.05445396
7 3 0.05101463 -7.75208 2.157174 18.610405 0.7933262 1.6689855 0.696583 5.990388 0.13924421 -0.03278807
8 8 0.07005927 22.226812 1.7906193 29.21325 0.3969455 0.6403846 0.41989273 5.9028215 -0.0655609 -0.03414011
8 8 0.063249364 22.100489 1.7794427 28.989511 0.40159428 0.6385011 0.45264596 5.8054557 -0.03374382 -0.031722046
8 8 0.061805066 21.908747 1.7135693 28.76863 0.41384113 0.63486195 0.4164499 5.696799 -0.02626136 -0.015610973
8 8 0.061667856 22.181074 1.74126 29.19051 0.40612668 0.63897514 0.39152196 5.7789335 -0.069310546 -0.022722336
