0 5 0.3948764 26.983004 1.6188798 44.33516 4.5158086 1.5608765 1.9093078 3.5429482 -0.003056759 0.0046552327
0 5 0.21481672 26.499985 1.5846145 43.58691 4.4856367 1.5362827 1.9040586 3.5372598 0.013690123 0.005436627
0 5 0.17063707 -7.995673 2.5780735 84.67827 4.7320213 1.4720082 1.9343371 2.173747 -0.040198565 -5.3080745
0 5 0.1669769 26.840296 1.607604 44.025795 4.533429 1.5346698 1.9011115 3.5595453 0.004168896 -0.009776133
0 5 0.15179054 27.775002 1.5719421 45.566006 4.5432014 1.5573618 1.9232892 3.5369816 0.035005204 -0.0014453623
0 5 0.12627245 26.340967 1.5760715 43.381653 4.503372 1.543638 1.9089977 3.4886134 -0.050195 -0.2998401
0 5 0.11873091 -4.5699253 2.5487273 93.69428 4.7385206 1.5489248 1.9717009 1.8429532 -0.04575906 -5.5211806
0 5 0.1159019 26.565418 1.5762119 43.793304 4.490747 1.5198808 1.9004593 3.5214474 0.040364183 0.0032211933
0 5 0.103096046 29.916729 1.73332 48.927536 4.305588 1.5405083 1.8451924 3.5128262 -0.036325805 0.025447402
0 5 0.10192499 27.499664 1.6129844 45.04417 4.545466 1.5263823 1.9093236 3.5625753 0.022881744 0.014454484
0 5 0.09798617 41.35133 0.3271247 48.725666 4.2555785 1.6635599 1.8521434 5.7785506 0.09460557 5.133443
0 5 0.08984974 29.706278 1.764776 48.479206 4.272105 1.5518917 1.836716 3.5496726 -0.08729026 0.016181007
0 5 0.08387976 42.29757 0.2957964 49.524757 4.269396 1.6655929 1.8503461 5.803168 0.065706916 5.0248656
0 5 0.08325604 0.6934304 2.322302 114.93674 5.011384 1.854785 2.0826342 1.7774016 0.06365222 -1.8818702
0 5 0.080604754 -8.058018 2.5541186 85.43622 4.772689 1.4833393 1.9595778 2.1417267 -0.009534341 -5.006899
0 5 0.079344615 28.76772 1.6802092 47.72995 4.3982244 1.5474968 1.8820701 3.5078485 -0.053707197 -0.018032901
0 5 0.07784276 41.205933 0.3344027 48.859375 4.261636 1.6573482 1.8513908 5.7480755 0.11050945 4.661116
0 5 0.076499 -3.1581292 2.3456144 96.654076 4.9801326 1.7060595 2.0269558 1.6483434 -0.058600925 -2.8160274
0 5 0.07516254 -4.5777164 2.5480413 92.23505 4.685274 1.533658 1.9627634 1.8469108 -0.08723181 -5.692762
0 5 0.07405109 -0.191544 2.160732 114.3112 5.25801 1.9694415 2.1432686 1.6720476 0.010140438 -2.1231914
0 5 0.073832884 -4.4383903 2.5303798 93.044754 4.7799816 1.5719032 1.9751374 1.788275 -0.07906229 -4.2912216
0 5 0.07368274 28.405708 1.730672 46.96619 4.36729 1.5700483 1.8772602 3.566655 -0.022964476 0.0012106933
0 5 0.07045005 -21.187262 1.8784468 69.317215 4.5630116 1.6836466 1.9335042 4.447518 -0.039411657 10.100252
0 5 0.07042421 -2.1930737 2.0416555 104.82269 5.4438143 1.9713063 2.1315317 1.5955058 -0.039165165 -2.331606
0 5 0.06990534 43.688168 0.29711884 51.947556 4.6048775 1.6784476 1.959399 5.864308 -0.014984877 2.4394076
0 5 0.06664907 1.3447586 2.4341006 113.43233 4.849164 1.7742581 2.0586867 1.7664949 0.077581696 -1.5818809
0 5 0.06476525 -8.091892 2.5883913 84.908775 4.696583 1.4935544 1.9307039 2.110556 -0.037916593 -4.753391
0 5 0.063423626 -7.5870676 2.5591075 86.7996 4.776521 1.4726254 1.9545448 2.0862222 -0.015145712 -5.8933887
0 5 0.062417384 -20.949999 1.8854578 69.34644 4.5109763 1.6687039 1.9188892 4.487645 0.0037940703 10.935246
0 5 0.060422093 -8.046881 2.526855 85.814545 4.7860312 1.475896 1.9761614 2.1958416 0.008151684 -5.3978186
0 5 0.058345824 40.83539 0.3297763 48.469555 4.28983 1.6420662 1.8472812 5.720774 0.09185306 5.0840855
0 5 0.058108598 44.103336 0.25184417 51.330048 4.646022 1.6851268 1.9548869 5.902766 -0.009530653 4.075665
0 5 0.056541946 44.75179 0.34165388 52.980515 4.603532 1.6913681 1.9753816 5.9031725 -0.006880381 2.7574391
0 5 0.056518104 45.048084 0.3187942 54.103523 4.5610557 1.7009909 1.95987 5.9357347 -0.0077646747 3.0919304
0 5 0.056133296 30.419384 1.5586357 48.91994 4.4352374 1.6127762 1.8958371 3.4312415 -0.022230193 0.30044064
0 5 0.05612771 30.41564 1.5709025 49.624477 4.3513374 1.5279574 1.851572 3.5634236 -0.0075393394 0.00074764714
0 5 0.05559744 2.3299458 2.451483 113.55284 4.8254642 1.6913306 2.0512342 1.5724106 0.051351048 -0.3731565
0 5 0.054391306 43.948734 0.24745136 50.876415 4.261126 1.6671675 1.845228 5.8285947 0.021332813 4.7470226
0 5 0.053905074 -3.4578447 2.4318345 95.7267 4.946695 1.6670524 2.0079174 1.6832983 -0.015623854 -3.8184583
0 5 0.05360509 -19.40318 2.2116468 76.9329 4.534381 1.7109185 1.9500774 4.427224 0.013266452 7.2597885
0 5 0.05286265 42.624367 0.28054035 49.91511 4.3099356 1.6519153 1.8594581 5.7909074 0.07230204 4.947901
0 5 0.050899595 44.732925 0.030663788 52.180668 4.7312565 1.6993188 1.9721615 5.882993 0.006910259 4.2969713
1 5 0.053128805 -2.1930737 2.0416555 104.82269 5.4438143 1.9713063 2.1315317 1.5955058 -0.039165165 -2.331606
3 5 0.10166742 24.001423 1.1906903 136.04703 12.509689 3.0240855 3.0076692 4.8160243 0.0067087486 3.163406
3 5 0.09757571 24.422218 1.1556679 139.39055 12.29687 2.947193 3.0413802 4.8088827 -0.023839291 3.448093
3 5 0.06288341 23.2201 0.99513364 143.9661 11.948211 2.8260584 3.0292923 4.809361 -0.029909797 4.391311
7 3 0.43976963 -7.3336177 2.082824 17.63605 0.7212555 1.7170273 0.6841265 6.025815 0.371266 -0.041149102
7 3 0.2655727 -7.270409 2.0894413 17.439362 0.7088614 1.7181184 0.66465956 6.0574875 0.2767594 -0.04102253
7 3 0.22700582 -7.4112134 2.1225739 17.724806 0.71380633 1.7103444 0.64834625 6.1364994 0.33388478 0.01142003
7 3 0.13863267 -7.3954716 2.0860348 17.82958 0.6802265 1.7071569 0.6879389 6.035083 0.27604645 -0.009821672
7 3 0.091242485 -7.762068 2.18259 18.766983 0.7786143 1.6646376 0.67280585 6.1006403 0.1981676 -0.05416139
7 3 0.08506274 -7.7316656 2.0515106 18.588242 0.7890267 1.640391 0.6656694 6.018719 0.13355687 -0.039224185
7 3 0.07477344 -7.30862 2.0410604 17.537079 0.63907546 1.7683688 0.6179556 5.8914294 0.22653037 -0.045191117
7 3 0.07413969 -7.9619856 2.215334 19.25488 0.76312363 1.6587813 0.6650696 6.1527104 0.16213535 -0.040769592
7 3 0.07096329 -7.8727403 2.102615 18.93229 0.8394965 1.6663355 0.66855043 6.0459595 0.19631806 0.004639618
7 3 0.066563375 -7.1723747 2.0223212 17.240536 0.64901525 1.7863613 0.63086784 5.909226 0.1737979 -0.0007562004
7 3 0.06290173 -7.598219 2.2084706 17.960768 0.6098764 1.7582372 0.5929213 5.708776 0.21933609 0.2804499
7 3 0.06029577 -7.1877856 2.1067822 17.284327 0.738507 1.7100312 0.6307691 5.9624186 0.23922454 0.004433587
7 3 0.05480958 -7.152107 2.1030567 17.129452 0.72079283 1.7102809 0.651067 5.9481897 0.23597635 0.03217408
7 3 0.054252747 -7.4554076 2.070241 17.89847 0.73951226 1.7297146 0.6611313 5.92452 0.33258218 -0.05698779
8 8 0.072095 22.397692 1.8079687 29.46775 0.3781453 0.66127425 0.40600875 5.8799953 -0.068864025 -0.031865183
8 8 0.0635727 22.235003 1.8019679 29.184246 0.3855895 0.6593634 0.43528238 5.7951303 -0.04195092 -0.038305454
8 8 0.062133834 22.405363 1.7461805 29.512173 0.38588604 0.6536871 0.37969494 5.7202725 -0.07019495 -0.019569986
8 8 0.061647438 22.279593 1.735223 29.264027 0.39826465 0.6491169 0.4016355 5.654907 -0.040421665 -0.020547444
