0 5 0.31760776 1.3149744 2.0699186 28.748514 4.2340508 1.699261 1.8414346 4.682052 -0.062130995 4.7088113
0 5 0.30032668 1.3804684 2.224471 30.801508 4.3496437 1.6813865 1.8660572 4.7000065 -0.016732343 7.216943
0 5 0.28975052 -22.143696 2.741609 66.57308 4.545774 1.56961 1.8842082 1.4648592 -0.054784954 -5.583531
0 5 0.24389412 -15.2672825 2.5214863 66.66374 4.6931424 1.5176734 1.9460149 1.4720032 -0.0027806992 -8.173669
0 5 0.23381408 -15.382277 2.5764232 67.209984 4.6581583 1.5271447 1.9440104 1.4705267 -0.026033595 -9.98006
0 5 0.17089947 -22.331726 2.8377113 66.963066 4.5512047 1.5897299 1.863426 1.4746876 -0.08111087 -6.326541
0 5 0.12079782 1.4019723 2.2607625 31.493418 4.3399982 1.6409667 1.8609177 4.677088 -0.03494725 5.96493
0 5 0.119232565 1.3630542 2.1112685 29.840546 4.259584 1.6674408 1.8348986 4.6633015 -0.05211126 4.9663467
0 5 0.10761177 -15.475738 2.587947 68.135544 4.6834044 1.5196234 1.923993 1.4754276 -0.09466901 -11.510483
0 5 0.10146754 1.3598392 2.1173868 29.336153 4.1930847 1.6876435 1.8278686 4.6655188 -0.03829554 5.1360593
0 5 0.077811204 -22.60531 2.6754742 67.880165 4.6118174 1.580429 1.8732647 1.4642015 -0.010583565 -4.4613485
0 5 0.06045456 -15.501715 2.5953698 67.71125 4.7016234 1.5345976 1.9360172 1.476619 -0.051647894 -10.500361
0 5 0.050137475 1.4264209 2.1794221 30.39562 4.2305856 1.6840295 1.8182036 4.6574273 -0.0859916 5.022771
1 5 0.055226747 -15.382277 2.5764232 67.209984 4.6581583 1.5271447 1.9440104 1.4705267 -0.026033595 -9.98006
6 0 0.16564134 -9.942591 2.0571373 71.51805 1.9290255 1.7399315 0.7144848 1.5059153 0.08443948 -4.5731225
6 0 0.15450045 -10.0697365 2.13061 72.75558 1.8186016 1.7427554 0.66925335 1.4919803 -0.020736126 -5.6752357
6 0 0.09084336 -10.011519 2.0615256 72.42405 1.9129452 1.6878735 0.69519234 1.4607131 0.050464757 -5.600474
6 0 0.078834236 -10.117879 2.133397 73.14357 1.8203923 1.7135322 0.69339275 1.5029705 -0.071588725 -7.496721
6 0 0.0750384 -10.160805 2.1350682 73.64248 1.7886041 1.745088 0.64643836 1.3873789 0.013462674 -5.8733654
6 0 0.07140376 -10.081397 2.052908 72.51632 1.9107661 1.7071226 0.70127636 1.5362749 0.11304193 -4.9477406
6 0 0.06414034 -9.914481 1.9245846 70.80001 1.7988133 1.7913965 0.6824129 1.4289694 -0.04906041 -6.4942
8 8 0.10255094 5.1662765 2.0408325 28.295778 0.43597373 1.0295017 0.44651282 1.3901824 -0.07939595 0.047376946
8 8 0.079826914 5.2479157 2.070003 28.789454 0.46299133 1.0356647 0.4819717 1.401642 -0.020840459 -0.3774783
8 8 0.060851496 5.4182997 2.1365209 29.683939 0.44996503 1.0718969 0.47148275 1.3180687 -0.08177972 -0.006552605
8 8 0.060141347 5.213405 2.0674984 28.534845 0.4457754 1.0278006 0.41733843 1.3415836 -0.049016595 0.061243534
8 8 0.059770014 5.11348 2.0007262 27.98149 0.42727405 1.0166938 0.44853857 1.4027344 -0.049060665 0.06743162
8 8 0.056132525 5.5588326 2.2243776 30.312525 0.4837189 1.1767812 0.50479263 1.2934382 -0.04593113 -0.03697136
